Big_Beef/DataInputs30m/o_10_ChemistryPools/1990_Mar2025/DOC_Pool_3.asc
ncols 345
nrows 426
xllcorner 508536.40413180296
yllcorner 5265678.99790656
cellsize 30
nodata_value -9999
[rows 56 to 83 of 426, columns 186 to 247 of 345]
1.899279 1.880525 2.038624 1.899279 1.899279 1.875923 1.769186 1.861565 56.442533 1.977074 2.076500 1.964674 1.851069 1.851069 1.977074 111.931294 2.041512 2.053199 95.425970 86.105223 72.356631 81.060691 74.765643 2.076500 39.594709 1.875923 2.942971 2.076500 2.076500 2.334043 2.475299 26.075499 1.851069 1.977074 1.851069 1.976026 1.867332 1.940430 1.943953 2.072485 1.977074 86.105223 86.105223 46.547254 1.977074 1.991015 1.977074 1.977074 111.931294 86.105223 81.060691 74.765643 2.041512 0.134000 0.134000 0.134000 0.134000 1.813478 0.134000 2.221168 1.907507 1.899279
1.842041 1.880525 2.038624 1.899279 1.851069 1.851069 2.261458 1.912275 1.977074 2.076500 1.964674 1.964674 1.769186 1.977074 86.105223 1.977074 88.956188 75.036515 95.425970 95.425970 57.253726 65.249702 1.851069 52.810756 2.875130 2.861514 2.789681 2.076500 2.475299 2.875130 30.763834 95.425970 1.851069 1.851069 1.851069 1.977074 1.940430 1.851069 1.943953 1.991015 2.261458 50.538104 46.547254 84.553010 95.425970 1.977074 86.105223 111.931294 48.607543 86.105223 95.425970 74.765643 1.769186 1.813478 0.134000 0.134000 0.134000 2.221168 0.134000 2.221168 2.261458 1.899279
1.842041 2.038624 2.038624 1.851069 1.851069 1.769186 1.964674 75.036515 2.076500 2.041512 1.964674 2.121526 2.121526 73.785279 81.060691 53.383018 81.060691 56.442533 1.851069 95.425970 2.073191 1.943953 63.214516 2.076500 1.851069 2.076500 2.076500 2.789681 2.261458 42.649774 1.977074 1.851069 1.851069 1.940430 1.977074 2.424495 1.940430 2.475299 1.991015 28.076094 44.592065 125.197701 111.931294 46.547254 81.060691 95.425970 86.105223 125.197701 86.105223 66.910041 111.931294 95.425970 0.134000 0.134000 2.221168 1.813478 1.999682 1.851069 0.134000 0.134000 1.875923 0.134000
2.038624 2.038624 75.874723 1.851069 1.851069 72.356631 71.881106 1.769186 1.977074 1.851069 2.041512 1.977074 2.261458 77.947980 111.931294 111.931294 2.076500 2.334043 1.851069 95.425970 1.943953 1.943953 1.917236 1.851069 1.851069 2.076500 2.076500 1.940430 52.810756 81.243958 1.875923 2.076500 1.851069 2.076500 1.851069 1.977074 2.162971 1.851069 1.991015 1.991015 52.810756 86.105223 52.810756 86.105223 52.458094 69.440859 111.931294 71.881106 1.890938 2.073191 52.810756 71.881106 1.769186 80.774889 2.606770 0.134000 0.134000 1.999682 0.134000 0.134000 2.221168 0.134000
1.875923 1.851069 81.060691 69.440859 95.425970 111.931294 56.442533 1.851069 1.851069 1.851069 1.769186 2.076500 2.076500 95.425970 2.076500 2.076500 1.917236 1.917236 2.073191 2.073191 0.134000 1.943953 1.943953 2.076500 0.134000 1.917236 1.917236 0.134000 0.134000 0.134000 1.875923 2.076500 1.875923 1.977074 2.076500 2.076500 1.851069 1.851069 2.875130 1.875923 1.875923 1.977074 52.810756 95.425970 66.910041 68.818696 81.060691 69.440859 1.851069 2.073191 2.073191 57.253726 1.917236 0.134000 0.134000 0.134000 0.134000 0.134000 0.134000 0.134000 2.221168 1.899279
1.977074 81.060691 111.931294 81.060691 81.060691 81.060691 75.036515 1.851069 1.861565 2.076500 74.765643 52.810756 2.942971 95.425970 1.851069 1.867332 1.867332 2.385849 0.134000 0.134000 0.134000 0.134000 0.134000 0.134000 0.134000 0.134000 0.134000 0.134000 0.134000 0.134000 0.134000 0.134000 1.769186 1.977074 1.851069 2.334043 86.105223 81.060691 2.385849 2.076500 1.991015 86.105223 52.810756 48.607543 81.060691 95.425970 0.134000 95.425970 1.875923 2.038624 1.899279 1.880525 0.134000 0.134000 0.134000 0.134000 0.134000 2.221168 0.134000 1.907507 1.813478 0.134000
1.940430 53.383018 81.060691 81.060691 81.060691 86.105223 1.851069 1.964674 1.977074 86.105223 1.851069 1.851069 52.810756 81.060691 2.076500 1.890938 1.875923 0.134000 0.134000 0.134000 0.134000 0.134000 0.134000 0.134000 0.134000 0.134000 0.134000 0.134000 0.134000 0.134000 0.134000 1.851069 1.912275 1.769186 1.977074 86.105223 86.105223 86.105223 1.851069 1.991015 1.851069 42.649774 50.538104 81.060691 95.425970 69.440859 1.875923 1.851069 1.875923 2.038624 1.899279 1.769186 0.134000 0.134000 0.134000 0.134000 0.134000 0.134000 0.134000 0.134000 0.134000 0.134000
1.875923 75.036515 42.511418 81.060691 86.105223 95.425970 1.977074 2.424495 48.607543 68.818696 1.977074 111.931294 74.765643 81.060691 2.076500 1.851069 1.851069 2.076500 0.134000 0.134000 0.134000 0.134000 0.134000 0.134000 0.134000 0.134000 0.134000 0.134000 0.134000 0.134000 0.134000 0.134000 0.134000 0.134000 0.134000 0.134000 0.134000 0.134000 1.851069 1.851069 1.977074 86.105223 86.105223 81.060691 111.931294 0.134000 82.233636 2.038624 2.038624 1.899279 2.875130 0.134000 0.134000 0.134000 0.134000 0.134000 20.777153 0.134000 0.134000 1.907507 2.073191 1.851069
1.890938 95.425970 75.036515 81.060691 46.129423 95.425970 86.105223 46.129423 81.060691 1.977074 1.851069 74.765643 52.810756 81.060691 2.076500 1.917236 2.076500 2.076500 0.134000 0.134000 0.134000 0.134000 0.134000 0.134000 0.134000 0.134000 0.134000 0.134000 0.134000 0.134000 0.134000 0.134000 0.134000 0.134000 0.134000 0.134000 0.134000 0.134000 81.060691 74.765643 0.134000 56.442533 56.442533 56.442533 32.821143 72.356631 82.233636 2.038624 2.038624 1.899279 1.899279 1.899279 0.134000 0.134000 0.134000 39.085990 11.121316 72.356631 0.134000 1.851069 95.425970 95.952313
1.890938 2.076500 52.810756 0.134000 2.076500 81.060691 53.383018 46.129423 81.060691 1.851069 1.851069 2.076500 1.851069 1.851069 1.875923 2.076500 2.076500 2.076500 0.134000 0.134000 0.134000 0.134000 0.134000 0.134000 0.134000 0.134000 0.134000 0.134000 0.134000 0.134000 0.134000 0.134000 0.134000 0.134000 0.134000 0.134000 0.134000 72.356631 111.931294 0.134000 75.874723 86.105223 86.105223 95.425970 52.810756 72.356631 1.907507 1.859596 1.880525 1.899279 1.899279 1.880525 0.134000 39.085990 39.085990 20.361748 20.361748 95.425970 81.060691 0.134000 1.769186 1.907507
0.134000 0.134000 0.134000 0.134000 2.076500 1.851069 81.060691 81.060691 95.425970 1.851069 1.867332 2.076500 1.985966 1.851069 1.875923 2.076500 2.076500 1.875923 1.875923 0.134000 0.134000 0.134000 0.134000 0.134000 0.134000 0.134000 0.134000 0.134000 0.134000 0.134000 0.134000 0.134000 2.076500 2.073191 1.851069 0.134000 0.134000 0.134000 0.134000 75.874723 95.425970 81.060691 68.818696 66.218158 71.881106 170.237822 1.907507 1.851069 1.880525 1.899279 1.899279 2.073191 0.134000 39.085990 95.952313 81.060691 74.765643 95.425970 95.425970 0.134000 1.907507 1.786009
0.134000 0.134000 0.134000 0.134000 2.261458 2.942971 56.442533 2.076500 1.875923 2.385849 1.875923 2.076500 1.867332 2.076500 1.917236 2.385849 1.917236 1.917236 0.134000 0.134000 0.134000 0.134000 0.134000 0.134000 0.134000 0.134000 0.134000 0.134000 0.134000 0.134000 0.134000 0.134000 1.875923 2.861514 2.875130 1.917236 2.073191 0.134000 0.134000 170.237822 95.425970 81.060691 81.060691 66.910041 72.356631 21.628834 57.253726 81.060691 81.060691 1.899279 1.899279 2.073191 2.073191 71.881106 95.425970 95.425970 95.425970 95.425970 0.134000 0.134000 77.443554 82.233636
0.134000 0.134000 0.134000 0.134000 0.134000 0.134000 2.076500 1.851069 1.875923 1.867332 1.964674 0.134000 2.942971 2.875130 1.917236 1.875923 2.875130 2.073191 0.134000 0.134000 0.134000 0.134000 0.134000 0.134000 0.134000 0.134000 0.134000 0.134000 0.134000 0.134000 0.134000 0.134000 0.134000 2.076500 2.076500 1.917236 2.073191 2.076500 1.851069 81.060691 95.425970 95.425970 86.105223 55.554473 11.121316 19.018349 20.361748 81.060691 111.931294 95.425970 95.425970 81.060691 81.060691 86.105223 52.458094 84.553010 74.765643 0.134000 0.134000 0.134000 95.952313 75.759485
0.134000 0.134000 0.134000 0.134000 2.076500 2.076500 75.036515 1.875923 1.964674 1.867332 1.867332 0.134000 2.942971 1.971175 1.917236 1.875923 2.376435 2.385849 0.134000 0.134000 0.134000 0.134000 0.134000 0.134000 0.134000 0.134000 0.134000 0.134000 0.134000 0.134000 0.134000 0.134000 1.851069 2.076500 2.875130 2.861514 1.917236 2.076500 2.076500 95.425970 111.931294 86.105223 95.425970 0.134000 0.134000 11.121316 95.952313 95.425970 95.425970 81.060691 0.134000 52.458094 76.750899 76.750899 52.458094 19.018349 95.952313 0.134000 53.734608 2.073191 1.851069 1.976026
0.134000 0.134000 2.942971 0.134000 2.942971 1.861565 1.917236 2.385849 1.917236 1.964674 2.385849 0.134000 2.942971 1.985966 1.964674 1.964674 1.964674 2.385849 0.134000 0.134000 0.134000 0.134000 0.134000 0.134000 0.134000 0.134000 0.134000 0.134000 0.134000 0.134000 0.134000 0.134000 1.851069 2.376435 1.851069 2.076500 52.810756 2.162971 1.851069 81.060691 111.931294 81.060691 52.810756 0.134000 0.134000 11.121316 20.777153 0.134000 95.425970 75.874723 0.134000 0.134000 75.874723 52.810756 0.134000 0.134000 0.134000 95.952313 86.404233 1.991015 1.991015 1.977074
0.134000 0.134000 2.076500 2.942971 0.134000 2.942971 1.887841 2.038624 2.789681 1.964674 1.787044 0.134000 0.134000 2.942971 1.964674 1.964674 2.789681 2.789681 0.134000 0.134000 0.134000 0.134000 0.134000 0.134000 0.134000 0.134000 0.134000 0.134000 0.134000 0.134000 0.134000 0.134000 1.851069 2.376435 65.249702 95.425970 111.931294 81.060691 95.425970 81.060691 86.105223 81.060691 71.881106 26.075499 0.134000 0.134000 98.546981 0.134000 75.874723 75.874723 0.134000 0.134000 0.134000 0.134000 0.134000 57.253726 0.134000 69.440859 114.073429 1.839303 1.859596 1.991015
0.134000 0.134000 0.134000 0.134000 0.134000 0.134000 0.134000 2.038624 2.789681 2.789681 2.789681 0.134000 0.134000 1.875923 2.385849 2.385849 1.899279 0.134000 0.134000 0.134000 0.134000 0.134000 0.134000 0.134000 0.134000 0.134000 0.134000 0.134000 0.134000 0.134000 0.134000 0.134000 0.134000 2.076500 0.134000 95.425970 95.425970 128.623702 95.425970 81.060691 111.931294 25.913704 22.333160 52.810756 0.134000 0.134000 0.134000 0.134000 170.237822 95.425970 71.881106 0.134000 0.134000 0.134000 2.073191 86.404233 79.610851 79.610851 86.404233 1.839303 1.943953 1.943953
0.134000 0.134000 0.134000 0.134000 0.134000 0.134000 0.134000 2.073191 0.134000 2.261458 1.907507 0.134000 2.942971 1.813478 1.875923 2.073191 2.789681 0.134000 0.134000 0.134000 0.134000 0.134000 0.134000 0.134000 0.134000 0.134000 0.134000 0.134000 0.134000 0.134000 0.134000 2.076500 2.073191 0.134000 1.813478 1.907507 95.425970 95.425970 69.440859 95.425970 64.777703 81.060691 25.913704 0.134000 0.134000 94.189368 0.134000 0.134000 0.134000 0.134000 170.237822 0.134000 0.134000 1.907507 1.836330 1.859596 95.952313 86.404233 86.404233 1.991015 1.859596 75.759485
0.134000 0.134000 0.134000 0.134000 0.134000 0.134000 0.134000 0.134000 0.134000 0.134000 0.134000 0.134000 0.134000 0.134000 0.134000 0.134000 2.789681 0.134000 0.134000 1.875923 1.875923 1.875923 2.073191 1.899279 0.134000 0.134000 0.134000 0.134000 0.134000 0.134000 0.134000 0.134000 0.134000 0.134000 0.134000 0.134000 81.060691 0.134000 81.060691 95.425970 0.134000 0.134000 0.134000 0.134000 95.952313 0.134000 0.134000 94.189368 11.121316 0.134000 0.134000 2.073191 1.859596 1.859596 1.859596 86.239266 79.610851 86.404233 86.404233 68.818696 56.442533 86.404233
0.134000 0.134000 0.134000 0.134000 0.134000 0.134000 0.134000 0.134000 1.787044 2.093086 2.261458 2.261458 2.606770 2.261458 0.134000 0.134000 0.134000 0.134000 1.899279 1.899279 2.789681 1.964674 1.875923 0.134000 1.769186 0.134000 2.221168 0.134000 0.134000 0.134000 0.134000 2.221168 2.261458 0.134000 2.942971 2.076500 0.134000 1.851069 0.134000 0.134000 40.505279 81.243958 0.134000 95.425970 189.439149 95.425970 95.425970 52.810756 0.134000 11.121316 2.221168 1.859596 1.991015 1.859596 1.943953 86.239266 56.442533 68.818696 68.818696 56.442533 88.956188 88.956188
0.134000 0.134000 0.134000 0.134000 0.134000 0.134000 2.261458 2.875130 2.221168 2.093086 1.907507 2.261458 2.261458 2.261458 2.261458 0.134000 2.221168 1.813478 1.971175 2.038624 2.385849 2.376435 1.917236 2.261458 2.076500 2.073191 0.134000 2.041512 0.134000 0.134000 0.134000 0.134000 0.134000 2.942971 2.942971 1.899279 1.999682 94.189368 0.134000 0.134000 20.777153 0.134000 0.134000 95.425970 0.134000 71.881106 0.134000 75.874723 11.121316 11.121316 11.121316 81.060691 1.991015 1.880525 1.943953 95.952313 84.553010 84.553010 76.750899 52.458094 88.956188 88.956188
0.134000 0.134000 0.134000 0.134000 0.134000 0.134000 2.221168 1.907507 2.261458 2.261458 2.942971 1.887841 2.261458 2.261458 1.786009 2.073191 2.221168 1.787044 2.261458 0.134000 0.134000 1.851069 2.376435 0.134000 2.073191 0.134000 2.221168 2.041512 0.134000 0.134000 0.134000 0.134000 0.134000 1.813478 1.917236 95.425970 20.777153 92.057743 56.442533 39.594709 11.121316 0.134000 81.243958 0.134000 80.774889 81.060691 81.060691 74.765643 0.134000 75.874723 1.851069 1.977074 1.991015 1.851069 86.105223 48.607543 95.425970 81.060691 0.134000 0.134000 0.134000 0.134000
0.134000 0.134000 0.134000 0.134000 0.134000 0.134000 2.606770 2.942971 2.942971 2.942971 2.261458 1.880525 2.789681 2.261458 2.789681 1.899279 2.606770 2.385849 1.899279 0.134000 0.134000 1.769186 0.134000 0.134000 1.999682 0.134000 2.221168 0.134000 0.134000 0.134000 0.134000 0.134000 0.134000 2.221168 0.134000 2.942971 2.221168 0.134000 1.769186 45.022669 21.022583 142.004465 0.134000 95.425970 1.813478 81.060691 0.134000 94.189368 11.121316 1.943953 1.943953 2.385849 2.385849 2.073191 1.851069 46.547254 64.157646 65.392006 0.134000 0.134000 0.134000 80.127692
0.134000 0.134000 0.134000 0.134000 0.134000 0.134000 2.606770 1.907507 2.942971 2.942971 2.073191 2.942971 2.261458 2.073191 2.942971 1.899279 0.134000 1.867332 0.134000 0.134000 0.134000 0.134000 0.134000 74.765643 1.999682 0.134000 2.221168 2.041512 2.221168 2.221168 2.041512 0.134000 2.221168 0.134000 0.134000 0.134000 0.134000 0.134000 74.765643 19.018349 23.104733 0.134000 0.134000 1.875923 1.875923 95.425970 1.985966 46.129423 95.952313 90.951270 84.553010 90.951270 1.836330 1.943953 1.991015 56.442533 0.134000 0.134000 0.134000 48.607543 1.768581 1.899279
0.134000 0.134000 0.134000 0.134000 0.134000 0.134000 2.093086 2.789681 2.038624 2.038624 1.851069 1.899279 2.073191 1.907507 2.261458 1.907507 1.899279 1.999682 0.134000 63.214516 2.334043 71.881106 81.060691 0.134000 0.134000 0.134000 0.134000 2.221168 1.813478 0.134000 0.134000 2.041512 1.813478 0.134000 0.134000 0.134000 0.134000 0.134000 36.575368 20.777153 42.649774 0.134000 1.851069 1.851069 1.851069 1.851069 73.785279 81.060691 2.497811 1.836330 2.162971 1.836330 76.750899 68.818696 86.404233 0.134000 0.134000 0.134000 0.134000 1.976026 1.899279 1.899279
0.134000 0.134000 0.134000 0.134000 2.606770 2.606770 2.093086 2.942971 2.038624 2.038624 1.851069 1.907507 2.942971 2.261458 2.261458 0.134000 2.162971 1.999682 1.875923 2.076500 74.765643 1.917236 1.851069 0.134000 0.134000 0.134000 1.813478 1.813478 0.134000 0.134000 0.134000 1.813478 1.907507 0.134000 0.134000 0.134000 0.134000 0.134000 0.134000 0.134000 84.553010 0.134000 0.134000 1.851069 1.851069 1.851069 1.875923 1.836330 1.836330 1.836330 1.836330 95.952313 86.404233 56.442533 56.442533 52.810756 0.134000 0.134000 74.765643 1.851069 1.976026 1.899279
0.134000 0.134000 0.134000 0.134000 0.134000 0.134000 2.261458 2.038624 2.038624 1.899279 1.880525 1.874701 2.221168 2.261458 0.134000 0.134000 1.875923 2.942971 1.917236 2.076500 0.134000 1.907507 1.899279 0.134000 0.134000 0.134000 0.134000 1.971175 0.134000 0.134000 0.134000 0.134000 0.134000 0.134000 2.221168 0.134000 0.134000 0.134000 0.134000 75.874723 0.134000 0.134000 0.134000 2.261458 1.851069 1.875923 2.789681 2.789681 1.836330 1.836330 2.073191 95.952313 0.134000 0.134000 0.134000 125.197701 0.134000 1.999682 1.976026 1.976026 1.976026 1.678867
0.134000 0.134000 0.134000 0.134000 0.134000 0.134000 2.789681 2.789681 2.261458 2.221168 2.606770 1.730248 2.038624 0.134000 0.134000 0.134000 2.789681 2.942971 1.875923 1.875923 1.943953 1.907507 0.134000 0.134000 48.186217 42.649774 0.134000 1.985966 1.985966 2.073191 0.134000 0.134000 0.134000 0.134000 2.221168 0.134000 0.134000 0.134000 0.134000 95.425970 81.060691 0.134000 0.134000 56.442533 23.473634 0.134000 0.134000 2.162971 1.836330 1.678867 57.253726 79.610851 0.134000 0.134000 0.134000 0.134000 0.134000 74.765643 1.976026 1.991015 1.859596 1.678867
