Big_Beef/DataInputs30m/o_10_ChemistryPools/1990_Mar2025/DOC_Pool_4.asc
ncols 345
nrows 426
xllcorner 508536.40413180296
yllcorner 5265678.99790656
cellsize 30
nodata_value -9999
[rows 168 to 195 of 426, columns 63 to 125 of 345]
0.027182 0.062749 0.090501 0.053748 0.088395 0.089812 0.037249 0.037249 0.035981 0.049106 0.089812 0.047000 0.047000 0.000000 0.037877 0.030534 0.041409 0.030534 0.047498 0.053748 0.048120 0.041409 0.023986 0.098307 0.027101 0.047000 0.000000 0.000000 0.000000 0.004671 0.000000 0.049106 0.037249 0.027101 0.027101 0.023311 0.062749 0.087489 0.087489 0.047000 0.040635 0.000000 0.004671 0.004671 0.098307 0.004671 0.004671 0.047498 0.043121 0.087489 0.087489 0.004671 0.047000 0.088931 0.054194 0.047000 0.067082 0.073945 0.073945 0.035730 0.000000 0.000000 0.041409
0.062749 0.030534 0.048120 0.087489 0.087489 0.035981 0.043121 0.035981 0.040635 0.054194 0.048031 0.070389 0.054194 0.041409 0.053748 0.053748 0.041409 0.030534 0.053748 0.053748 0.048120 0.087489 0.023986 0.076736 0.076736 0.069770 0.000000 0.076736 0.069770 0.004671 0.000000 0.000000 0.089738 0.098307 0.076736 0.089738 0.031762 0.047000 0.047000 0.054194 0.054194 0.041409 0.004671 0.062749 0.004671 0.023311 0.087489 0.041409 0.041409 0.047000 0.087489 0.004671 0.047000 0.047000 0.068860 0.073945 0.067082 0.047000 0.088931 0.000000 0.000000 0.041409 0.047000
0.048120 0.030534 0.030534 0.030534 0.087489 0.043121 0.041409 0.070612 0.040635 0.073325 0.054194 0.054194 0.090501 0.041731 0.053748 0.053748 0.030534 0.053748 0.048120 0.048120 0.053748 0.087489 0.087489 0.078388 0.078388 0.078388 0.076736 0.076736 0.004671 0.004671 0.000000 0.000000 0.000000 0.000000 0.000000 0.031762 0.087489 0.041409 0.040635 0.054194 0.054194 0.041409 0.004671 0.004671 0.037249 0.037249 0.023311 0.021010 0.041409 0.047000 0.043121 0.004671 0.037249 0.047000 0.067082 0.067082 0.073945 0.047000 0.087489 0.000000 0.041409 0.041409 0.054194
0.030534 0.030534 0.030534 0.048120 0.087489 0.087489 0.041409 0.040635 0.062749 0.088931 0.088931 0.088931 0.090501 0.062749 0.021415 0.053748 0.048120 0.053748 0.048120 0.053748 0.048120 0.048120 0.041409 0.076736 0.073945 0.078388 0.076736 0.076736 0.000000 0.000000 0.000000 0.076736 0.076736 0.000000 0.000000 0.076736 0.037249 0.040635 0.000000 0.037877 0.037877 0.004671 0.004671 0.004671 0.004671 0.076736 0.023311 0.043121 0.041409 0.004671 0.004671 0.004671 0.088931 0.067082 0.047000 0.067082 0.047000 0.047000 0.000000 0.021010 0.040635 0.043121 0.073945
0.030534 0.030534 0.030534 0.030534 0.030534 0.041409 0.041409 0.041409 0.040635 0.067082 0.032082 0.090501 0.062749 0.053748 0.053748 0.048120 0.048120 0.048120 0.048120 0.053748 0.053748 0.048120 0.078388 0.098307 0.076736 0.078388 0.076736 0.000000 0.000000 0.000000 0.000000 0.076736 0.076736 0.076736 0.004671 0.000000 0.076736 0.037877 0.000000 0.000000 0.037877 0.087489 0.004671 0.004671 0.004671 0.004671 0.004671 0.037877 0.004671 0.087489 0.004671 0.047000 0.090501 0.088931 0.067082 0.047000 0.054194 0.000000 0.047000 0.000000 0.037877 0.047000 0.047000
0.030534 0.030534 0.048120 0.030534 0.048120 0.041409 0.041409 0.040635 0.040635 0.054194 0.054194 0.090501 0.062749 0.087489 0.048120 0.048120 0.048120 0.048120 0.048120 0.087489 0.053748 0.087489 0.015858 0.015858 0.098307 0.076736 0.049119 0.000000 0.000000 0.000000 0.000000 0.000000 0.000000 0.000000 0.076736 0.000000 0.000000 0.000000 0.000000 0.000000 0.041409 0.087489 0.004671 0.004671 0.004671 0.004671 0.076736 0.004671 0.004671 0.004671 0.004671 0.062749 0.090501 0.067082 0.067082 0.067082 0.000000 0.000000 0.000000 0.000000 0.000000 0.037877 0.087489
0.030534 0.030534 0.030534 0.030534 0.041409 0.041409 0.040635 0.040635 0.047000 0.088931 0.054194 0.054194 0.021010 0.048120 0.053748 0.048120 0.048120 0.048120 0.048120 0.048120 0.053748 0.053748 0.087489 0.078388 0.076736 0.076736 0.000000 0.000000 0.000000 0.000000 0.076736 0.089812 0.037927 0.031762 0.076736 0.000000 0.000000 0.000000 0.054194 0.041409 0.047000 0.062749 0.004671 0.004671 0.004671 0.004671 0.000000 0.000000 0.004671 0.000000 0.004671 0.035730 0.090501 0.063160 0.067082 0.037882 0.000000 0.000000 0.000000 0.000000 0.000000 0.000000 0.087489
0.048120 0.030534 0.048120 0.030534 0.041409 0.040635 0.041409 0.041409 0.041409 0.054194 0.054194 0.054194 0.062749 0.030534 0.048120 0.048120 0.048120 0.053748 0.053748 0.053748 0.053748 0.048120 0.062749 0.078388 0.076736 0.000000 0.000000 0.000000 0.000000 0.000000 0.076736 0.004671 0.004671 0.004671 0.076736 0.000000 0.000000 0.000000 0.037877 0.041409 0.087489 0.087489 0.004671 0.004671 0.004671 0.004671 0.000000 0.000000 0.000000 0.004671 0.004671 0.054194 0.067082 0.047000 0.088931 0.000000 0.000000 0.000000 0.000000 0.000000 0.000000 0.000000 0.039658
0.030534 0.030534 0.047498 0.053748 0.041409 0.040635 0.040635 0.047000 0.040635 0.054194 0.054194 0.047000 0.035981 0.023311 0.048120 0.048120 0.048120 0.053748 0.041409 0.047000 0.030534 0.049106 0.078388 0.049119 0.069770 0.000000 0.000000 0.000000 0.000000 0.089738 0.076736 0.076736 0.076736 0.004671 0.004671 0.000000 0.000000 0.000000 0.021010 0.087489 0.062749 0.087489 0.004671 0.078388 0.062749 0.004671 0.037249 0.000000 0.000000 0.004671 0.037249 0.047000 0.087489 0.070389 0.070389 0.000000 0.000000 0.000000 0.000000 0.000000 0.000000 0.000000 0.076736
0.048120 0.053748 0.047498 0.040635 0.040635 0.040635 0.040635 0.041409 0.040635 0.054194 0.054194 0.054194 0.054194 0.023311 0.053748 0.048120 0.048120 0.048120 0.041409 0.030534 0.049106 0.035037 0.039807 0.041409 0.049119 0.000000 0.000000 0.000000 0.000000 0.000000 0.076736 0.031762 0.078388 0.076736 0.000000 0.000000 0.000000 0.037877 0.041409 0.021010 0.070612 0.021010 0.004671 0.004671 0.038247 0.004671 0.047000 0.004671 0.004671 0.037882 0.037249 0.037249 0.035981 0.047000 0.087489 0.000000 0.000000 0.000000 0.000000 0.000000 0.000000 0.076736 0.076736
0.030534 0.053748 0.041409 0.062749 0.040635 0.040635 0.040635 0.040635 0.041409 0.054194 0.041409 0.086408 0.086408 0.086408 0.038247 0.062749 0.087489 0.048120 0.030534 0.039807 0.049106 0.039807 0.041409 0.053748 0.000000 0.000000 0.000000 0.000000 0.000000 0.078388 0.033068 0.053748 0.000000 0.000000 0.000000 0.000000 0.000000 0.037877 0.037249 0.037249 0.037249 0.004671 0.041409 0.053748 0.062749 0.038247 0.047000 0.040635 0.004671 0.004671 0.076736 0.047000 0.035981 0.087489 0.070389 0.000000 0.000000 0.000000 0.035730 0.000000 0.076736 0.076736 0.076736
0.053748 0.053748 0.047000 0.062749 0.040635 0.041409 0.041409 0.040635 0.040635 0.047000 0.048120 0.062749 0.037882 0.037882 0.023311 0.062749 0.048120 0.087489 0.049106 0.059227 0.039807 0.054194 0.057393 0.000000 0.000000 0.000000 0.000000 0.000000 0.037877 0.053748 0.062749 0.037249 0.037249 0.037249 0.040428 0.040635 0.040635 0.040635 0.041409 0.047000 0.041409 0.041409 0.004671 0.053748 0.053748 0.062749 0.004671 0.037249 0.004671 0.004671 0.004671 0.035730 0.041409 0.048120 0.087489 0.000000 0.000000 0.000000 0.053748 0.053748 0.037249 0.076736 0.076736
0.041409 0.041409 0.041409 0.062749 0.062749 0.040635 0.047000 0.040635 0.047000 0.054194 0.037249 0.037249 0.076736 0.037882 0.037249 0.062749 0.053748 0.023311 0.049106 0.039807 0.039807 0.000000 0.000000 0.000000 0.000000 0.000000 0.000000 0.000000 0.000000 0.040635 0.047000 0.053748 0.004671 0.037249 0.047960 0.047960 0.035037 0.035730 0.035730 0.040635 0.040635 0.047000 0.004671 0.054194 0.040635 0.062749 0.004671 0.004671 0.004671 0.004671 0.076736 0.076736 0.047000 0.037877 0.033114 0.030534 0.035730 0.000000 0.048120 0.025246 0.087489 0.032263 0.076736
0.070389 0.040635 0.047000 0.062177 0.051617 0.062749 0.062749 0.062749 0.054194 0.054194 0.037249 0.027101 0.037882 0.037882 0.037249 0.023311 0.035730 0.035730 0.039658 0.038044 0.039807 0.054194 0.000000 0.000000 0.000000 0.000000 0.000000 0.037877 0.000000 0.043121 0.087489 0.004671 0.037249 0.054194 0.004671 0.062749 0.004671 0.037249 0.035730 0.004671 0.027101 0.027101 0.004671 0.004671 0.004671 0.004671 0.004671 0.004671 0.004671 0.004671 0.035730 0.035730 0.041409 0.037249 0.033114 0.087489 0.087489 0.087489 0.041409 0.035730 0.047000 0.025246 0.098307
0.090501 0.054194 0.088931 0.062177 0.062749 0.047000 0.062749 0.073945 0.047000 0.098307 0.098307 0.090501 0.076736 0.039658 0.098307 0.098307 0.098307 0.076736 0.076736 0.039658 0.036888 0.049119 0.000000 0.000000 0.000000 0.000000 0.054194 0.041409 0.043121 0.053748 0.070612 0.053748 0.040635 0.041409 0.041409 0.004671 0.004671 0.004671 0.004671 0.004671 0.004671 0.004671 0.004671 0.000000 0.004671 0.004671 0.004671 0.004671 0.004671 0.076736 0.050396 0.047000 0.027101 0.048120 0.052450 0.087489 0.087489 0.035730 0.035730 0.047000 0.047000 0.041755 0.030534
0.090501 0.088931 0.090501 0.090501 0.090501 0.067082 0.088931 0.053914 0.053914 0.062749 0.098307 0.076736 0.076736 0.076736 0.039658 0.098307 0.076736 0.076736 0.076736 0.000000 0.000000 0.000000 0.000000 0.000000 0.043121 0.035730 0.047000 0.043121 0.043121 0.053748 0.037249 0.037249 0.037249 0.040635 0.041409 0.004671 0.098307 0.076736 0.076736 0.076736 0.076736 0.000000 0.000000 0.000000 0.000000 0.000000 0.004671 0.076736 0.076736 0.031087 0.087489 0.004671 0.004671 0.048120 0.035730 0.035730 0.035730 0.027101 0.047498 0.041409 0.047000 0.050396 0.000000
0.090501 0.090501 0.067082 0.090501 0.090501 0.042629 0.027182 0.054194 0.054194 0.098307 0.090501 0.076736 0.076736 0.076736 0.039658 0.037249 0.076736 0.076736 0.000000 0.000000 0.000000 0.000000 0.038044 0.040635 0.043121 0.047000 0.087489 0.070612 0.043121 0.004671 0.078388 0.037249 0.041409 0.041409 0.087489 0.004671 0.076736 0.076736 0.076736 0.076736 0.076736 0.076736 0.000000 0.000000 0.004671 0.004671 0.004671 0.076736 0.076736 0.076736 0.004671 0.004671 0.004671 0.004671 0.000000 0.030534 0.035730 0.090501 0.027101 0.086408 0.027101 0.000000 0.000000
0.090501 0.067082 0.054194 0.047000 0.062749 0.078388 0.088931 0.054194 0.035981 0.098307 0.073945 0.076736 0.076736 0.076736 0.076736 0.076736 0.098307 0.076736 0.000000 0.000000 0.000000 0.043419 0.043121 0.035037 0.035037 0.043121 0.041409 0.041409 0.062749 0.054194 0.078388 0.033068 0.041409 0.062749 0.087489 0.004671 0.076736 0.076736 0.076736 0.076736 0.076736 0.076736 0.076736 0.004671 0.004671 0.004671 0.078388 0.076736 0.076736 0.076736 0.037249 0.088931 0.086408 0.088931 0.000000 0.000000 0.000000 0.086408 0.088931 0.086408 0.027101 0.000000 0.000000
0.050396 0.090501 0.067082 0.067082 0.035409 0.067082 0.050396 0.050396 0.035981 0.027182 0.041409 0.073945 0.076736 0.076736 0.076736 0.076736 0.000000 0.000000 0.000000 0.000000 0.037249 0.037249 0.021010 0.043121 0.070612 0.043121 0.041409 0.041409 0.041409 0.054194 0.037877 0.040635 0.041409 0.004671 0.004671 0.004671 0.037249 0.078388 0.076736 0.076736 0.076736 0.076736 0.078388 0.004671 0.004671 0.078388 0.076736 0.076736 0.086408 0.047000 0.037249 0.087489 0.090501 0.000000 0.000000 0.000000 0.047000 0.086408 0.037882 0.037882 0.000000 0.023311 0.088488
0.023311 0.086408 0.054194 0.054194 0.041755 0.035981 0.054194 0.078388 0.041755 0.037249 0.073945 0.073945 0.073945 0.098307 0.098307 0.000000 0.000000 0.000000 0.000000 0.023311 0.062749 0.037249 0.021010 0.048120 0.041409 0.041409 0.041409 0.041409 0.041409 0.037249 0.054194 0.054194 0.040635 0.062749 0.004671 0.004671 0.073945 0.076736 0.076736 0.076736 0.076736 0.076736 0.076736 0.004671 0.049119 0.076736 0.076736 0.076736 0.076736 0.040635 0.004671 0.090501 0.054194 0.054194 0.050396 0.050396 0.050396 0.037882 0.086408 0.037882 0.004671 0.037249 0.076736
0.023311 0.090501 0.090501 0.090501 0.041755 0.053914 0.027182 0.054194 0.047000 0.098307 0.073945 0.076736 0.076736 0.098307 0.041409 0.000000 0.000000 0.000000 0.027101 0.000000 0.027101 0.037877 0.035981 0.053748 0.041409 0.041409 0.041409 0.041409 0.073945 0.037249 0.040635 0.041409 0.035037 0.062749 0.062749 0.004671 0.073945 0.076736 0.076736 0.076736 0.049119 0.076736 0.004671 0.004671 0.078388 0.076736 0.076736 0.076736 0.049106 0.076736 0.040635 0.090501 0.088488 0.050396 0.090501 0.047000 0.037882 0.004671 0.088931 0.088931 0.088931 0.037249 0.037249
0.053748 0.086408 0.041755 0.090501 0.054194 0.053914 0.054194 0.078388 0.041755 0.098307 0.076736 0.076736 0.076736 0.027101 0.039807 0.076736 0.000000 0.000000 0.000000 0.098307 0.004671 0.054194 0.035981 0.070612 0.048120 0.041409 0.076736 0.076736 0.031673 0.054194 0.054194 0.041409 0.062749 0.062749 0.004671 0.004671 0.088488 0.076736 0.076736 0.078388 0.067082 0.078388 0.078388 0.004671 0.078388 0.062749 0.062749 0.076736 0.076736 0.054194 0.054194 0.090501 0.032082 0.054194 0.090501 0.037249 0.086408 0.037882 0.035981 0.035981 0.088931 0.037249 0.062749
0.053748 0.086408 0.090501 0.054194 0.054194 0.067082 0.054194 0.041731 0.035981 0.062749 0.098307 0.076736 0.076736 0.027101 0.076736 0.076736 0.000000 0.000000 0.000000 0.088931 0.040428 0.027101 0.021010 0.048120 0.070612 0.047000 0.076736 0.076736 0.031673 0.000000 0.054194 0.054194 0.004671 0.004671 0.062749 0.004671 0.078388 0.088488 0.078388 0.062749 0.067082 0.088488 0.004671 0.004671 0.062749 0.062749 0.076736 0.049106 0.076736 0.073325 0.090501 0.088931 0.088931 0.090501 0.047000 0.090501 0.037882 0.037882 0.027182 0.047000 0.035981 0.088931 0.062749
0.088488 0.023311 0.087489 0.037877 0.062749 0.090501 0.054194 0.052450 0.035981 0.047960 0.073945 0.076736 0.076736 0.000000 0.000000 0.000000 0.000000 0.000000 0.098307 0.048120 0.054194 0.043121 0.035037 0.048120 0.041409 0.041409 0.076736 0.000000 0.000000 0.000000 0.048120 0.004671 0.023986 0.038247 0.041755 0.090501 0.078388 0.078388 0.068860 0.062749 0.068860 0.067082 0.004671 0.062749 0.068860 0.076736 0.076736 0.076736 0.054194 0.090501 0.090501 0.037877 0.046649 0.054194 0.090501 0.090501 0.037249 0.086408 0.027182 0.090501 0.054194 0.054194 0.087489
0.086408 0.048031 0.054194 0.073325 0.062749 0.041755 0.086408 0.047960 0.035981 0.047000 0.098307 0.076736 0.076736 0.076736 0.000000 0.000000 0.000000 0.000000 0.098307 0.090501 0.037877 0.035730 0.041409 0.047000 0.047000 0.076736 0.076736 0.000000 0.000000 0.076736 0.048120 0.087489 0.062749 0.035037 0.000000 0.090501 0.076736 0.076736 0.076736 0.068860 0.090501 0.078388 0.004671 0.062749 0.076736 0.027101 0.076736 0.076736 0.000000 0.000000 0.000000 0.037877 0.037877 0.090501 0.050396 0.004671 0.088488 0.088931 0.050396 0.000000 0.000000 0.000000 0.053748
0.090501 0.090501 0.054194 0.067082 0.062749 0.041755 0.027182 0.090501 0.047960 0.054194 0.054194 0.098307 0.076736 0.076736 0.076736 0.000000 0.004671 0.000000 0.098307 0.004671 0.047000 0.035037 0.047000 0.047000 0.047000 0.076736 0.000000 0.000000 0.076736 0.047000 0.062749 0.048120 0.087489 0.070612 0.000000 0.054194 0.000000 0.076736 0.000000 0.000000 0.000000 0.046649 0.076736 0.004671 0.076736 0.076736 0.076736 0.076736 0.000000 0.000000 0.004671 0.000000 0.090501 0.004671 0.004671 0.004671 0.004671 0.046649 0.000000 0.004671 0.000000 0.000000 0.087489
0.054194 0.054194 0.054194 0.054194 0.088931 0.054194 0.048120 0.053748 0.067082 0.054194 0.027101 0.076736 0.076736 0.039658 0.004671 0.004671 0.031762 0.098307 0.098307 0.062749 0.087489 0.062749 0.047000 0.047000 0.047000 0.023311 0.027101 0.076736 0.076736 0.076736 0.047296 0.062749 0.062749 0.041409 0.054194 0.000000 0.076736 0.076736 0.076736 0.076736 0.078388 0.076736 0.004671 0.004671 0.076736 0.076736 0.076736 0.076736 0.000000 0.000000 0.000000 0.040428 0.047000 0.090501 0.004671 0.000000 0.004671 0.037249 0.000000 0.054194 0.000000 0.000000 0.087489
0.090501 0.090501 0.054194 0.067082 0.062749 0.090501 0.023311 0.054194 0.032082 0.062749 0.054194 0.098307 0.076736 0.000000 0.027101 0.037249 0.031762 0.038247 0.078388 0.054194 0.054194 0.035981 0.062749 0.062749 0.084180 0.076736 0.076736 0.076736 0.076736 0.035981 0.062749 0.090501 0.049106 0.047000 0.000000 0.000000 0.076736 0.000000 0.004671 0.037927 0.037927 0.004671 0.004671 0.037249 0.076736 0.004671 0.004671 0.000000 0.000000 0.000000 0.000000 0.000000 0.000000 0.027101 0.054194 0.000000 0.000000 0.000000 0.000000 0.000000 0.032263 0.000000 0.023311
