Big_Beef/DataInputs30m/o_10_ChemistryPools/1990_Mar2025/DOC_Pool_3.asc
ncols 345
nrows 426
xllcorner 508536.40413180296
yllcorner 5265678.99790656
cellsize 30
nodata_value -9999
[rows 196 to 223 of 426, columns 248 to 309 of 345]
1.917236 0.134000 0.134000 2.221168 2.221168 0.134000 0.134000 11.121316 11.121316 0.134000 0.134000 1.907507 0.134000 2.789681 2.789681 2.073191 2.960518 0.134000 89.825916 1.769186 1.999682 1.999682 2.221168 2.221168 1.782162 1.875923 1.765749 1.875923 2.038624 0.134000 0.134000 2.076500 1.946866 74.765643 0.134000 0.134000 0.134000 0.134000 0.134000 0.134000 0.134000 0.134000 0.134000 0.134000 0.134000 0.134000 1.813478 0.134000 1.813478 2.038624 1.813478 1.813478 2.261458 1.813478 1.813478 1.813478 1.813478 0.134000 0.134000 1.768581 1.899279 2.038624
1.917236 23.473634 2.221168 0.134000 2.221168 0.134000 0.134000 0.134000 0.134000 0.134000 0.134000 0.134000 0.134000 2.789681 2.261458 1.907507 71.881106 189.439149 71.881106 0.134000 0.134000 0.134000 0.134000 2.221168 1.782162 1.957697 1.765749 1.946866 1.875923 1.917236 2.789681 0.134000 1.851069 1.851069 1.851069 11.121316 0.134000 0.134000 0.134000 0.134000 0.134000 0.134000 0.134000 1.874701 0.134000 1.813478 1.999682 1.813478 2.960518 1.813478 0.134000 1.813478 1.875923 2.038624 2.261458 0.134000 0.134000 0.134000 1.875923 1.875923 2.038624 1.926886
2.261458 2.261458 2.221168 0.134000 2.221168 0.134000 0.134000 0.134000 0.134000 2.221168 2.221168 0.134000 0.134000 2.789681 2.261458 1.851069 95.425970 0.134000 74.765643 0.134000 0.134000 0.134000 0.134000 0.134000 1.813478 1.813478 1.907507 0.134000 1.851069 1.851069 1.769186 0.134000 1.836330 1.836330 2.221168 0.134000 0.134000 0.134000 0.134000 0.134000 0.134000 0.134000 0.134000 2.221168 0.134000 1.813478 1.769186 1.999682 1.907507 2.073191 1.813478 1.813478 1.907507 2.038624 2.038624 1.875923 2.038624 2.038624 0.134000 2.076500 0.134000 1.786009
2.261458 1.813478 2.221168 0.134000 0.134000 0.134000 0.134000 0.134000 0.134000 2.221168 1.907507 0.134000 0.134000 1.875923 1.928679 1.907507 52.810756 81.060691 81.060691 63.214516 80.774889 29.894063 29.894063 0.134000 0.134000 0.134000 0.134000 0.134000 0.134000 0.134000 1.769186 0.134000 0.134000 2.221168 0.134000 0.134000 0.134000 0.134000 0.134000 0.134000 0.134000 0.134000 0.134000 0.134000 0.134000 0.134000 2.221168 1.999682 1.999682 0.134000 2.073191 2.261458 1.867332 2.038624 1.875923 1.875923 2.038624 1.875923 1.875923 0.134000 0.134000 1.907507
0.134000 0.134000 0.134000 0.134000 0.134000 0.134000 0.134000 0.134000 0.134000 0.134000 2.038624 2.038624 1.964582 1.875923 1.928679 1.678867 1.907507 95.952313 73.785279 74.765643 0.134000 0.134000 0.134000 1.907507 1.813478 1.813478 0.134000 0.134000 0.134000 0.134000 1.769186 2.221168 0.134000 0.134000 0.134000 0.134000 0.134000 0.134000 0.134000 0.134000 0.134000 0.134000 0.134000 2.221168 0.134000 0.134000 2.221168 1.769186 1.999682 1.813478 1.813478 2.038624 0.134000 2.707004 2.038624 1.875923 2.076500 1.769186 2.076500 0.134000 0.134000 1.813478
2.789681 2.038624 0.134000 0.134000 0.134000 0.134000 2.754450 2.942971 1.813478 0.134000 2.261458 2.789681 1.875923 2.789681 2.038624 2.261458 1.907507 0.134000 0.134000 0.134000 0.134000 1.813478 1.999682 1.907507 1.946866 0.134000 0.134000 0.134000 1.813478 1.813478 0.134000 0.134000 0.134000 0.134000 0.134000 0.134000 0.134000 0.134000 0.134000 0.134000 0.134000 0.134000 0.134000 0.134000 0.134000 0.134000 0.134000 0.134000 0.134000 0.134000 1.907507 2.261458 0.134000 2.221168 1.907507 1.875923 1.899279 0.134000 1.813478 0.134000 0.134000 1.813478
2.789681 2.261458 0.134000 0.134000 0.134000 0.134000 2.789681 2.385849 2.385849 2.261458 2.038624 2.789681 2.789681 0.134000 0.134000 0.134000 0.134000 2.261458 1.813478 2.221168 0.134000 0.134000 2.221168 2.221168 0.134000 0.134000 0.134000 0.134000 1.957697 1.851069 2.221168 2.221168 11.121316 11.121316 11.121316 1.890938 0.134000 0.134000 0.134000 0.134000 0.134000 2.221168 1.764635 1.882678 0.134000 2.261458 0.134000 0.134000 0.134000 0.134000 0.134000 0.134000 0.134000 0.134000 0.134000 1.813478 0.134000 0.134000 0.134000 0.134000 0.134000 0.134000
1.985966 2.261458 2.221168 0.134000 0.134000 2.221168 1.875923 2.221168 2.789681 2.789681 2.789681 2.789681 2.789681 0.134000 2.261458 2.261458 2.261458 2.076500 1.917236 2.076500 0.134000 11.121316 0.134000 0.134000 0.134000 0.134000 0.134000 0.134000 2.221168 2.221168 2.221168 11.121316 11.121316 20.777153 11.121316 0.134000 0.134000 1.882678 1.874701 2.960518 1.857096 1.786009 0.134000 0.134000 1.786009 2.261458 0.134000 1.813478 0.134000 2.221168 1.782162 1.786009 0.134000 1.813478 0.134000 0.134000 0.134000 0.134000 0.134000 0.134000 0.134000 1.813478
1.917236 1.813478 0.134000 0.134000 0.134000 0.134000 1.813478 1.782162 1.782162 1.907507 2.221168 0.134000 0.134000 0.134000 1.782162 0.134000 0.134000 56.442533 42.649774 2.041512 0.134000 0.134000 0.134000 0.134000 0.134000 0.134000 0.134000 0.134000 0.134000 0.134000 0.134000 0.134000 11.121316 11.121316 11.121316 0.134000 1.813478 1.786009 1.882678 2.221168 1.786009 1.786009 0.134000 0.134000 0.134000 2.261458 0.134000 0.134000 0.134000 0.134000 0.134000 0.134000 0.134000 2.221168 2.707004 2.221168 1.813478 0.134000 0.134000 0.134000 0.134000 0.134000
0.134000 2.221168 0.134000 0.134000 1.907507 2.261458 1.813478 1.813478 0.134000 0.134000 0.134000 0.134000 2.261458 1.813478 92.057743 77.443554 2.038624 88.256471 73.785279 0.134000 0.134000 0.134000 0.134000 0.134000 2.221168 0.134000 0.134000 0.134000 0.134000 0.134000 0.134000 20.777153 11.121316 80.774889 94.189368 2.261458 1.786009 1.786009 1.882678 1.786009 1.765749 0.134000 0.134000 0.134000 0.134000 1.907507 0.134000 1.813478 0.134000 0.134000 0.134000 0.134000 0.134000 20.777153 2.221168 1.813478 73.785279 1.907507 2.038624 0.134000 2.093086 0.134000
1.899279 1.907507 2.261458 0.134000 1.813478 0.134000 2.261458 1.813478 0.134000 0.134000 0.134000 1.813478 94.189368 0.134000 0.134000 0.134000 75.036515 1.861565 73.785279 73.785279 68.489622 77.947980 73.785279 0.134000 0.134000 0.134000 0.134000 0.134000 0.134000 0.134000 0.134000 20.777153 0.134000 81.566827 1.786009 2.261458 2.221168 1.874701 1.786009 1.813478 0.134000 0.134000 0.134000 2.221168 2.261458 2.221168 2.221168 2.221168 2.261458 0.134000 0.134000 0.134000 0.134000 0.134000 20.361748 64.096163 1.861565 1.875923 1.875923 1.813478 1.813478 1.813478
1.899279 1.875923 1.907507 0.134000 1.907507 1.917236 2.261458 1.813478 1.787044 0.134000 0.134000 0.134000 0.134000 1.813478 30.374073 0.134000 72.356631 1.957482 0.134000 78.124092 60.064222 75.874723 77.947980 1.765749 0.134000 0.134000 0.134000 0.134000 0.134000 11.121316 0.134000 2.221168 0.134000 2.221168 1.786009 2.221168 2.221168 2.221168 1.874701 2.221168 0.134000 0.134000 0.134000 0.134000 0.134000 0.134000 0.134000 2.221168 0.134000 0.134000 0.134000 1.764635 0.134000 0.134000 21.628834 20.361748 1.999682 1.851069 1.765749 0.134000 1.813478 1.813478
2.076500 1.813478 0.134000 0.134000 0.134000 2.960518 1.813478 0.134000 0.134000 0.134000 0.134000 1.813478 0.134000 0.134000 0.134000 170.237822 19.018349 0.134000 0.134000 0.134000 20.361748 48.186217 68.489622 1.875923 2.221168 0.134000 0.134000 0.134000 0.134000 0.134000 11.121316 11.121316 0.134000 2.221168 1.957697 0.134000 0.134000 1.882678 2.221168 0.134000 0.134000 0.134000 0.134000 0.134000 0.134000 0.134000 0.134000 0.134000 2.221168 0.134000 0.134000 0.134000 0.134000 1.786009 94.189368 189.439149 1.907507 1.907507 1.907507 2.261458 2.261458 1.813478
1.907507 2.261458 2.606770 0.134000 0.134000 2.221168 2.221168 0.134000 0.134000 1.907507 1.813478 1.813478 1.990979 0.134000 0.134000 0.134000 64.777703 72.356631 0.134000 0.134000 0.134000 48.186217 73.785279 1.875923 1.875923 1.765749 2.221168 0.134000 0.134000 0.134000 11.121316 11.121316 0.134000 2.221168 0.134000 0.134000 0.134000 0.134000 0.134000 0.134000 0.134000 0.134000 0.134000 0.134000 0.134000 0.134000 0.134000 0.134000 2.221168 2.221168 0.134000 2.221168 0.134000 2.221168 2.221168 1.786009 0.134000 1.907507 2.261458 0.134000 2.261458 2.261458
1.907507 1.907507 1.813478 0.134000 0.134000 0.134000 0.134000 2.038624 1.782162 0.134000 0.134000 0.134000 1.861565 89.921539 63.214516 51.648028 0.134000 0.134000 0.134000 76.365048 92.057743 170.237822 74.623598 2.221168 73.807173 11.121316 11.121316 2.221168 0.134000 11.121316 0.134000 0.134000 0.134000 0.134000 1.907507 0.134000 0.134000 0.134000 0.134000 0.134000 0.134000 0.134000 0.134000 0.134000 0.134000 0.134000 0.134000 0.134000 0.134000 0.134000 0.134000 2.221168 2.221168 1.882678 1.764635 2.221168 0.134000 1.907507 2.038624 2.038624 1.907507 2.073191
1.907507 0.134000 0.134000 0.134000 1.813478 0.134000 0.134000 1.813478 1.813478 0.134000 80.774889 23.104733 73.785279 64.777703 64.777703 73.785279 81.060691 0.134000 0.134000 20.361748 39.085990 99.661150 77.947980 11.121316 11.121316 11.121316 11.121316 2.221168 0.134000 11.121316 11.121316 0.134000 0.134000 1.813478 0.134000 0.134000 0.134000 0.134000 0.134000 0.134000 0.134000 0.134000 0.134000 0.134000 0.134000 0.134000 0.134000 0.134000 0.134000 0.134000 0.134000 2.221168 2.221168 1.882678 2.606770 0.134000 0.134000 2.221168 1.836692 1.836692 2.038624 0.134000
1.907507 0.134000 0.134000 0.134000 0.134000 0.134000 0.134000 1.813478 2.053199 1.880525 1.946866 73.785279 73.785279 64.777703 73.785279 95.952313 64.096163 71.424460 0.134000 72.356631 39.085990 128.623702 11.121316 11.121316 11.121316 11.121316 11.121316 11.121316 2.221168 0.134000 0.134000 0.134000 0.134000 0.134000 0.134000 0.134000 0.134000 0.134000 0.134000 0.134000 0.134000 0.134000 0.134000 0.134000 0.134000 0.134000 0.134000 0.134000 0.134000 0.134000 0.134000 2.221168 2.789681 0.134000 0.134000 0.134000 2.221168 0.134000 2.221168 1.907507 2.261458 0.134000
1.946866 1.813478 0.134000 0.134000 2.789681 75.036515 62.027494 1.813478 71.424460 1.765749 73.785279 1.861565 73.807173 0.134000 1.813478 0.134000 73.807173 20.777153 63.214516 0.134000 0.134000 11.121316 77.947980 2.221168 2.221168 11.121316 11.121316 11.121316 11.121316 0.134000 0.134000 0.134000 0.134000 0.134000 0.134000 0.134000 0.134000 0.134000 0.134000 0.134000 0.134000 0.134000 0.134000 0.134000 0.134000 0.134000 0.134000 0.134000 0.134000 0.134000 0.134000 0.134000 2.221168 2.789681 0.134000 0.134000 0.134000 0.134000 0.134000 0.134000 0.134000 0.134000
0.134000 0.134000 0.134000 2.261458 2.789681 2.789681 0.134000 0.134000 1.861565 46.129423 77.947980 1.861565 1.964674 1.964674 2.789681 2.789681 2.789681 2.789681 2.073191 1.917236 0.134000 80.127692 1.946866 11.121316 2.221168 11.121316 11.121316 11.121316 0.134000 2.221168 2.221168 0.134000 0.134000 0.134000 0.134000 0.134000 0.134000 0.134000 0.134000 0.134000 0.134000 0.134000 0.134000 0.134000 0.134000 0.134000 0.134000 0.134000 0.134000 0.134000 0.134000 0.134000 2.221168 2.221168 0.134000 0.134000 0.134000 0.134000 0.134000 0.134000 0.134000 0.134000
0.134000 2.789681 1.946866 2.789681 2.789681 1.985966 1.985966 1.917236 1.917236 64.777703 2.014590 1.880525 1.875923 1.985966 1.682151 2.789681 2.789681 2.789681 2.789681 1.875923 0.134000 62.027494 62.027494 2.221168 2.221168 2.221168 11.121316 0.134000 2.221168 2.221168 2.221168 2.221168 0.134000 0.134000 0.134000 0.134000 0.134000 0.134000 0.134000 0.134000 0.134000 0.134000 0.134000 0.134000 0.134000 0.134000 0.134000 0.134000 0.134000 0.134000 0.134000 0.134000 2.221168 2.221168 0.134000 2.221168 2.221168 0.134000 0.134000 0.134000 0.134000 0.134000
2.261458 2.789681 2.789681 1.813478 2.439745 2.789681 2.439745 2.376435 1.917236 1.917236 1.917236 1.880525 2.439745 1.985966 2.789681 2.385849 1.985966 1.985966 1.787044 1.875923 1.875923 0.134000 0.134000 2.221168 2.221168 2.221168 2.221168 2.221168 11.121316 2.221168 2.707004 0.134000 0.134000 0.134000 0.134000 0.134000 0.134000 0.134000 0.134000 0.134000 0.134000 0.134000 0.134000 0.134000 0.134000 0.134000 0.134000 0.134000 0.134000 0.134000 0.134000 0.134000 0.134000 2.221168 0.134000 2.221168 1.813478 0.134000 0.134000 0.134000 0.134000 0.134000
1.985966 2.789681 2.789681 2.789681 1.985966 2.789681 2.439745 1.875923 2.261458 1.917236 1.880525 1.875923 1.768581 1.985966 2.439745 2.385849 1.875923 1.875923 1.875923 2.261458 95.425970 75.036515 0.134000 1.861565 2.221168 2.221168 2.221168 2.221168 1.813478 0.134000 1.782162 1.782162 0.134000 0.134000 0.134000 0.134000 0.134000 0.134000 0.134000 0.134000 0.134000 0.134000 0.134000 0.134000 0.134000 0.134000 0.134000 0.134000 0.134000 0.134000 0.134000 0.134000 0.134000 2.221168 0.134000 0.134000 2.221168 0.134000 0.134000 0.134000 2.221168 0.134000
2.789681 1.682151 1.928679 2.789681 2.789681 1.861565 1.985966 1.875923 2.261458 1.917236 2.053199 2.053199 2.072485 2.439745 2.875130 2.376435 2.376435 1.787044 1.964674 46.129423 73.785279 73.785279 0.134000 2.076500 1.861565 2.221168 2.221168 1.871659 1.731419 1.787044 1.907507 1.907507 0.134000 0.134000 0.134000 0.134000 0.134000 0.134000 0.134000 0.134000 0.134000 0.134000 0.134000 0.134000 0.134000 0.134000 0.134000 0.134000 0.134000 0.134000 0.134000 0.134000 0.134000 0.134000 2.221168 0.134000 0.134000 0.134000 0.134000 0.134000 1.786009 1.907507
1.946866 2.789681 2.789681 2.789681 1.917236 1.917236 1.787044 1.940430 1.917236 2.261458 1.880525 2.053199 2.376435 1.964674 2.385849 2.376435 1.875923 1.787044 78.684314 56.442533 46.129423 46.129423 0.134000 0.134000 1.917236 1.985966 1.861565 1.765749 1.871659 1.836692 1.880525 1.907507 1.999682 0.134000 0.134000 0.134000 0.134000 0.134000 0.134000 0.134000 0.134000 0.134000 0.134000 0.134000 0.134000 0.134000 0.134000 0.134000 0.134000 0.134000 0.134000 0.134000 0.134000 0.134000 0.134000 0.134000 2.221168 0.134000 2.221168 0.134000 0.134000 2.221168
2.789681 1.917236 1.887841 1.875923 1.875923 1.871659 1.875923 1.875923 2.053199 2.261458 2.261458 1.917236 2.385849 2.439745 2.875130 2.376435 2.053199 1.875923 75.036515 75.036515 64.777703 73.785279 77.947980 81.243958 0.134000 0.134000 2.261458 0.134000 0.134000 1.946866 0.134000 0.134000 1.946866 1.813478 0.134000 0.134000 0.134000 0.134000 0.134000 0.134000 0.134000 0.134000 0.134000 0.134000 0.134000 0.134000 0.134000 0.134000 0.134000 0.134000 0.134000 0.134000 0.134000 0.134000 0.134000 0.134000 0.134000 1.882678 2.221168 0.134000 0.134000 2.221168
2.439745 1.875923 2.053199 2.053199 2.053199 1.875923 1.875923 1.871659 1.875923 2.376435 2.072485 1.985966 1.917236 2.439745 1.964674 1.964674 39.594709 1.880525 75.036515 81.060691 1.861565 46.129423 73.807173 0.134000 0.134000 0.134000 0.134000 107.396061 0.134000 0.134000 2.221168 0.134000 0.134000 0.134000 0.134000 0.134000 0.134000 0.134000 0.134000 0.134000 0.134000 0.134000 0.134000 0.134000 0.134000 0.134000 0.134000 0.134000 0.134000 0.134000 0.134000 0.134000 0.134000 0.134000 2.221168 0.134000 2.261458 0.134000 0.134000 0.134000 0.134000 0.134000
1.985966 2.053199 2.053199 2.053199 1.875923 1.875923 1.928679 1.875923 1.875923 2.053199 1.875923 1.875923 2.789681 1.768581 1.964674 2.376435 2.261458 81.060691 73.785279 1.964674 1.768581 1.985966 1.964674 0.134000 0.134000 0.134000 60.064222 79.162823 0.134000 0.134000 0.134000 0.134000 1.813478 2.221168 11.121316 94.189368 0.134000 0.134000 0.134000 0.134000 0.134000 0.134000 0.134000 0.134000 0.134000 0.134000 0.134000 0.134000 0.134000 0.134000 0.134000 0.134000 0.134000 0.134000 0.134000 1.786009 0.134000 0.134000 0.134000 0.134000 0.134000 0.134000
2.789681 1.985966 1.917236 1.875923 1.875923 1.964582 1.875923 1.875923 2.053199 2.053199 2.053199 2.072485 1.768581 2.072485 2.385849 52.458094 2.076500 64.777703 48.186217 52.458094 1.768581 1.678867 1.917236 1.875923 1.917236 1.769186 0.134000 77.947980 81.243958 0.134000 0.134000 0.134000 1.813478 0.134000 82.178705 166.758319 88.745031 0.134000 0.134000 0.134000 0.134000 0.134000 0.134000 0.134000 0.134000 0.134000 0.134000 0.134000 0.134000 0.134000 0.134000 0.134000 0.134000 0.134000 0.134000 0.134000 2.221168 0.134000 0.134000 0.134000 0.134000 0.134000
