Big_Beef/DataInputs30m/o_10_ChemistryPools/1990_Mar2025/DOC_Pool_3.asc
ncols 345
nrows 426
xllcorner 508536.40413180296
yllcorner 5265678.99790656
cellsize 30
nodata_value -9999
[rows 252 to 279 of 426, columns 124 to 185 of 345]
0.134000 0.134000 0.134000 2.221168 0.134000 0.134000 0.134000 0.134000 0.134000 0.134000 2.261458 2.754450 0.134000 0.134000 0.134000 0.134000 0.134000 0.134000 0.134000 0.134000 0.134000 2.960518 1.787044 1.890938 2.261458 0.134000 0.134000 1.917236 64.777703 1.917236 1.917236 2.942971 2.261458 0.134000 0.134000 0.134000 2.789681 2.789681 1.875923 71.424460 64.777703 125.197701 1.875923 1.875923 2.789681 1.875923 1.999682 2.221168 2.221168 2.221168 2.844991 2.221168 2.221168 2.221168 2.221168 1.857096 1.857096 2.221168 2.221168 2.221168 2.221168 2.221168
0.134000 0.134000 0.134000 0.134000 0.134000 0.134000 0.134000 0.134000 0.134000 0.134000 21.022583 1.999682 0.134000 0.134000 0.134000 0.134000 0.134000 0.134000 78.684314 0.134000 26.075499 16.296876 2.789681 1.917236 1.875923 0.134000 1.765749 71.424460 56.810585 1.917236 2.942971 2.221168 2.261458 0.134000 0.134000 1.946866 1.946866 1.974592 1.882775 1.765749 71.424460 77.947980 2.789681 2.077859 2.789681 2.754450 2.221168 2.221168 2.221168 2.221168 20.777153 1.976026 2.221168 2.221168 2.221168 2.221168 2.221168 2.221168 2.221168 2.221168 2.221168 2.221168
0.134000 0.134000 0.134000 0.134000 0.134000 0.134000 0.134000 0.134000 0.134000 0.134000 0.134000 0.134000 30.374073 0.134000 0.134000 0.134000 0.134000 0.134000 88.745031 0.134000 16.296876 73.807173 2.261458 2.960518 1.813478 0.134000 1.765749 1.917236 0.134000 2.261458 2.789681 0.134000 2.221168 0.134000 0.134000 0.134000 1.842041 0.134000 2.789681 1.928679 75.036515 224.803787 224.803787 2.261458 1.813478 2.221168 2.221168 2.221168 2.221168 1.976026 2.221168 20.777153 20.777153 20.777153 2.221168 2.221168 2.221168 2.221168 2.221168 2.093086 2.221168 2.221168
0.134000 2.789681 0.134000 1.995603 0.134000 2.221168 0.134000 0.134000 0.134000 0.134000 0.134000 0.134000 0.134000 88.745031 0.134000 29.894063 0.134000 0.134000 80.774889 16.296876 20.097206 16.296876 42.649774 0.134000 1.813478 0.134000 0.134000 0.134000 0.134000 0.134000 0.134000 0.134000 0.134000 0.134000 0.134000 1.871659 0.134000 1.682151 1.946866 1.946866 73.785279 189.439149 98.546981 2.261458 2.261458 2.221168 2.221168 2.221168 2.221168 2.221168 22.450292 20.777153 2.221168 2.221168 2.093086 2.221168 2.221168 2.844991 1.765749 2.261458 2.606770 2.221168
1.813478 2.261458 2.261458 0.134000 0.134000 2.221168 0.134000 0.134000 0.134000 0.134000 0.134000 0.134000 1.751087 1.751087 76.365048 20.777153 83.330601 89.921539 63.214516 16.296876 23.104733 23.473634 23.473634 23.104733 220.141425 0.134000 1.928679 2.261458 0.134000 2.093086 2.261458 0.134000 0.134000 0.134000 0.134000 0.134000 0.134000 0.134000 1.946866 77.947980 64.777703 1.899279 2.221168 2.221168 2.221168 2.789681 2.606770 2.221168 2.844991 2.221168 2.844991 2.221168 2.221168 2.221168 2.221168 2.221168 2.221168 2.221168 2.221168 1.813478 2.606770 2.221168
2.875130 1.875923 0.134000 0.134000 0.134000 0.134000 0.134000 0.134000 0.134000 0.134000 0.134000 0.134000 1.917236 2.092474 2.221168 2.221168 0.134000 20.777153 20.097206 1.893771 93.080796 80.254516 0.134000 23.104733 64.096163 0.134000 1.782162 2.261458 2.789681 2.261458 0.134000 1.917236 1.917236 0.134000 0.134000 0.134000 0.134000 0.134000 2.072485 56.442533 64.096163 20.777153 1.787044 2.221168 2.221168 2.221168 2.093086 2.221168 2.844991 2.221168 2.221168 2.221168 2.221168 2.221168 2.221168 2.221168 2.221168 2.789681 1.782162 1.782162 2.093086 2.221168
2.376435 2.376435 0.134000 0.134000 0.134000 2.261458 2.261458 0.134000 0.134000 0.134000 0.134000 0.134000 80.774889 2.960518 2.960518 2.221168 0.134000 2.960518 2.960518 0.134000 0.134000 0.134000 0.134000 0.134000 1.765749 0.134000 0.134000 2.261458 2.789681 2.789681 2.376435 2.261458 0.134000 0.134000 0.134000 0.134000 0.134000 0.134000 0.134000 1.917236 1.946866 1.928679 1.857096 2.221168 2.221168 2.221168 2.221168 2.707004 1.976026 2.844991 2.221168 2.221168 2.221168 2.221168 2.221168 2.221168 2.221168 2.221168 2.221168 2.221168 1.976026 2.221168
2.789681 2.789681 0.134000 0.134000 0.134000 95.952313 1.917236 2.077859 0.134000 64.096163 0.134000 89.921539 64.096163 80.774889 64.777703 2.960518 0.134000 0.134000 0.134000 1.882678 0.134000 0.134000 0.134000 0.134000 0.134000 0.134000 0.134000 0.134000 0.134000 0.134000 0.134000 0.134000 0.134000 0.134000 0.134000 0.134000 0.134000 0.134000 0.134000 1.917236 1.928679 1.917236 1.765749 2.093086 1.946866 2.261458 2.093086 2.221168 2.093086 2.789681 1.882678 1.857096 2.606770 1.976026 2.221168 2.221168 2.221168 2.221168 2.221168 2.221168 2.221168 2.221168
0.134000 1.946866 0.134000 1.946866 2.789681 85.502741 1.875923 75.036515 1.765749 73.807173 73.807173 71.424460 1.765749 0.134000 0.134000 0.134000 0.134000 0.134000 2.261458 1.882678 2.789681 1.917236 2.942971 1.765749 1.678867 2.261458 0.134000 0.134000 0.134000 0.134000 1.946866 0.134000 0.134000 0.134000 0.134000 0.134000 0.134000 0.134000 0.134000 1.946866 1.917236 2.261458 2.077859 1.946866 1.946866 2.040926 2.261458 1.974592 1.970408 1.987023 1.917236 1.857096 1.857096 2.221168 2.221168 2.221168 2.221168 2.221168 2.221168 2.221168 2.221168 2.221168
2.221168 0.134000 1.890938 1.682151 79.016921 64.777703 71.424460 80.254516 73.785279 68.489622 73.785279 71.424460 71.424460 1.782162 1.985966 0.134000 1.813478 1.787044 2.221168 2.261458 2.385849 2.076500 1.928679 1.917236 1.875923 1.890938 0.134000 0.134000 0.134000 0.134000 1.946866 0.134000 0.134000 0.134000 1.861565 0.134000 0.134000 0.134000 0.134000 1.946866 1.813478 1.946866 1.917236 1.946866 1.946866 1.912275 1.946866 2.190687 1.912275 1.768581 1.987023 1.917236 2.221168 2.221168 2.221168 2.221168 2.221168 2.221168 2.221168 2.221168 2.221168 2.221168
0.134000 2.606770 0.134000 1.917236 1.875923 89.921539 73.785279 77.947980 68.288059 68.489622 68.288059 73.785279 60.064222 1.871659 1.782162 1.813478 1.813478 1.787044 2.261458 2.261458 1.880525 1.765749 1.765749 1.928679 1.917236 0.134000 0.134000 0.134000 0.134000 0.134000 0.134000 0.134000 0.134000 0.134000 0.134000 1.875923 0.134000 0.134000 2.077859 2.077859 2.261458 1.946866 1.813478 1.813478 1.813478 1.912275 1.912275 1.912275 1.912275 1.912275 1.912275 1.987023 1.987023 2.221168 2.221168 2.221168 2.221168 2.221168 2.221168 2.221168 2.221168 2.221168
2.789681 0.134000 0.134000 0.134000 0.134000 0.134000 0.134000 0.134000 0.134000 0.134000 128.623702 64.096163 1.928679 1.917236 2.789681 2.789681 1.917236 0.134000 2.789681 2.789681 2.076500 1.917236 1.880525 1.928679 1.787044 2.261458 0.134000 0.134000 0.134000 0.134000 0.134000 0.134000 0.134000 0.134000 0.134000 0.134000 0.134000 0.134000 2.053199 1.875923 1.946866 1.946866 1.946866 1.813478 1.813478 2.040926 1.682151 2.261458 1.912275 1.926886 1.987023 1.987023 2.789681 2.221168 2.221168 2.221168 2.221168 2.221168 2.221168 2.221168 2.221168 2.221168
2.789681 0.134000 46.129423 64.096163 1.765749 0.134000 73.785279 80.254516 0.134000 68.288059 128.623702 1.928679 1.928679 88.256471 63.214516 42.649774 1.917236 1.887841 2.261458 2.261458 1.765749 2.875130 2.875130 1.964681 0.134000 2.261458 0.134000 0.134000 0.134000 0.134000 0.134000 0.134000 0.134000 0.134000 0.134000 0.134000 0.134000 1.917236 2.261458 2.261458 1.882775 1.946866 1.813478 1.890938 2.040926 1.813478 1.850888 1.912275 1.912275 1.987023 1.987023 1.987023 2.093086 2.221168 2.221168 2.221168 2.221168 2.221168 2.221168 0.134000 2.221168 2.221168
0.134000 0.134000 95.952313 80.774889 64.096163 1.765749 0.134000 55.554473 0.134000 77.947980 81.243958 0.134000 0.134000 189.439149 0.134000 0.134000 2.261458 1.907507 2.261458 1.765749 71.424460 46.129423 1.917236 1.964681 2.261458 2.261458 0.134000 0.134000 0.134000 0.134000 0.134000 0.134000 0.134000 0.134000 0.134000 0.134000 0.134000 1.964582 1.890938 1.987023 1.946866 1.946866 1.813478 1.850888 1.813478 1.813478 2.040926 1.682151 1.987023 2.789681 2.789681 1.768581 2.221168 2.221168 2.221168 2.221168 2.221168 0.134000 0.134000 11.121316 2.221168 2.221168
2.093086 0.134000 2.261458 63.214516 1.813478 0.134000 1.813478 1.765749 73.807173 60.064222 224.803787 1.917236 1.946866 1.907507 0.134000 2.221168 1.813478 2.221168 1.999682 95.952313 64.777703 62.027494 64.777703 1.917236 1.907507 0.134000 0.134000 0.134000 0.134000 0.134000 0.134000 0.134000 0.134000 0.134000 0.134000 0.134000 0.134000 2.261458 1.946866 1.813478 1.813478 2.085645 2.040926 1.813478 1.850888 1.813478 2.040926 1.964254 1.912275 2.040926 2.789681 2.789681 2.789681 2.875130 2.221168 2.221168 2.221168 2.221168 2.221168 11.121316 20.777153 2.221168
2.093086 0.134000 1.782162 1.946866 0.134000 2.261458 1.765749 1.765749 1.917236 1.928679 1.678867 2.606770 2.606770 2.221168 0.134000 0.134000 0.134000 0.134000 2.221168 1.999682 62.027494 80.774889 0.134000 80.774889 142.004465 0.134000 0.134000 0.134000 0.134000 0.134000 0.134000 0.134000 0.134000 0.134000 0.134000 0.134000 2.073191 1.946866 1.946866 1.946866 2.040926 1.813478 2.040926 2.040926 2.040926 1.946866 2.040926 2.072485 2.072485 2.789681 2.789681 2.789681 2.789681 2.221168 2.221168 2.221168 2.221168 2.221168 2.221168 11.121316 20.777153 2.221168
0.134000 0.134000 1.917236 2.261458 2.261458 2.261458 1.813478 1.917236 2.789681 2.261458 1.946866 1.682151 1.813478 2.041512 2.221168 2.221168 2.041512 88.745031 1.765749 2.076500 64.096163 80.774889 80.774889 20.722973 0.134000 0.134000 0.134000 0.134000 0.134000 0.134000 0.134000 0.134000 0.134000 0.134000 0.134000 1.890938 1.882775 2.085645 1.882775 2.040926 1.850888 2.040926 1.850888 1.850888 2.040926 2.789681 2.385849 2.385849 2.789681 2.789681 2.789681 2.789681 2.789681 2.221168 2.221168 2.221168 2.221168 2.221168 2.221168 20.777153 2.221168 2.221168
0.134000 0.134000 2.261458 1.917236 1.974592 2.789681 1.917236 1.917236 1.917236 1.676088 1.946866 1.987023 2.789681 2.041512 0.134000 95.952313 11.121316 88.745031 56.442533 56.442533 95.952313 62.027494 64.096163 166.758319 166.758319 0.134000 0.134000 0.134000 0.134000 0.134000 0.134000 0.134000 0.134000 0.134000 0.134000 0.134000 1.882775 1.946866 2.789681 2.040926 2.040926 2.085645 1.850888 2.040926 2.385849 2.385849 2.085645 2.385849 2.789681 2.789681 2.789681 2.789681 2.789681 0.134000 2.221168 2.221168 2.221168 2.221168 20.777153 2.221168 2.221168 2.221168
0.134000 0.134000 1.917236 1.917236 0.134000 2.261458 1.882775 1.917236 0.134000 1.861565 0.134000 1.917236 1.946866 2.041512 2.221168 220.141425 220.141425 75.036515 63.214516 95.425970 56.442533 0.134000 0.134000 73.807173 56.810585 0.134000 0.134000 0.134000 0.134000 0.134000 0.134000 0.134000 0.134000 0.134000 0.134000 1.890938 1.917236 1.946866 2.040926 1.813478 1.813478 2.040926 1.850888 2.040926 2.040926 2.385849 2.162971 2.162971 2.162971 0.134000 2.385849 1.928679 2.162971 2.334043 0.134000 2.221168 0.134000 0.134000 2.221168 2.221168 2.221168 2.221168
0.134000 2.261458 1.917236 2.261458 0.134000 0.134000 0.134000 1.917236 2.077859 2.077859 0.134000 1.882775 43.799179 62.027494 1.765749 71.424460 1.875923 71.424460 42.649774 0.134000 0.134000 0.134000 0.134000 1.917236 64.096163 0.134000 0.134000 0.134000 0.134000 0.134000 0.134000 0.134000 0.134000 0.134000 0.134000 1.890938 2.789681 1.813478 1.850888 1.813478 1.813478 1.813478 2.040926 2.789681 2.789681 2.040926 1.890938 2.162971 0.134000 0.134000 0.134000 0.134000 0.134000 2.334043 1.957697 0.134000 0.134000 0.134000 0.134000 0.134000 2.221168 2.221168
0.134000 2.789681 2.789681 2.261458 0.134000 0.134000 0.134000 1.946866 1.917236 1.917236 1.861565 2.261458 2.439745 0.134000 1.765749 1.917236 1.765749 2.261458 0.134000 0.134000 0.134000 0.134000 0.134000 2.261458 2.261458 0.134000 0.134000 0.134000 0.134000 0.134000 0.134000 1.917236 1.946866 0.134000 1.813478 1.813478 1.813478 1.813478 2.040926 1.813478 1.813478 2.040926 2.085645 2.162971 2.162971 2.789681 1.890938 1.928679 0.134000 0.134000 1.928679 0.134000 2.261458 2.221168 2.221168 0.134000 0.134000 0.134000 0.134000 0.134000 2.221168 2.093086
0.134000 0.134000 0.134000 0.134000 0.134000 0.134000 1.946866 1.946866 1.861565 1.861565 1.917236 1.731419 1.946866 1.917236 1.875923 1.917236 1.882775 1.940430 1.917236 1.890938 2.073191 0.134000 0.134000 0.134000 0.134000 0.134000 0.134000 0.134000 0.134000 0.134000 0.134000 1.813478 1.946866 1.946866 1.813478 1.813478 1.850888 2.040926 2.040926 2.789681 2.073191 2.162971 2.162971 2.092474 1.928679 1.928679 2.162971 2.162971 1.890938 0.134000 2.789681 2.261458 1.887841 1.985966 1.985966 1.787044 1.985966 1.985966 2.754450 0.134000 0.134000 0.134000
0.134000 0.134000 0.134000 0.134000 1.985966 1.985966 0.134000 1.861565 1.871659 1.861565 1.850888 1.861565 1.890938 1.890938 1.890938 1.917236 2.073191 2.789681 2.054305 1.917236 1.946866 1.890938 0.134000 0.134000 0.134000 0.134000 0.134000 0.134000 0.134000 0.134000 2.073191 1.946866 1.946866 2.789681 1.813478 1.850888 2.789681 2.040926 2.085645 1.768581 1.917236 2.162971 1.850888 1.959253 2.789681 2.789681 2.789681 2.385849 1.964681 1.887841 2.789681 2.376435 2.076500 1.971175 2.376435 2.385849 1.985966 1.985966 1.928679 0.134000 0.134000 0.134000
0.134000 0.134000 0.134000 0.134000 1.985966 1.985966 1.917236 1.917236 1.768581 1.964582 1.731419 1.917236 1.917236 1.890938 1.890938 1.882775 2.073191 1.946866 1.946866 1.946866 1.813478 1.861565 0.134000 0.134000 0.134000 0.134000 0.134000 0.134000 0.134000 1.882775 1.813478 1.813478 1.813478 1.813478 1.813478 1.813478 1.813478 2.040926 2.040926 2.040926 1.813478 2.789681 2.092474 1.959253 2.073191 2.261458 2.261458 1.964681 2.942971 2.407903 2.385849 2.821188 2.606770 2.606770 0.134000 2.076500 2.385849 1.985966 1.871659 1.871659 0.134000 1.861565
0.134000 0.134000 0.134000 0.134000 0.134000 2.789681 1.917236 2.789681 2.789681 1.995603 1.731419 1.731419 1.946866 1.917236 1.917236 0.134000 1.946866 1.813478 1.946866 1.946866 1.813478 0.134000 0.134000 0.134000 0.134000 0.134000 0.134000 0.134000 0.134000 1.917236 1.882775 1.946866 1.813478 1.850888 1.813478 2.040926 2.789681 1.985966 1.882775 1.882775 1.946866 2.789681 2.789681 2.789681 2.606770 2.942971 2.606770 1.985966 2.821830 1.971175 2.407903 2.789681 2.789681 0.134000 46.129423 2.221168 2.076500 1.917236 1.875923 1.875923 1.850888 1.861565
0.134000 0.134000 0.134000 0.134000 0.134000 2.789681 1.985966 2.073191 1.985966 1.917236 1.946866 1.861565 1.861565 1.861565 1.813478 0.134000 1.946866 1.946866 1.946866 1.946866 1.946866 0.134000 0.134000 0.134000 0.134000 0.134000 0.134000 0.134000 0.134000 1.882775 2.789681 1.813478 2.789681 1.813478 2.789681 2.789681 1.985966 1.985966 1.871659 1.882775 1.890938 2.261458 1.887841 2.261458 2.606770 2.262488 2.789681 2.821830 1.787044 2.754450 2.789681 2.754450 2.407903 0.134000 0.134000 2.221168 1.985966 1.928679 88.256471 1.861565 1.861565 1.861565
0.134000 0.134000 0.134000 0.134000 0.134000 2.073191 1.985966 2.073191 1.985966 1.907507 1.907507 1.890938 2.073191 1.861565 0.134000 0.134000 1.813478 2.073191 1.813478 1.946866 1.946866 1.861565 0.134000 0.134000 0.134000 0.134000 0.134000 0.134000 2.073191 1.813478 1.985966 2.789681 1.813478 1.813478 2.789681 1.985966 1.985966 1.985966 2.789681 2.789681 2.789681 2.261458 2.606770 2.942971 2.942971 2.262488 2.221168 2.821830 2.821830 1.971175 1.787044 2.754450 2.754450 2.407903 2.261458 2.606770 1.928679 71.424460 1.861565 1.861565 1.861565 1.861565
0.134000 1.682151 0.134000 1.946866 1.946866 1.946866 1.917236 1.917236 1.875923 1.990979 1.974592 1.890938 2.073191 1.861565 0.134000 1.813478 1.813478 1.813478 1.813478 1.946866 0.134000 0.134000 0.134000 0.134000 0.134000 0.134000 2.038624 2.073191 1.813478 1.985966 1.682151 1.985966 1.813478 1.813478 2.040926 2.789681 1.985966 2.789681 1.959253 2.261458 2.261458 2.942971 2.821830 2.821830 2.221168 1.787044 2.221168 1.957697 1.928679 2.821830 1.928679 2.821830 2.789681 2.844991 2.789681 60.064222 60.064222 1.765749 1.731419 1.861565 1.861565 1.861565
