Big_Beef/DataInputs30m/o_10_ChemistryPools/1990_Mar2025/DOC_Pool_1.asc
ncols 345
nrows 426
xllcorner 508536.40413180296
yllcorner 5265678.99790656
cellsize 30
nodata_value -9999
[rows 243 to 269 of 426, columns 60 to 119 of 345]
2.381723 39.731227 33.603247 32.545572 41.022763 45.939596 39.519487 49.794135 39.731227 49.347330 49.347330 49.347330 31.283680 2.381723 2.381723 32.187793 33.603247 49.347330 33.603247 33.603247 29.415519 30.873993 2.381723 2.381723 2.381723 2.381723 2.381723 2.381723 2.381723 2.381723 39.519487 34.662931 34.161034 36.745968 33.603247 39.731227 39.731227 2.381723 2.381723 2.381723 2.381723 30.873993 37.559631 2.381723 2.381723 2.381723 2.381723 2.381723 2.381723 41.022763 39.519487 34.161034 31.789079 2.381723 2.381723 2.381723 2.381723 2.381723 2.381723 2.381723
2.381723 39.731227 33.603247 39.731227 33.157299 34.490586 51.958070 32.545572 45.939596 49.347330 2.381723 33.603247 2.381723 2.381723 2.381723 33.603247 31.060836 30.570673 30.570673 32.808188 30.873993 30.873993 2.381723 2.381723 2.381723 2.381723 2.381723 2.381723 2.381723 2.381723 2.381723 31.251383 39.731227 30.873993 30.873993 31.789079 2.381723 2.381723 2.381723 2.381723 2.381723 39.519487 37.559631 37.559631 2.381723 2.381723 2.381723 2.381723 2.381723 39.519487 39.519487 34.161034 2.381723 2.381723 2.381723 2.381723 2.381723 2.381723 2.381723 2.381723
2.381723 31.789079 31.789079 2.381723 2.381723 31.789079 32.545572 34.124155 2.381723 2.381723 2.381723 2.381723 2.381723 2.381723 39.731227 34.161034 34.985244 30.570673 33.160881 33.603247 32.808188 2.381723 2.381723 2.381723 2.381723 2.381723 2.381723 2.381723 2.381723 2.381723 2.381723 2.381723 2.381723 2.381723 2.381723 2.381723 2.381723 2.381723 2.381723 2.381723 2.381723 39.519487 2.381723 2.381723 37.559631 2.381723 2.381723 2.381723 2.381723 2.381723 2.381723 2.381723 2.381723 2.381723 2.381723 2.381723 2.381723 88.824084 88.824084 2.381723
2.381723 31.789079 2.381723 2.381723 2.381723 31.789079 33.603247 34.124155 36.745968 2.381723 2.381723 2.381723 2.381723 2.381723 39.731227 39.731227 30.570673 33.160881 37.249461 37.249461 33.160881 33.603247 2.381723 2.381723 2.381723 2.381723 2.381723 2.381723 2.381723 2.381723 2.381723 2.381723 39.519487 2.381723 2.381723 2.381723 2.381723 2.381723 2.381723 39.731227 2.381723 2.381723 37.559631 2.381723 2.381723 2.381723 2.381723 2.381723 2.381723 37.559631 39.731227 39.731227 2.381723 2.381723 2.381723 495.403231 217.048826 257.832244 1513.017668 2.381723
2.381723 45.939596 39.519487 39.519487 49.794135 31.789079 31.789079 34.124155 36.745968 49.347330 2.381723 2.381723 34.792307 34.792307 32.808188 32.808188 33.829637 32.187793 34.161034 33.160881 33.603247 33.603247 31.789079 2.381723 2.381723 2.381723 2.381723 2.381723 2.381723 2.381723 2.381723 2.381723 752.274323 31.283680 37.559631 2.381723 2.381723 2.381723 45.939596 31.250845 2.381723 2.381723 2.381723 52.752315 37.559631 39.731227 39.731227 49.347330 2.381723 39.731227 34.953540 32.808188 34.161034 2.381723 2.381723 206.235988 2.381723 2.381723 172.231263 2.381723
2.381723 45.939596 2.381723 2.381723 45.939596 2.381723 31.789079 34.124155 34.161034 36.745968 49.347330 49.347330 36.745968 34.516283 36.470023 34.161034 36.745968 33.603247 34.124155 36.745968 33.603247 2.381723 2.381723 2.381723 2.381723 2.381723 2.381723 2.381723 2.381723 2.381723 2.381723 1359.659701 2.381723 36.470023 31.251383 2.381723 2.381723 2.381723 2.381723 31.789079 2.381723 2.381723 2.381723 2.381723 2.381723 39.731227 2.381723 2.381723 2.381723 31.789079 2.381723 2.381723 2.381723 179.792847 198.267040 161.397288 2.381723 217.816621 172.231263 34.124155
2.381723 44.264678 39.519487 31.789079 31.789079 31.789079 35.596636 34.161034 34.161034 49.347330 49.347330 32.496362 36.745968 32.808188 33.603247 31.060836 36.745968 32.808188 34.124155 34.124155 36.745968 2.381723 2.381723 39.731227 39.731227 33.603247 2.381723 2.381723 2.381723 48.833328 257.832244 172.231263 421.790505 33.200498 2.381723 2.381723 2.381723 2.381723 39.519487 39.731227 39.731227 2.381723 2.381723 50.357995 39.519487 39.731227 2.381723 2.381723 31.789079 35.596636 35.596636 198.267040 198.267040 198.267040 179.792847 172.231263 172.231263 34.124155 30.873993 34.124155
2.381723 31.789079 2.381723 39.519487 31.789079 49.970124 48.096483 34.161034 49.347330 36.407377 33.603247 32.496362 36.745968 36.745968 36.745968 32.808188 32.808188 34.953540 32.808188 32.808188 2.381723 2.381723 39.731227 33.603247 32.808188 33.603247 2.381723 2.381723 2.381723 34.161034 172.231263 151.665761 504.882966 35.596636 2.381723 2.381723 2.381723 2.381723 39.519487 31.789079 31.789079 31.789079 2.381723 45.939596 51.958070 34.161034 34.161034 35.596636 34.161034 30.873993 191.923317 183.495608 172.231263 34.124155 33.200498 2.381723 172.231263 34.124155 191.923317 191.923317
2.381723 39.519487 37.559631 39.519487 2.381723 2.381723 34.161034 49.347330 39.731227 39.731227 36.407377 39.731227 36.745968 36.745968 36.745968 32.808188 32.442751 30.873993 30.873993 2.381723 2.381723 2.381723 39.731227 33.603247 32.808188 32.808188 32.808188 2.381723 34.662931 34.161034 191.923317 217.816621 504.882966 2.381723 34.161034 34.161034 2.381723 2.381723 39.519487 2.381723 2.381723 39.519487 48.833328 257.832244 217.816621 762.150666 32.442751 2.381723 33.603247 34.124155 33.603247 495.403231 257.832244 35.596636 2.381723 241.626761 2.381723 495.403231 174.062942 174.062942
2.381723 31.250845 39.519487 39.519487 45.939596 39.519487 52.752315 34.161034 33.160881 36.407377 49.347330 36.745968 32.808188 217.816621 32.808188 32.808188 32.808188 32.808188 2.381723 2.381723 2.381723 39.731227 32.808188 32.808188 34.985244 36.745968 39.731227 31.789079 31.789079 34.161034 33.603247 30.873993 762.150666 30.873993 32.808188 34.161034 2.381723 2.381723 2.381723 2.381723 2.381723 39.519487 36.745968 2.381723 2.381723 2.381723 2.381723 32.442751 34.124155 30.873993 2.381723 340.636492 752.274323 2.381723 2.381723 752.274323 45.939596 209.925964 2.381723 140.959324
2.381723 31.250845 39.519487 39.519487 31.789079 39.731227 2.381723 31.251383 33.160881 36.407377 32.808188 32.808188 32.808188 217.816621 32.808188 32.808188 32.808188 32.808188 2.381723 2.381723 2.381723 2.381723 32.808188 32.808188 33.603247 32.808188 2.381723 31.789079 34.161034 36.745968 32.808188 32.808188 30.873993 30.873993 33.603247 2.381723 2.381723 2.381723 2.381723 2.381723 39.519487 39.519487 2.381723 30.873993 34.124155 34.124155 34.124155 34.124155 30.873993 34.953540 589.485549 29.415519 31.251383 2.381723 2.381723 2.381723 151.665761 2.381723 2.381723 2.381723
2.381723 31.789079 2.381723 31.789079 35.596636 2.381723 2.381723 39.519487 32.187793 36.407377 32.808188 30.873993 217.816621 217.816621 32.442751 36.745968 33.200498 2.381723 2.381723 2.381723 2.381723 32.808188 32.808188 32.808188 32.808188 2.381723 2.381723 2.381723 35.596636 39.519487 32.808188 32.808188 29.415519 33.603247 33.603247 2.381723 2.381723 2.381723 2.381723 39.519487 39.519487 39.519487 34.161034 30.873993 33.848517 39.731227 29.415519 32.808188 30.873993 30.873993 589.485549 213.089331 191.923317 31.251383 49.347330 2.381723 2.381723 2.381723 49.347330 2.381723
31.789079 2.381723 2.381723 39.519487 31.283680 34.161034 34.161034 31.789079 31.250845 36.407377 36.407377 32.808188 217.816621 762.150666 36.745968 2.381723 2.381723 2.381723 2.381723 2.381723 2.381723 191.923317 32.808188 32.808188 36.745968 2.381723 39.519487 39.519487 39.519487 39.519487 33.200498 39.731227 39.731227 34.161034 36.745968 2.381723 2.381723 2.381723 2.381723 2.381723 2.381723 39.731227 33.603247 30.873993 33.848517 29.415519 33.603247 36.470023 34.124155 29.415519 30.873993 191.923317 33.848517 32.808188 39.731227 31.789079 34.161034 31.250845 31.789079 36.745968
2.381723 2.381723 2.381723 2.381723 39.519487 31.974225 39.731227 37.559631 32.394181 36.745968 32.808188 39.731227 32.442751 36.745968 36.745968 2.381723 2.381723 2.381723 2.381723 32.808188 217.816621 217.816621 32.808188 32.808188 32.808188 32.808188 33.603247 34.124155 34.161034 34.161034 31.060836 32.808188 49.347330 39.731227 31.251383 2.381723 36.470023 31.789079 33.848517 2.381723 2.381723 31.789079 39.731227 31.789079 35.020070 35.596636 36.066681 36.470023 29.415519 32.808188 123.953705 198.267040 30.873993 32.808188 29.415519 30.570673 33.603247 33.603247 33.603247 33.160881
2.381723 2.381723 2.381723 2.381723 39.519487 31.251383 39.731227 2.381723 39.731227 31.789079 35.596636 32.442751 32.442751 39.731227 2.381723 2.381723 39.731227 2.381723 2.381723 32.808188 191.923317 217.816621 32.442751 201.629244 217.816621 32.442751 2.381723 33.200498 32.442751 34.231093 34.161034 30.938606 34.124155 32.641911 34.124155 2.381723 2.381723 2.381723 2.381723 2.381723 2.381723 2.381723 2.381723 2.381723 2.381723 2.381723 2.381723 2.381723 2.381723 31.251383 33.603247 30.873993 32.808188 32.808188 33.603247 30.570673 33.603247 33.603247 36.407377 33.160881
33.603247 2.381723 2.381723 2.381723 39.519487 34.161034 39.731227 49.347330 39.731227 31.789079 2.381723 2.381723 2.381723 2.381723 2.381723 2.381723 31.250845 36.745968 32.808188 201.629244 32.442751 762.150666 217.816621 2.381723 2.381723 2.381723 2.381723 2.381723 2.381723 2.381723 2.381723 2.381723 2.381723 31.791555 2.381723 2.381723 2.381723 2.381723 2.381723 2.381723 2.381723 2.381723 2.381723 2.381723 2.381723 2.381723 2.381723 2.381723 31.789079 34.580612 33.603247 30.873993 30.873993 34.124155 33.160881 32.545572 32.808188 49.347330 36.745968 36.745968
33.603247 33.603247 41.022763 34.124155 2.381723 2.381723 2.381723 39.731227 39.731227 2.381723 2.381723 2.381723 2.381723 2.381723 31.250845 2.381723 31.251383 34.161034 30.873993 191.923317 32.442751 762.150666 2.381723 2.381723 2.381723 2.381723 2.381723 2.381723 2.381723 2.381723 2.381723 2.381723 2.381723 2.381723 2.381723 2.381723 2.381723 2.381723 2.381723 2.381723 2.381723 2.381723 1134.165184 2.381723 2.381723 2.381723 2.381723 31.789079 31.789079 34.580612 32.808188 191.923317 217.816621 241.626761 32.808188 33.603247 33.603247 33.603247 33.603247 39.731227
32.187793 33.603247 33.603247 36.745968 36.745968 2.381723 2.381723 2.381723 2.381723 2.381723 2.381723 39.519487 2.381723 39.731227 31.789079 35.596636 45.939596 2.381723 2.381723 55.829873 32.442751 30.938606 597.140164 2.381723 2.381723 2.381723 2.381723 2.381723 2.381723 2.381723 2.381723 2.381723 2.381723 2.381723 2.381723 2.381723 2.381723 2.381723 2.381723 2.381723 2.381723 211.431366 72.637222 55.829873 2.381723 2.381723 35.596636 2.381723 2.381723 48.833328 31.251383 32.808188 85.076687 174.062942 32.442751 30.873993 31.251383 51.958070 41.773019 41.022763
39.731227 39.731227 2.381723 31.789079 34.161034 33.200498 2.381723 34.161034 39.731227 39.731227 2.381723 2.381723 2.381723 39.731227 49.347330 49.347330 33.200498 2.381723 2.381723 35.596636 55.829873 675.310800 605.998629 2.381723 2.381723 2.381723 2.381723 2.381723 2.381723 2.381723 2.381723 2.381723 2.381723 2.381723 2.381723 2.381723 2.381723 2.381723 2.381723 2.381723 2.381723 172.231263 217.816621 241.626761 211.431366 2.381723 2.381723 2.381723 2.381723 31.789079 39.731227 34.953540 198.267040 200.519656 52.752315 55.829873 69.632235 49.794135 51.958070 51.958070
39.731227 49.347330 2.381723 2.381723 2.381723 2.381723 2.381723 31.789079 34.161034 32.808188 2.381723 2.381723 34.902362 39.731227 36.745968 36.745968 36.745968 39.731227 2.381723 88.824084 2.381723 2.381723 2.381723 2.381723 2.381723 2.381723 2.381723 2.381723 2.381723 2.381723 2.381723 2.381723 2.381723 2.381723 2.381723 2.381723 2.381723 2.381723 2.381723 2.381723 2.381723 217.816621 183.495608 217.816621 752.274323 2.381723 2.381723 2.381723 48.833328 39.731227 31.251383 200.519656 191.923317 241.626761 31.791555 35.596636 51.958070 62.084244 36.470023 51.958070
49.347330 39.731227 49.347330 39.731227 2.381723 2.381723 2.381723 36.745968 30.873993 36.745968 2.381723 39.731227 39.731227 49.347330 2.381723 34.161034 34.161034 2.381723 2.381723 2.381723 2.381723 2.381723 54.713710 2.381723 2.381723 2.381723 2.381723 2.381723 2.381723 2.381723 2.381723 2.381723 2.381723 2.381723 2.381723 2.381723 2.381723 2.381723 2.381723 2.381723 174.062942 174.062942 183.495608 241.626761 198.267040 2.381723 49.794135 49.794135 32.690345 39.731227 33.603247 33.123432 198.267040 91.762386 52.752315 35.596636 33.603247 51.958070 31.283680 151.665761
36.407377 36.407377 49.347330 2.381723 2.381723 36.745968 36.745968 32.808188 2.381723 2.381723 39.731227 36.745968 33.200498 49.347330 49.347330 39.731227 36.745968 2.381723 2.381723 2.381723 2.381723 2.381723 2.381723 2.381723 2.381723 2.381723 2.381723 2.381723 2.381723 2.381723 2.381723 2.381723 2.381723 2.381723 2.381723 2.381723 2.381723 2.381723 2.381723 2.381723 174.062942 174.062942 2.381723 2.381723 2.381723 34.124155 31.283680 50.357995 2.381723 39.519487 39.731227 31.251383 220.820894 174.062942 129.480461 30.873993 51.958070 33.603247 36.066681 174.062942
39.731227 49.347330 39.731227 2.381723 2.381723 39.519487 36.745968 2.381723 2.381723 2.381723 36.745968 32.808188 32.808188 32.808188 39.519487 39.519487 34.124155 2.381723 2.381723 2.381723 2.381723 2.381723 2.381723 2.381723 2.381723 2.381723 2.381723 2.381723 2.381723 2.381723 2.381723 2.381723 2.381723 2.381723 2.381723 2.381723 2.381723 2.381723 217.816621 183.495608 174.062942 174.062942 2.381723 174.062942 217.816621 200.519656 31.283680 33.603247 49.794135 48.096483 174.062942 69.632235 257.832244 123.953705 48.096483 36.470023 51.958070 33.603247 174.062942 589.485549
39.731227 39.731227 2.381723 2.381723 2.381723 2.381723 2.381723 2.381723 2.381723 39.731227 36.745968 32.442751 30.873993 39.519487 2.381723 2.381723 2.381723 2.381723 2.381723 2.381723 2.381723 2.381723 2.381723 2.381723 2.381723 2.381723 2.381723 2.381723 2.381723 2.381723 2.381723 2.381723 2.381723 2.381723 2.381723 2.381723 2.381723 2.381723 2.381723 2.381723 2.381723 2.381723 172.231263 217.816621 172.231263 33.603247 31.283680 2.381723 31.789079 191.923317 105.027196 257.860085 191.923317 39.731227 32.442751 33.848517 208.260583 198.267040 198.267040 589.485549
31.250845 2.381723 2.381723 39.519487 2.381723 39.519487 2.381723 39.519487 35.596636 34.124155 2.381723 2.381723 2.381723 2.381723 2.381723 2.381723 2.381723 2.381723 2.381723 2.381723 2.381723 2.381723 2.381723 2.381723 2.381723 2.381723 2.381723 2.381723 2.381723 2.381723 2.381723 2.381723 2.381723 2.381723 2.381723 2.381723 2.381723 2.381723 2.381723 217.816621 179.792847 217.816621 241.626761 172.231263 179.306663 31.251383 31.789079 33.603247 34.124155 174.062942 174.062942 105.027196 140.959324 198.267040 257.832244 35.596636 220.820894 421.790505 356.149281 919.207666
2.381723 2.381723 39.519487 2.381723 2.381723 2.381723 2.381723 2.381723 2.381723 2.381723 2.381723 2.381723 2.381723 2.381723 2.381723 2.381723 2.381723 2.381723 2.381723 2.381723 2.381723 2.381723 2.381723 2.381723 2.381723 2.381723 2.381723 2.381723 2.381723 2.381723 2.381723 2.381723 2.381723 2.381723 2.381723 2.381723 2.381723 191.923317 151.665761 217.816621 194.428208 194.428208 174.062942 495.403231 2.381723 31.251383 51.958070 30.873993 49.347330 48.833328 233.621461 105.027196 174.062942 257.832244 241.626761 217.048826 153.845359 151.665761 2.381723 237.152534
39.731227 35.596636 39.519487 2.381723 2.381723 2.381723 2.381723 2.381723 2.381723 2.381723 2.381723 2.381723 2.381723 2.381723 2.381723 2.381723 2.381723 2.381723 2.381723 2.381723 2.381723 2.381723 2.381723 2.381723 2.381723 2.381723 2.381723 2.381723 2.381723 217.048826 2.381723 2.381723 2.381723 2.381723 2.381723 161.397288 174.062942 217.816621 174.062942 140.959324 194.428208 72.637222 179.792847 2.381723 2.381723 2.381723 35.020070 45.939596 45.939596 31.789079 233.621461 174.062942 179.792847 174.062942 129.480461 206.235988 201.629244 177.398511 2.381723 2.381723
