Big_Beef/DataInputs30m/o_10_ChemistryPools/1990_Mar2025/DOC_Pool_2.asc
ncols 345
nrows 426
xllcorner 508536.40413180296
yllcorner 5265678.99790656
cellsize 30
nodata_value -9999
[rows 81 to 107 of 426, columns 248 to 309 of 345]
8.185470 7.258356 8.472138 8.185470 8.143786 8.143786 8.880230 8.566283 8.185470 8.527786 8.666194 432.789706 152.018166 8.559008 152.018166 283.756833 243.157180 243.157180 155.399268 155.399268 172.874486 243.157180 115.198755 115.198755 115.198755 8.527786 7.960920 8.185470 7.924563 7.627601 8.185470 7.848210 0.567729 9.427893 9.427893 8.118949 7.719987 0.567729 0.567729 9.427893 7.848210 8.307378 8.307378 0.567729 9.718161 11.948080 0.567729 0.567729 0.567729 0.567729 0.567729 0.567729 0.567729 8.094670 8.009970 0.567729 0.567729 8.546749 8.853110 7.660919 8.009970 8.009970
7.258356 8.472138 8.472138 8.185470 8.185470 8.143786 8.880230 7.258356 8.094670 226.789944 8.666194 8.527786 8.527786 152.018166 152.018166 243.157180 243.157180 267.132807 243.157180 244.629223 244.629223 115.198755 172.874486 172.874486 115.198755 8.527786 8.185470 8.009970 8.880230 7.258356 8.185470 0.567729 0.567729 0.567729 0.567729 8.140629 9.110546 0.567729 0.567729 0.567729 9.110546 0.567729 9.427893 8.307378 8.307378 11.948080 0.567729 0.567729 0.567729 0.567729 9.427893 0.567729 7.572264 8.143786 8.009970 0.567729 7.848210 8.955778 8.009970 0.567729 8.094670 8.009970
7.983047 8.566283 8.566283 7.627601 7.258356 7.258356 8.880230 8.185470 226.789944 189.900618 7.960920 7.960920 8.009970 267.132807 175.922163 213.472841 213.472841 226.159176 8.009970 9.718161 8.943272 267.132807 243.157180 172.874486 164.573392 432.789706 8.185470 8.185470 7.258356 7.258356 8.944230 0.567729 0.567729 12.181728 8.140629 0.567729 9.110546 0.567729 0.567729 0.567729 0.567729 0.567729 9.427893 7.848210 9.718161 7.848210 0.567729 0.567729 0.567729 0.567729 8.094670 0.567729 0.567729 8.395418 8.094670 7.848210 0.567729 8.009970 8.009970 192.546230 8.094670 7.848210
7.983047 8.472138 7.258356 7.983047 8.156663 8.156663 7.983047 8.185470 115.198755 245.919633 270.353717 8.024650 8.094670 7.611294 267.132807 283.756833 213.472841 8.094670 247.280374 8.094670 8.094670 8.268703 8.026043 172.874486 226.789944 189.900618 8.024650 7.258356 7.258356 7.258356 8.944230 9.427893 9.427893 8.140629 8.880230 8.880230 9.718161 7.848210 9.718161 0.567729 0.567729 8.806549 0.567729 8.529298 9.718161 9.427893 9.427893 0.567729 0.567729 0.567729 8.094670 8.094670 8.094670 8.090629 8.094670 8.094670 0.567729 9.718161 8.268703 8.395418 8.094670 7.611294
7.258356 7.258356 7.258356 7.983047 8.156663 8.156663 8.094670 8.666194 172.874486 245.919633 284.742267 270.353717 8.143786 8.094670 8.094670 8.009970 235.377300 7.719987 11.948080 8.094670 8.094670 8.094670 8.268703 267.132807 226.159176 172.874486 304.837047 8.024650 8.412064 7.924563 8.944230 11.948080 8.944230 8.880230 8.880230 8.185470 0.567729 0.567729 9.718161 9.110546 0.567729 0.567729 0.567729 9.427893 7.848210 9.427893 9.427893 7.845042 7.848210 0.567729 8.094670 8.094670 8.009970 8.880230 8.880230 0.567729 0.567729 8.683748 8.009970 8.395418 8.090629 7.611294
8.185470 8.185470 7.258356 8.094670 8.094670 7.983047 8.268703 8.009970 115.198755 172.874486 189.900618 270.353717 7.960920 8.185470 8.094670 8.094670 247.280374 290.846376 8.094670 8.094670 8.094670 8.185470 8.185470 8.009970 267.132807 267.132807 8.527786 8.024650 7.960920 8.024650 7.924563 8.024650 8.024650 8.024650 8.412064 8.143786 8.143786 8.880230 8.944230 9.718161 0.567729 0.567729 0.567729 7.848210 0.567729 0.567729 9.110546 0.567729 0.567729 0.567729 7.848210 0.567729 0.567729 7.848210 0.567729 0.567729 0.567729 9.427893 0.567729 0.567729 0.567729 0.567729
8.185470 0.567729 8.009970 8.683748 8.009970 8.009970 8.094670 8.009970 156.936016 172.874486 189.900618 8.527786 7.960920 8.185470 8.094670 8.094670 8.094670 8.094670 8.880230 7.719987 8.094670 8.880230 8.185470 8.094670 8.009970 8.527786 8.009970 8.009970 7.611294 8.009970 8.009970 8.009970 8.458815 10.400234 8.955778 8.009970 8.143786 8.880230 8.944230 8.268703 0.567729 0.567729 0.567729 0.567729 0.567729 0.567729 0.567729 11.180303 9.110546 0.567729 0.567729 12.613064 9.427893 0.567729 11.180303 11.180303 0.567729 0.567729 11.180303 9.427893 0.567729 0.567729
8.944230 0.567729 0.567729 0.567729 8.395418 8.395418 8.395418 236.882019 220.499869 172.874486 8.458815 8.806549 284.742267 194.891601 8.566283 8.094670 8.094670 10.205914 8.094670 8.090629 8.880230 11.948080 8.094670 8.185470 8.268703 8.009970 8.090629 8.185470 8.009970 8.009970 8.009970 8.009970 8.009970 8.009970 8.026043 7.611294 8.009970 8.880230 0.567729 0.567729 0.567729 0.567729 0.567729 0.567729 0.567729 0.567729 9.427893 9.718161 9.718161 11.948080 10.026309 11.948080 12.613064 11.581321 8.955778 8.546749 8.009970 11.948080 68.470381 11.180303 12.613064 11.948080
8.955778 7.627601 0.567729 0.567729 7.627601 7.848210 0.567729 0.567729 220.499869 172.874486 172.874486 172.874486 284.742267 270.353717 7.258356 8.185470 11.948080 8.268703 8.880230 8.094670 8.566283 11.948080 8.094670 8.185470 8.268703 8.009970 8.880230 8.185470 8.009970 8.185470 8.880230 8.185470 8.090629 8.880230 8.090629 8.094670 8.094670 8.880230 0.567729 0.567729 0.567729 0.567729 0.567729 0.567729 0.567729 0.567729 0.567729 8.307378 8.268703 11.948080 9.427893 9.427893 9.427893 9.427893 11.581321 9.718161 8.009970 152.018166 76.140888 89.082999 12.613064 10.335325
7.848210 8.009970 8.944230 0.567729 0.567729 0.567729 0.567729 8.307378 267.132807 267.132807 220.499869 115.198755 115.198755 164.573392 8.024650 8.024650 8.185470 11.948080 8.880230 8.880230 8.094670 8.880230 8.880230 0.567729 8.009970 8.683748 8.683748 8.185470 7.848210 7.848210 8.307378 8.880230 0.567729 8.307378 8.880230 8.090629 11.948080 7.993052 0.567729 0.567729 0.567729 0.567729 0.567729 0.567729 11.948080 9.427893 11.948080 9.718161 8.268703 9.718161 9.427893 9.427893 9.427893 9.427893 9.427893 9.110546 8.185470 11.581321 76.140888 69.279353 140.094944 140.094944
77.785687 0.567729 127.350452 127.350452 0.567729 0.567729 0.567729 316.207794 243.157180 172.874486 244.629223 172.874486 172.874486 156.936016 169.496639 296.333577 8.009970 8.880230 8.339425 0.567729 9.718161 8.880230 8.185470 7.848210 8.683748 7.848210 0.567729 7.848210 7.715301 7.715301 0.567729 7.848210 0.567729 7.848210 11.948080 9.718161 8.519772 0.567729 0.567729 0.567729 0.567729 0.567729 0.567729 0.567729 7.848210 11.948080 9.718161 7.848210 8.094670 8.955778 0.567729 0.567729 9.427893 9.427893 9.427893 9.427893 68.470381 9.427893 68.470381 76.140888 140.094944 68.470381
218.229606 316.207794 316.207794 8.944230 8.009970 0.567729 0.567729 226.159176 213.472841 8.009970 172.874486 172.874486 220.499869 128.806641 231.316391 220.499869 8.009970 8.009970 8.185470 8.944230 7.848210 8.052472 9.718161 9.718161 0.567729 7.626531 0.567729 0.567729 0.567729 7.626531 0.567729 9.427893 7.848210 9.718161 9.718161 8.307378 7.719987 0.567729 0.567729 0.567729 0.567729 0.567729 9.718161 0.567729 0.567729 9.427893 9.718161 0.567729 7.848210 8.955778 11.581321 9.427893 9.427893 9.427893 12.077087 12.230556 68.470381 316.207794 68.470381 68.470381 78.845547 26.357346
267.132807 8.009970 8.009970 8.955778 8.094670 8.052472 0.567729 0.567729 7.627601 0.567729 7.627601 267.132807 267.132807 8.009970 244.629223 336.549104 8.683748 8.094670 8.185470 8.185470 8.880230 0.567729 11.948080 9.718161 0.567729 7.848210 7.848210 7.848210 11.180303 10.026309 9.110546 11.180303 11.948080 8.268703 8.094670 11.790050 8.265003 8.265003 7.993052 8.156663 0.567729 8.880230 9.718161 0.567729 0.567729 7.848210 7.848210 7.848210 8.268703 8.955778 7.848210 9.427893 9.427893 9.427893 12.613064 78.845547 316.207794 68.470381 9.427893 316.207794 26.357346 0.567729
267.132807 8.009970 8.185470 8.185470 8.009970 8.009970 0.567729 8.009970 7.627601 0.567729 8.009970 8.094670 0.567729 0.567729 45.073397 12.181728 7.715301 8.156663 8.094670 8.094670 8.094670 8.094670 8.185470 8.880230 9.718161 7.848210 8.307378 0.567729 9.718161 9.718161 9.718161 9.718161 8.268703 8.268703 0.567729 7.848210 7.719987 8.880230 8.094670 8.090629 8.944230 8.094670 11.948080 0.567729 7.848210 9.718161 0.567729 7.848210 8.955778 8.026043 9.427893 9.427893 9.427893 12.077087 12.319661 11.717977 26.357346 68.470381 9.427893 9.427893 9.427893 0.567729
0.567729 0.567729 7.848210 0.567729 8.683748 7.627601 0.567729 7.627601 11.581321 7.404771 8.009970 8.094670 7.848210 9.718161 0.567729 9.427893 0.567729 9.718161 0.567729 8.322520 8.090629 0.567729 0.567729 9.718161 8.185470 0.567729 9.427893 8.880230 8.268703 8.268703 8.268703 8.026043 8.268703 0.567729 0.567729 9.427893 8.880230 0.567729 8.307378 8.880230 8.268703 8.094670 11.948080 9.718161 0.567729 0.567729 0.567729 8.268703 8.268703 8.268703 8.955778 9.427893 11.180303 10.335325 11.790050 11.790050 10.335325 220.499869 9.427893 12.230556 9.427893 7.719987
0.567729 12.639899 7.848210 8.268703 316.207794 403.461085 177.192559 0.567729 7.626531 0.567729 8.094670 11.948080 8.185470 10.026309 11.180303 8.140629 7.626531 7.848210 0.567729 9.427893 7.715301 9.718161 9.718161 9.718161 0.567729 0.567729 0.567729 8.307378 8.268703 8.307378 7.711425 0.567729 8.026043 9.718161 9.718161 0.567729 8.880230 7.848210 0.567729 0.567729 8.268703 8.094670 0.567729 8.094670 0.567729 0.567729 7.848210 8.009970 8.094670 8.268703 12.097836 9.427893 11.180303 11.790050 8.955778 11.790050 10.205914 9.427893 12.230556 0.567729 0.567729 7.719987
0.567729 8.026043 7.848210 0.567729 0.567729 11.581321 177.192559 0.567729 8.094670 8.094670 8.094670 8.094670 8.009970 8.094670 0.567729 0.567729 0.567729 0.567729 0.567729 0.567729 0.567729 0.567729 0.567729 0.567729 0.567729 0.567729 0.567729 0.567729 0.567729 0.567729 0.567729 7.848210 0.567729 0.567729 0.567729 0.567729 0.567729 0.567729 7.848210 0.567729 0.567729 0.567729 0.567729 0.567729 0.567729 9.110546 7.848210 0.567729 8.009970 8.026043 9.427893 10.335325 9.427893 9.427893 8.955778 9.427893 10.335325 11.948080 9.110546 9.427893 0.567729 7.711425
12.639899 7.627601 8.955778 0.567729 0.567729 9.427893 0.567729 8.009970 8.094670 8.009970 7.611294 0.567729 8.094670 0.567729 0.567729 0.567729 0.567729 0.567729 0.567729 0.567729 0.567729 8.550965 0.567729 11.948080 0.567729 0.567729 0.567729 9.427893 0.567729 0.567729 9.427893 12.613064 0.567729 12.639899 8.307378 0.567729 9.718161 0.567729 8.307378 9.718161 0.567729 0.567729 7.848210 9.718161 0.567729 9.110546 9.718161 7.715301 8.880230 8.955778 11.948080 7.885711 9.427893 9.427893 9.427893 9.427893 10.205914 9.427893 11.948080 0.567729 0.567729 9.718161
7.848210 7.627601 7.848210 0.567729 66.229770 177.192559 0.567729 8.094670 7.611294 8.009970 8.094670 8.094670 8.880230 8.268703 0.567729 0.567729 0.567729 11.948080 11.948080 0.567729 7.715301 8.094670 11.948080 7.924563 0.567729 0.567729 7.848210 12.639899 9.110546 9.427893 12.613064 9.427893 12.613064 12.639899 8.268703 0.567729 11.948080 0.567729 0.567729 0.567729 0.567729 0.567729 9.427893 9.718161 9.718161 0.567729 9.718161 9.718161 8.395418 0.567729 8.955778 8.185470 9.427893 11.948080 11.948080 11.790050 10.335325 9.427893 8.508353 0.567729 0.567729 7.711425
7.848210 7.848210 0.567729 0.567729 0.567729 0.567729 0.567729 0.567729 8.268703 7.611294 8.094670 8.185470 8.094670 8.094670 9.718161 7.626531 7.944953 8.268703 11.948080 11.948080 11.948080 8.094670 8.094670 8.880230 11.948080 9.718161 7.848210 0.567729 7.848210 7.848210 7.626531 11.180303 9.427893 12.613064 8.268703 0.567729 0.567729 9.718161 0.567729 8.307378 9.427893 11.948080 9.718161 7.848210 11.948080 0.567729 7.848210 0.567729 0.567729 0.567729 8.955778 8.185470 11.948080 9.427893 9.427893 9.427893 9.718161 11.180303 0.567729 0.567729 0.567729 0.567729
7.848210 7.848210 8.944230 0.567729 7.627601 8.268703 0.567729 0.567729 174.921374 252.930360 8.094670 8.094670 8.094670 8.094670 8.268703 9.718161 8.880230 8.094670 8.566283 11.948080 8.566283 8.268703 8.880230 8.268703 11.948080 11.948080 11.948080 11.948080 9.718161 9.718161 11.948080 11.948080 9.718161 9.718161 11.948080 0.567729 0.567729 9.427893 0.567729 9.718161 9.718161 8.268703 8.880230 8.268703 11.948080 0.567729 7.848210 0.567729 0.567729 0.567729 8.955778 11.948080 9.427893 9.427893 8.806549 9.427893 12.077087 9.427893 9.427893 0.567729 0.567729 0.567729
7.848210 8.307378 8.268703 8.009970 8.009970 8.268703 0.567729 8.009970 265.276866 156.936016 8.009970 8.094670 8.094670 8.094670 8.094670 8.094670 8.009970 8.094670 8.880230 0.567729 7.993052 7.993052 7.993052 8.268703 8.268703 8.268703 8.880230 8.094670 8.094670 8.880230 8.094670 8.094670 8.094670 7.611294 7.506712 0.567729 8.156663 9.427893 8.268703 8.268703 8.026043 8.268703 205.351423 9.718161 192.546230 192.546230 0.567729 9.427893 0.567729 8.955778 11.948080 11.948080 10.335325 10.335325 11.180303 11.180303 11.790050 9.427893 0.567729 0.567729 0.567729 9.427893
9.718161 8.185470 8.268703 8.009970 8.955778 0.567729 0.567729 0.567729 156.936016 8.009970 8.009970 8.094670 8.094670 8.094670 8.955778 8.955778 8.009970 9.427893 0.567729 0.567729 9.427893 8.094670 7.993052 8.268703 8.307378 8.307378 8.094670 8.094670 8.094670 8.880230 0.567729 0.567729 8.026043 7.924563 8.395418 0.567729 0.567729 8.268703 11.948080 7.848210 8.944230 9.718161 49.113188 49.113188 448.967114 149.817380 0.567729 7.848210 0.567729 8.268703 8.955778 7.885711 11.180303 11.180303 11.180303 11.180303 10.335325 0.567729 0.567729 0.567729 0.567729 9.427893
8.185470 8.268703 8.185470 8.944230 8.185470 8.268703 0.567729 0.567729 226.159176 0.567729 8.143786 8.094670 8.094670 8.094670 8.268703 8.955778 8.955778 8.955778 0.567729 0.567729 8.307378 8.094670 8.094670 0.567729 9.718161 0.567729 9.718161 8.094670 8.094670 8.880230 0.567729 8.307378 8.566283 8.026043 9.427893 9.427893 9.427893 9.718161 8.268703 8.094670 8.174079 8.174079 7.719987 8.395418 8.009970 267.132807 0.567729 8.546749 0.567729 8.546749 12.230556 10.335325 9.427893 9.427893 11.180303 11.180303 9.427893 0.567729 0.567729 0.567729 0.567729 0.567729
8.185470 8.185470 8.185470 8.185470 8.185470 8.944230 0.567729 0.567729 0.567729 0.567729 8.880230 8.094670 8.094670 8.094670 8.094670 8.955778 7.627601 7.848210 0.567729 11.180303 8.880230 8.094670 8.458815 8.268703 8.880230 9.718161 7.711425 8.094670 8.880230 8.094670 9.718161 0.567729 7.848210 7.848210 0.567729 8.322520 9.718161 0.567729 8.268703 8.094670 8.955778 8.094670 259.301616 7.848210 8.009970 8.009970 0.567729 8.546749 9.427893 9.718161 11.948080 11.717977 9.427893 8.527786 11.180303 11.180303 9.427893 0.567729 0.567729 0.567729 0.567729 0.567729
7.924563 7.924563 8.412064 8.185470 8.185470 0.567729 0.567729 223.228308 0.567729 0.567729 8.185470 8.094670 0.567729 8.094670 8.268703 0.567729 8.268703 9.718161 9.718161 0.567729 8.880230 8.094670 0.567729 8.094670 8.880230 8.944230 0.567729 7.711425 8.307378 0.567729 9.718161 9.718161 7.848210 0.567729 0.567729 8.395418 0.567729 9.718161 9.718161 0.567729 0.567729 0.567729 7.944953 0.567729 0.567729 0.567729 9.427893 0.567729 0.567729 7.848210 7.848210 11.790050 9.427893 9.427893 8.527786 11.581321 12.319661 0.567729 0.567729 0.567729 0.567729 0.567729
8.185470 0.567729 10.227803 7.848210 7.848210 0.567729 0.567729 0.567729 0.567729 0.567729 0.567729 0.567729 0.567729 0.567729 0.567729 0.567729 0.567729 0.567729 0.567729 0.567729 0.567729 0.567729 0.567729 0.567729 0.567729 0.567729 0.567729 0.567729 0.567729 0.567729 0.567729 0.567729 0.567729 9.718161 0.567729 0.567729 0.567729 0.567729 0.567729 0.567729 9.718161 0.567729 0.567729 0.567729 7.848210 0.567729 0.567729 9.427893 0.567729 9.718161 9.721048 9.427893 9.427893 9.427893 8.527786 11.581321 12.319661 0.567729 0.567729 0.567729 0.567729 9.427893
