Big_Beef/DataInputs30m/o_10_ChemistryPools/1990_Mar2025/DOC_Pool_2.asc
ncols 345
nrows 426
xllcorner 508536.40413180296
yllcorner 5265678.99790656
cellsize 30
nodata_value -9999
[rows 135 to 161 of 426, columns 248 to 309 of 345]
7.924563 7.924563 8.944230 0.567729 0.567729 8.339425 8.307378 7.944953 9.427893 8.566283 8.185470 8.185470 8.944230 0.567729 0.567729 8.944230 8.944230 7.848210 0.567729 0.567729 8.955778 8.268703 8.955778 8.955778 8.955778 8.094670 8.094670 8.268703 8.094670 8.094670 8.268703 8.094670 0.567729 11.948080 9.718161 7.983047 0.567729 0.567729 0.567729 0.567729 0.567729 0.567729 7.848210 10.615513 8.955778 8.094670 8.268703 0.567729 0.567729 0.567729 0.567729 8.395418 8.009970 8.009970 0.567729 8.268703 12.613064 0.567729 7.848210 8.094670 8.094670 11.948080
7.924563 7.924563 7.924563 0.567729 0.567729 7.924563 8.185470 7.944953 8.472138 7.924563 8.185470 0.567729 0.567729 0.567729 9.718161 8.944230 8.944230 7.848210 12.613064 0.567729 11.180303 7.627601 8.955778 9.718161 10.205914 8.458815 8.094670 8.268703 8.094670 8.268703 8.955778 8.955778 10.205914 8.880230 9.718161 8.094670 8.094670 0.567729 0.567729 0.567729 0.567729 0.567729 7.848210 7.627601 8.094670 8.094670 0.567729 0.567729 0.567729 0.567729 8.094670 7.611294 8.009970 8.094670 0.567729 0.567729 0.567729 0.567729 7.848210 7.848210 8.955778 8.268703
7.924563 7.924563 7.924563 7.924563 8.472138 7.924563 9.298987 7.258356 8.472138 8.955778 8.009970 8.268703 0.567729 7.848210 7.848210 8.944230 8.944230 7.848210 12.613064 0.567729 8.944230 7.848210 7.627601 8.094670 8.094670 10.205914 8.094670 8.094670 8.955778 8.458815 8.853110 8.143786 8.955778 8.174079 8.094670 8.880230 7.983047 0.567729 0.567729 0.567729 0.567729 0.567729 0.567729 7.848210 7.944953 0.567729 0.567729 0.567729 0.567729 8.094670 7.611294 7.611294 9.718161 8.094670 8.094670 8.880230 7.983047 0.567729 0.567729 0.567729 0.567729 0.567729
8.185470 7.924563 8.185470 7.924563 0.567729 9.298987 7.924563 8.666194 8.666194 8.268703 8.009970 8.268703 0.567729 9.718161 7.848210 0.567729 0.567729 0.567729 9.427893 7.626531 8.955778 0.567729 7.848210 8.094670 8.268703 8.458815 8.094670 8.268703 8.955778 8.853110 8.955778 8.955778 8.094670 8.174079 8.094670 8.052472 0.567729 0.567729 0.567729 0.567729 0.567729 0.567729 0.567729 0.567729 0.567729 0.567729 0.567729 0.567729 0.567729 0.567729 0.567729 0.567729 8.090629 8.094670 8.094670 11.948080 11.948080 8.094670 0.567729 0.567729 0.567729 0.567729
7.611294 8.268703 9.718161 8.009970 8.185470 8.156663 9.706112 10.400234 8.026043 7.627601 7.848210 8.268703 0.567729 9.718161 9.718161 9.718161 7.848210 9.427893 7.848210 0.567729 8.185470 8.185470 8.094670 8.955778 8.955778 8.268703 8.094670 8.094670 8.955778 8.955778 12.613064 8.268703 8.458815 8.268703 8.094670 8.880230 0.567729 0.567729 0.567729 0.567729 0.567729 0.567729 0.567729 0.567729 0.567729 0.567729 0.567729 0.567729 0.567729 0.567729 0.567729 0.567729 8.094670 8.615278 8.094670 0.567729 8.094670 0.567729 0.567729 0.567729 0.567729 0.567729
8.268703 8.156663 8.268703 9.718161 8.026043 8.026043 8.009970 8.268703 8.009970 9.427893 8.307378 11.948080 11.948080 11.948080 11.948080 11.948080 9.718161 9.718161 8.944230 7.626531 8.094670 8.094670 8.094670 10.205914 9.718161 12.319661 8.094670 8.094670 8.094670 8.268703 8.268703 7.611294 8.094670 8.268703 8.268703 8.094670 0.567729 0.567729 0.567729 0.567729 0.567729 0.567729 0.567729 0.567729 0.567729 0.567729 0.567729 0.567729 0.567729 0.567729 7.627601 8.094670 7.848210 0.567729 7.848210 9.427893 0.567729 0.567729 11.180303 0.567729 0.567729 0.567729
7.627601 7.627601 7.711425 8.944230 8.156663 8.268703 7.848210 8.880230 7.848210 11.180303 7.715301 8.094670 11.948080 11.948080 11.948080 11.948080 11.948080 8.094670 8.094670 8.094670 8.094670 8.094670 8.094670 8.268703 7.627601 8.395418 8.009970 9.427893 9.427893 8.955778 8.268703 7.627601 8.955778 7.611294 7.627601 8.955778 0.567729 0.567729 0.567729 0.567729 0.567729 0.567729 0.567729 0.567729 0.567729 0.567729 11.948080 7.719987 10.227803 55.632405 257.455535 8.009970 0.567729 0.567729 0.567729 0.567729 9.718161 0.567729 0.567729 0.567729 0.567729 0.567729
9.427893 7.715301 8.038917 8.307378 7.715301 12.639899 9.427893 0.567729 0.567729 11.180303 8.307378 8.268703 11.948080 11.948080 11.948080 11.948080 11.948080 8.094670 8.094670 8.094670 8.094670 8.094670 8.268703 12.613064 8.683748 8.307378 8.009970 7.627601 9.427893 9.427893 8.683748 9.427893 7.627601 7.627601 11.581321 0.567729 0.567729 0.567729 0.567729 0.567729 0.567729 0.567729 0.567729 0.567729 0.567729 0.567729 7.715301 10.227803 10.227803 125.160729 223.228308 0.567729 0.567729 8.944230 0.567729 0.567729 8.094670 0.567729 0.567729 0.567729 0.567729 0.567729
9.427893 8.038917 8.038917 9.427893 0.567729 9.427893 9.427893 8.038917 0.567729 0.567729 7.848210 8.268703 8.268703 11.948080 11.948080 11.948080 11.948080 8.268703 8.094670 8.094670 8.094670 8.094670 8.268703 7.848210 8.683748 7.848210 7.715301 9.427893 9.427893 9.427893 9.427893 9.427893 9.427893 9.427893 12.077087 8.683748 0.567729 0.567729 0.567729 0.567729 0.567729 0.567729 0.567729 0.567729 0.567729 0.567729 172.062098 8.268703 247.280374 122.405065 7.848210 0.567729 0.567729 11.948080 7.848210 8.307378 8.955778 10.026309 0.567729 0.567729 0.567729 0.567729
9.427893 9.427893 9.427893 11.180303 0.567729 0.567729 0.567729 8.307378 12.613064 10.026309 8.268703 8.268703 8.268703 11.948080 10.461334 8.566283 11.948080 8.094670 8.094670 11.948080 8.094670 8.094670 8.268703 8.955778 11.948080 11.948080 8.683748 7.715301 9.427893 9.427893 9.427893 7.848210 7.848210 9.427893 12.077087 7.715301 0.567729 0.567729 0.567729 0.567729 0.567729 0.567729 0.567729 0.567729 7.611294 9.718161 8.566283 247.280374 68.470381 76.140888 7.848210 8.944230 8.944230 0.567729 8.185470 8.094670 9.427893 11.180303 9.718161 7.848210 0.567729 0.567729
0.567729 0.567729 12.639899 8.038917 11.180303 8.140629 7.848210 7.848210 8.268703 8.268703 8.094670 8.185470 11.948080 11.948080 10.461334 11.948080 8.268703 8.094670 8.094670 8.094670 8.094670 8.094670 8.094670 8.268703 7.848210 12.639899 12.639899 12.639899 9.427893 9.427893 9.427893 8.955778 8.955778 9.427893 8.683748 8.094670 0.567729 0.567729 0.567729 0.567729 0.567729 0.567729 0.567729 8.268703 8.955778 8.955778 213.472841 77.785687 192.546230 11.948080 11.948080 7.848210 7.848210 8.094670 8.094670 8.268703 7.848210 9.718161 0.567729 9.427893 0.567729 0.567729
11.180303 0.567729 9.427893 7.611294 8.156663 0.567729 0.567729 8.944230 8.268703 8.268703 8.268703 8.268703 11.948080 11.948080 11.948080 11.948080 10.461334 8.955778 8.955778 8.094670 8.094670 8.094670 8.094670 11.948080 10.461334 7.848210 12.639899 9.427893 9.427893 9.427893 8.955778 8.955778 7.627601 7.848210 8.955778 8.880230 11.948080 0.567729 10.461334 8.026043 0.567729 8.458815 8.094670 8.094670 8.955778 8.955778 226.159176 8.566283 8.458815 76.140888 11.948080 0.567729 7.711425 7.611294 8.094670 8.268703 0.567729 9.718161 0.567729 0.567729 0.567729 0.567729
0.567729 0.567729 0.567729 316.207794 289.134369 9.718161 9.718161 8.307378 8.094670 8.268703 8.094670 8.094670 8.268703 11.948080 11.948080 11.948080 10.461334 8.955778 8.009970 7.611294 8.094670 8.094670 10.461334 7.715301 10.461334 7.848210 12.639899 12.639899 9.427893 9.427893 9.427893 8.955778 11.948080 7.848210 8.683748 8.566283 0.567729 0.567729 8.268703 8.094670 8.458815 8.094670 8.094670 8.268703 8.268703 8.955778 272.764273 7.845042 11.948080 11.948080 11.948080 9.718161 7.848210 7.611294 8.094670 8.094670 11.948080 8.094670 8.307378 9.718161 8.307378 0.567729
8.683748 0.567729 10.026309 179.821003 9.718161 0.567729 9.427893 8.307378 8.094670 8.094670 8.094670 11.948080 11.948080 11.948080 11.948080 11.948080 10.461334 8.955778 8.955778 8.094670 8.094670 11.948080 11.948080 8.268703 8.268703 12.319661 7.848210 9.427893 0.567729 0.567729 9.427893 9.427893 7.848210 7.848210 8.683748 9.427893 0.567729 11.948080 12.319661 8.094670 8.094670 8.094670 8.094670 8.458815 11.948080 125.160729 8.331329 11.948080 11.948080 11.948080 11.948080 8.683748 8.094670 8.094670 8.094670 8.094670 8.094670 0.567729 0.567729 8.307378 8.307378 0.567729
9.427893 0.567729 8.307378 8.185470 8.185470 8.550965 9.427893 8.094670 0.567729 8.268703 8.094670 11.948080 11.948080 11.948080 11.948080 11.948080 11.948080 8.566283 8.955778 8.955778 8.094670 8.094670 11.948080 8.268703 8.052472 8.955778 8.683748 0.567729 0.567729 0.567729 0.567729 9.427893 8.307378 11.180303 9.427893 9.427893 8.268703 8.185470 8.026043 7.719987 8.094670 8.094670 8.094670 8.094670 260.397924 213.472841 125.160729 11.948080 10.227803 11.948080 11.948080 8.009970 8.009970 8.090629 8.094670 8.880230 9.718161 0.567729 0.567729 0.567729 8.307378 9.427893
0.567729 0.567729 0.567729 0.567729 9.427893 0.567729 0.567729 0.567729 0.567729 0.567729 0.567729 8.094670 11.948080 8.094670 8.094670 7.719987 8.339425 8.268703 8.955778 8.009970 8.268703 8.094670 8.566283 10.461334 9.718161 8.174079 8.683748 0.567729 0.567729 9.427893 9.427893 7.848210 8.009970 11.948080 11.948080 9.427893 9.427893 8.268703 12.319661 8.458815 8.094670 10.227803 8.094670 11.948080 172.874486 11.948080 11.948080 11.948080 11.948080 11.948080 10.227803 7.848210 7.715301 8.090629 9.718161 7.715301 0.567729 0.567729 0.567729 0.567729 0.567729 9.427893
0.567729 0.567729 8.307378 0.567729 0.567729 0.567729 0.567729 0.567729 0.567729 0.567729 0.567729 8.094670 8.094670 8.094670 8.094670 8.094670 8.307378 8.268703 8.268703 8.955778 11.948080 10.461334 11.948080 11.948080 9.718161 8.009970 8.052472 8.052472 0.567729 0.567729 0.567729 9.427893 7.848210 8.268703 11.948080 8.185470 8.331329 12.613064 8.268703 8.458815 7.719987 10.205914 8.268703 76.140888 8.094670 8.094670 11.948080 7.652711 9.718161 11.948080 7.848210 0.567729 0.567729 8.880230 0.567729 0.567729 9.110546 0.567729 0.567729 0.567729 0.567729 0.567729
0.567729 7.848210 7.848210 9.718161 0.567729 0.567729 0.567729 0.567729 0.567729 0.567729 9.718161 7.715301 7.611294 8.094670 8.094670 8.185470 8.880230 8.094670 8.268703 8.268703 8.268703 11.948080 8.174079 11.948080 8.268703 8.268703 11.948080 0.567729 0.567729 0.567729 0.567729 11.180303 7.848210 7.627601 11.948080 11.948080 12.613064 8.026043 8.458815 8.094670 8.094670 8.094670 8.094670 8.009970 11.948080 11.948080 11.948080 11.948080 11.948080 11.948080 8.094670 7.848210 7.848210 8.880230 0.567729 7.848210 9.718161 0.567729 0.567729 0.567729 0.567729 0.567729
8.944230 8.307378 7.848210 0.567729 0.567729 0.567729 0.567729 0.567729 0.567729 9.718161 0.567729 12.613064 0.567729 8.955778 8.094670 9.718161 8.094670 8.094670 8.094670 8.683748 10.227803 8.174079 8.307378 11.948080 8.268703 8.268703 0.567729 8.268703 0.567729 0.567729 9.427893 11.180303 7.848210 0.567729 7.848210 9.718161 12.613064 8.944230 8.458815 8.458815 10.227803 8.026043 8.955778 8.009970 8.880230 11.948080 11.948080 8.944230 152.018166 149.817380 8.094670 8.307378 7.848210 7.848210 9.427893 0.567729 7.848210 0.567729 0.567729 0.567729 0.567729 0.567729
8.268703 8.307378 7.711425 9.110546 11.180303 0.567729 9.718161 9.718161 8.307378 7.848210 0.567729 0.567729 0.567729 0.567729 0.567729 8.322520 0.567729 0.567729 0.567729 0.567729 0.567729 0.567729 0.567729 0.567729 0.567729 0.567729 0.567729 0.567729 0.567729 0.567729 0.567729 0.567729 0.567729 0.567729 0.567729 0.567729 0.567729 0.567729 9.718161 8.094670 8.094670 8.268703 8.566283 8.009970 9.718161 11.948080 11.948080 411.709048 76.140888 76.140888 8.566283 7.848210 9.718161 0.567729 0.567729 0.567729 0.567729 0.567729 0.567729 0.567729 0.567729 0.567729
0.567729 12.613064 9.427893 9.427893 8.307378 0.567729 8.307378 9.718161 9.427893 7.848210 10.026309 7.848210 0.567729 11.948080 0.567729 0.567729 7.848210 10.615513 0.567729 0.567729 9.427893 11.948080 9.427893 8.307378 8.307378 8.944230 8.307378 7.719987 7.719987 12.613064 8.009970 10.615513 10.461334 11.948080 9.718161 12.613064 0.567729 0.567729 0.567729 7.848210 7.848210 7.926391 8.955778 8.955778 11.948080 11.948080 8.268703 55.632405 55.632405 76.140888 11.948080 8.566283 0.567729 7.848210 7.848210 9.427893 0.567729 9.427893 9.110546 0.567729 0.567729 7.848210
9.718161 8.944230 7.848210 9.718161 11.948080 0.567729 8.307378 7.848210 0.567729 9.718161 9.718161 8.185470 9.718161 8.094670 8.094670 7.848210 8.955778 8.268703 8.268703 0.567729 0.567729 0.567729 0.567729 9.427893 8.307378 8.307378 8.307378 8.307378 8.307378 8.955778 8.009970 8.094670 8.094670 8.268703 10.227803 10.227803 10.227803 10.227803 0.567729 0.567729 7.848210 8.156663 8.955778 8.955778 7.715301 8.566283 11.948080 149.817380 11.948080 11.948080 11.948080 11.948080 9.718161 7.848210 9.427893 9.427893 9.427893 0.567729 0.567729 0.567729 0.567729 9.718161
8.268703 8.944230 7.848210 8.307378 8.185470 8.683748 7.848210 7.848210 7.848210 9.427893 7.848210 0.567729 7.848210 11.948080 8.094670 8.268703 8.268703 8.268703 12.613064 9.427893 0.567729 0.567729 0.567729 12.613064 7.848210 8.307378 9.427893 7.711425 7.711425 8.955778 8.009970 8.094670 10.461334 8.268703 10.227803 8.944230 8.944230 8.094670 11.948080 10.227803 0.567729 0.567729 0.567729 8.307378 7.944953 11.948080 7.719987 11.948080 11.948080 11.948080 11.948080 0.567729 11.948080 0.567729 0.567729 0.567729 7.715301 7.848210 0.567729 7.626531 7.848210 9.718161
9.718161 8.955778 7.848210 8.307378 8.307378 0.567729 0.567729 0.567729 0.567729 9.427893 7.711425 9.718161 8.307378 11.948080 0.567729 7.848210 7.848210 8.268703 0.567729 9.427893 9.427893 0.567729 9.427893 11.180303 9.718161 8.307378 9.427893 7.711425 7.711425 7.711425 8.009970 10.227803 8.094670 10.227803 8.026043 8.094670 8.094670 11.948080 11.948080 55.632405 55.632405 55.632405 0.567729 0.567729 8.307378 8.880230 8.094670 11.948080 9.718161 8.339425 11.948080 11.948080 9.427893 0.567729 0.567729 7.848210 7.848210 7.848210 11.948080 9.718161 9.718161 8.880230
8.955778 8.683748 9.427893 7.848210 0.567729 0.567729 0.567729 0.567729 0.567729 11.180303 7.848210 9.718161 8.307378 8.307378 9.718161 0.567729 8.268703 8.955778 8.546749 9.427893 9.427893 9.427893 9.427893 8.955778 9.718161 7.848210 8.307378 7.711425 8.307378 7.627601 8.009970 8.174079 11.948080 10.227803 8.268703 8.094670 7.719987 7.719987 76.140888 11.948080 72.909739 93.838984 9.718161 0.567729 8.307378 11.948080 11.948080 11.948080 11.948080 11.948080 11.948080 11.948080 0.567729 9.718161 9.718161 8.307378 9.718161 9.718161 8.185470 8.185470 0.567729 8.094670
0.567729 0.567729 0.567729 7.719987 0.567729 0.567729 9.718161 9.718161 11.180303 9.718161 7.848210 8.307378 8.307378 0.567729 7.848210 9.718161 7.848210 8.955778 8.307378 9.427893 11.948080 9.427893 8.683748 8.955778 8.307378 8.307378 8.307378 8.307378 8.307378 8.559008 8.009970 8.174079 8.944230 8.944230 8.944230 10.227803 7.719987 7.719987 8.566283 11.948080 11.948080 10.205914 10.461334 11.948080 0.567729 9.718161 11.948080 11.948080 11.948080 9.427893 9.427893 8.884446 8.880230 8.185470 7.848210 9.427893 7.848210 8.307378 8.880230 8.880230 8.185470 8.094670
0.567729 0.567729 0.567729 8.307378 8.268703 7.944953 7.944953 9.718161 11.948080 9.718161 8.955778 0.567729 9.427893 0.567729 0.567729 0.567729 0.567729 7.848210 8.955778 7.719987 9.427893 12.613064 9.427893 8.955778 8.307378 8.307378 8.307378 8.307378 8.026043 9.718161 8.268703 11.948080 12.613064 12.613064 10.227803 10.227803 8.458815 10.227803 8.268703 8.094670 12.319661 10.461334 10.227803 8.944230 0.567729 7.848210 11.948080 9.427893 9.718161 9.427893 0.567729 7.848210 8.880230 9.718161 9.427893 9.427893 9.427893 12.639899 7.715301 7.848210 7.715301 7.848210
