Big_Beef/DataInputs30m/o_10_ChemistryPools/1990_Mar2025/DOC_Pool_1.asc
ncols 345
nrows 426
xllcorner 508536.40413180296
yllcorner 5265678.99790656
cellsize 30
nodata_value -9999
[rows 54 to 80 of 426, columns 180 to 239 of 345]
34.419400 32.112966 33.200498 33.200498 33.123432 33.123432 33.200498 32.496362 32.496362 36.745968 36.745968 33.200498 32.442751 34.721165 217.816621 231.371655 528.873069 34.721165 34.721165 33.645435 231.371655 34.721165 32.442751 217.816621 999.932716 206.235988 893.975080 231.371655 217.816621 762.150666 893.975080 34.721165 51.958070 50.475675 50.462826 39.731227 32.442751 32.442751 32.442751 34.090065 356.149281 39.731227 39.731227 37.993960 123.953705 479.228951 213.920858 36.066681 36.066681 36.066681 34.490586 554.612194 36.745968 33.200498 32.442751 33.123432 33.200498 33.200498 33.200498 2.381723
32.112966 33.200498 33.200498 33.200498 35.602321 33.123432 33.123432 32.496362 34.792307 33.200498 33.200498 33.123432 34.721165 34.721165 231.371655 231.371655 39.731227 33.645435 32.545572 206.235988 179.792847 32.442751 32.442751 149.279244 504.882966 762.150666 893.975080 762.150666 217.816621 217.816621 75.633463 421.790505 51.958070 51.958070 39.731227 36.470023 32.442751 32.442751 421.790505 34.090065 34.090065 34.721165 50.475675 32.457855 34.090065 356.149281 34.090065 231.371655 231.371655 34.721165 893.975080 34.597601 33.123432 32.442751 217.816621 32.442751 35.602321 33.123432 597.140164 2.381723
32.112966 33.200498 33.200498 33.200498 33.200498 33.200498 33.200498 33.123432 36.745968 33.200498 33.200498 32.808188 30.938606 32.545572 151.665761 34.721165 36.470023 34.516283 32.442751 32.442751 34.721165 893.975080 35.760158 36.066681 762.150666 231.371655 194.428208 217.816621 597.140164 36.470023 316.235737 32.808188 51.958070 36.470023 36.470023 41.022763 43.599820 208.260583 32.442751 34.721165 32.442751 34.597601 32.641911 34.090065 34.129180 36.390328 34.721165 231.371655 231.371655 371.764931 34.721165 35.602321 34.721165 34.721165 893.975080 231.371655 217.816621 597.140164 35.760158 2.381723
33.123432 32.112966 33.200498 33.200498 32.496362 32.496362 32.496362 33.123432 36.745968 33.200498 32.442751 32.442751 39.731227 33.645435 34.721165 36.470023 34.516283 34.516283 30.938606 34.721165 231.371655 34.721165 239.032832 201.629244 762.150666 762.150666 153.845359 521.137926 32.442751 421.790505 50.786785 50.475675 49.347330 36.470023 43.599820 50.786785 245.705319 762.150666 32.442751 32.442751 32.442751 34.721165 34.090065 32.442751 34.129180 35.602321 39.731227 135.800040 371.764931 675.310800 762.150666 34.721165 231.371655 893.975080 388.220113 231.371655 762.150666 597.140164 30.938606 31.789079
34.792307 29.415519 32.496362 36.745968 32.496362 32.496362 32.496362 36.745968 36.745968 32.442751 32.442751 30.938606 34.516283 201.629244 36.470023 35.760158 34.516283 37.262775 37.262775 198.267040 217.816621 143.444572 217.816621 151.665761 32.442751 762.150666 36.407377 34.129180 504.882966 36.470023 32.442751 36.470023 36.470023 49.347330 39.731227 340.636492 34.721165 32.442751 32.442751 34.090065 34.721165 42.629037 34.090065 43.599820 35.602321 224.239002 356.149281 999.932716 893.975080 371.764931 217.816621 762.150666 231.371655 999.932716 231.371655 179.792847 893.975080 762.150666 2.381723 2.381723
32.496362 32.112966 33.200498 33.200498 33.200498 33.200498 36.745968 36.745968 605.998629 32.442751 32.442751 194.428208 193.150409 30.938606 34.721165 32.442751 35.760158 34.721165 39.731227 622.557441 893.975080 893.975080 36.470023 41.022763 32.442751 762.150666 34.129180 34.129180 33.603247 32.442751 32.442751 36.470023 36.470023 34.090065 421.790505 648.882337 32.808188 36.470023 32.442751 36.470023 32.442751 34.721165 37.993960 32.442751 35.602321 35.602321 421.790505 231.371655 421.790505 231.371655 140.959324 554.612194 893.975080 193.150409 33.160881 36.407377 421.790505 193.150409 30.938606 217.048826
32.496362 32.112966 34.129180 34.129180 33.200498 33.200498 32.808188 32.442751 217.816621 554.612194 762.150666 893.975080 151.665761 32.442751 32.442751 32.442751 30.938606 36.470023 36.470023 762.150666 36.470023 36.470023 33.603247 33.603247 36.407377 36.407377 2.381723 34.129180 34.129180 36.470023 2.381723 33.603247 33.603247 2.381723 2.381723 2.381723 32.808188 36.470023 32.808188 34.721165 36.470023 36.470023 32.442751 32.442751 50.786785 32.808188 32.808188 34.721165 421.790505 762.150666 179.792847 184.921590 217.816621 554.612194 32.442751 36.407377 36.407377 153.845359 33.603247 2.381723
33.200498 33.200498 32.808188 32.808188 32.808188 32.808188 34.721165 217.816621 893.975080 217.816621 217.816621 217.816621 201.629244 32.442751 32.545572 36.470023 597.140164 421.790505 51.958070 762.150666 32.442751 32.641911 32.641911 41.983073 2.381723 2.381723 2.381723 2.381723 2.381723 2.381723 2.381723 2.381723 2.381723 2.381723 2.381723 2.381723 2.381723 2.381723 30.938606 34.721165 32.442751 41.022763 231.371655 217.816621 41.983073 36.470023 35.602321 231.371655 421.790505 388.220113 217.816621 762.150666 2.381723 762.150666 32.808188 36.745968 33.200498 33.123432 2.381723 2.381723
33.200498 33.200498 32.808188 33.603247 36.470023 34.090065 34.090065 143.444572 217.816621 217.816621 217.816621 231.371655 32.442751 34.516283 34.721165 231.371655 32.442751 32.442751 421.790505 217.816621 36.470023 33.160881 32.808188 2.381723 2.381723 2.381723 2.381723 2.381723 2.381723 2.381723 2.381723 2.381723 2.381723 2.381723 2.381723 2.381723 2.381723 32.442751 33.645435 30.938606 34.721165 231.371655 231.371655 231.371655 32.442751 35.602321 32.442751 340.636492 135.800040 217.816621 762.150666 554.612194 32.808188 32.442751 32.808188 36.745968 33.200498 30.938606 2.381723 2.381723
34.516283 34.516283 32.808188 41.773019 36.470023 34.090065 32.808188 201.629244 114.231717 217.816621 231.371655 762.150666 34.721165 42.629037 388.220113 184.921590 34.721165 893.975080 597.140164 217.816621 36.470023 32.442751 32.442751 36.470023 2.381723 2.381723 2.381723 2.381723 2.381723 2.381723 2.381723 2.381723 2.381723 2.381723 2.381723 2.381723 2.381723 2.381723 2.381723 2.381723 2.381723 2.381723 2.381723 2.381723 32.442751 32.442751 34.721165 231.371655 231.371655 217.816621 893.975080 2.381723 656.786335 36.745968 36.745968 33.200498 50.786785 2.381723 2.381723 2.381723
31.283680 34.516283 36.470023 36.470023 34.090065 34.090065 33.160881 762.150666 201.629244 217.816621 123.953705 762.150666 231.371655 123.953705 217.816621 34.721165 32.442751 597.140164 421.790505 217.816621 36.470023 33.603247 36.470023 36.470023 2.381723 2.381723 2.381723 2.381723 2.381723 2.381723 2.381723 2.381723 2.381723 2.381723 2.381723 2.381723 2.381723 2.381723 2.381723 2.381723 2.381723 2.381723 2.381723 2.381723 217.816621 597.140164 2.381723 151.665761 151.665761 151.665761 262.136902 194.428208 656.786335 36.745968 36.745968 33.200498 33.200498 33.200498 2.381723 2.381723
34.516283 43.599820 34.090065 34.090065 34.090065 34.090065 33.160881 36.470023 421.790505 2.381723 36.470023 217.816621 143.444572 123.953705 217.816621 32.442751 32.442751 36.470023 32.442751 32.442751 32.808188 36.470023 36.470023 36.470023 2.381723 2.381723 2.381723 2.381723 2.381723 2.381723 2.381723 2.381723 2.381723 2.381723 2.381723 2.381723 2.381723 2.381723 2.381723 2.381723 2.381723 2.381723 2.381723 194.428208 893.975080 2.381723 605.998629 231.371655 231.371655 762.150666 421.790505 194.428208 34.161034 32.522448 33.123432 33.200498 33.200498 33.123432 2.381723 105.027196
32.442751 32.442751 34.090065 33.603247 2.381723 33.603247 2.381723 2.381723 2.381723 2.381723 36.470023 32.442751 217.816621 217.816621 762.150666 32.442751 32.641911 36.470023 34.792307 32.442751 32.808188 36.470023 36.470023 32.808188 32.808188 2.381723 2.381723 2.381723 2.381723 2.381723 2.381723 2.381723 2.381723 2.381723 2.381723 2.381723 2.381723 2.381723 36.470023 36.407377 32.442751 2.381723 2.381723 2.381723 2.381723 605.998629 762.150666 217.816621 184.921590 528.873069 193.150409 1359.659701 34.161034 32.442751 33.123432 33.200498 33.200498 36.407377 2.381723 105.027196
34.090065 34.090065 2.381723 2.381723 2.381723 2.381723 2.381723 2.381723 2.381723 2.381723 39.731227 51.958070 151.665761 36.470023 32.808188 41.983073 32.808188 36.470023 32.641911 36.470023 33.603247 41.983073 33.603247 33.603247 2.381723 2.381723 2.381723 2.381723 2.381723 2.381723 2.381723 2.381723 2.381723 2.381723 2.381723 2.381723 2.381723 2.381723 32.808188 50.475675 50.786785 33.603247 36.407377 2.381723 2.381723 1359.659701 762.150666 217.816621 217.816621 179.792847 194.428208 58.118379 153.845359 217.816621 217.816621 33.200498 33.200498 36.407377 36.407377 193.150409
2.381723 2.381723 2.381723 2.381723 2.381723 2.381723 2.381723 2.381723 2.381723 2.381723 2.381723 2.381723 36.470023 32.442751 32.808188 32.641911 34.516283 2.381723 51.958070 50.786785 33.603247 32.808188 50.786785 36.407377 2.381723 2.381723 2.381723 2.381723 2.381723 2.381723 2.381723 2.381723 2.381723 2.381723 2.381723 2.381723 2.381723 2.381723 2.381723 36.470023 36.470023 33.603247 36.407377 36.470023 32.442751 217.816621 762.150666 762.150666 231.371655 149.279244 88.824084 151.896320 54.713710 217.816621 893.975080 762.150666 762.150666 217.816621 217.816621 231.371655
2.381723 2.381723 2.381723 2.381723 2.381723 2.381723 2.381723 2.381723 2.381723 2.381723 36.470023 36.470023 201.629244 32.808188 34.516283 32.641911 32.641911 2.381723 51.958070 35.020070 33.603247 32.808188 41.773019 41.983073 2.381723 2.381723 2.381723 2.381723 2.381723 2.381723 2.381723 2.381723 2.381723 2.381723 2.381723 2.381723 2.381723 2.381723 32.442751 36.470023 50.786785 50.475675 33.603247 36.470023 36.470023 762.150666 893.975080 231.371655 762.150666 2.381723 2.381723 88.824084 257.832244 762.150666 762.150666 217.816621 2.381723 140.959324 206.235988 206.235988
2.381723 2.381723 2.381723 2.381723 2.381723 2.381723 2.381723 2.381723 51.958070 2.381723 51.958070 32.545572 33.603247 41.983073 33.603247 34.516283 41.983073 2.381723 51.958070 34.792307 34.516283 34.516283 34.516283 41.983073 2.381723 2.381723 2.381723 2.381723 2.381723 2.381723 2.381723 2.381723 2.381723 2.381723 2.381723 2.381723 2.381723 2.381723 32.442751 41.773019 32.442751 36.470023 421.790505 37.993960 32.442751 217.816621 893.975080 217.816621 421.790505 2.381723 2.381723 88.824084 55.829873 2.381723 762.150666 605.998629 2.381723 2.381723 605.998629 421.790505
2.381723 2.381723 2.381723 2.381723 2.381723 2.381723 2.381723 2.381723 36.470023 51.958070 2.381723 51.958070 33.157299 36.745968 49.347330 34.516283 31.283680 2.381723 2.381723 51.958070 34.516283 34.516283 49.347330 49.347330 2.381723 2.381723 2.381723 2.381723 2.381723 2.381723 2.381723 2.381723 2.381723 2.381723 2.381723 2.381723 2.381723 2.381723 32.442751 41.773019 521.137926 762.150666 893.975080 217.816621 762.150666 217.816621 231.371655 217.816621 193.150409 208.260583 2.381723 2.381723 787.077583 2.381723 605.998629 605.998629 2.381723 2.381723 2.381723 2.381723
2.381723 2.381723 2.381723 2.381723 2.381723 2.381723 2.381723 2.381723 2.381723 2.381723 2.381723 2.381723 2.381723 36.745968 49.347330 49.347330 49.347330 2.381723 2.381723 32.808188 41.983073 41.983073 33.200498 2.381723 2.381723 2.381723 2.381723 2.381723 2.381723 2.381723 2.381723 2.381723 2.381723 2.381723 2.381723 2.381723 2.381723 2.381723 2.381723 36.470023 2.381723 762.150666 762.150666 1027.295174 762.150666 217.816621 893.975080 69.632235 60.011063 421.790505 2.381723 2.381723 2.381723 2.381723 1359.659701 762.150666 193.150409 2.381723 2.381723 2.381723
2.381723 2.381723 2.381723 2.381723 2.381723 2.381723 2.381723 2.381723 2.381723 2.381723 2.381723 2.381723 2.381723 36.407377 2.381723 39.731227 34.161034 2.381723 51.958070 31.789079 32.808188 36.407377 49.347330 2.381723 2.381723 2.381723 2.381723 2.381723 2.381723 2.381723 2.381723 2.381723 2.381723 2.381723 2.381723 2.381723 2.381723 36.470023 36.407377 2.381723 31.789079 34.161034 762.150666 762.150666 554.612194 762.150666 174.062942 217.816621 69.632235 2.381723 2.381723 752.274323 2.381723 2.381723 2.381723 2.381723 1359.659701 2.381723 2.381723 34.161034
2.381723 2.381723 2.381723 2.381723 2.381723 2.381723 2.381723 2.381723 2.381723 2.381723 2.381723 2.381723 2.381723 2.381723 2.381723 2.381723 2.381723 2.381723 2.381723 2.381723 2.381723 2.381723 49.347330 2.381723 2.381723 32.808188 32.808188 32.808188 36.407377 33.200498 2.381723 2.381723 2.381723 2.381723 2.381723 2.381723 2.381723 2.381723 2.381723 2.381723 2.381723 2.381723 217.816621 2.381723 217.816621 762.150666 2.381723 2.381723 2.381723 2.381723 257.832244 2.381723 2.381723 752.274323 88.824084 2.381723 2.381723 36.407377 32.522448 32.522448
2.381723 2.381723 2.381723 2.381723 2.381723 2.381723 2.381723 2.381723 2.381723 2.381723 2.381723 2.381723 2.381723 2.381723 31.283680 37.559631 39.731227 39.731227 45.939596 39.731227 2.381723 2.381723 2.381723 2.381723 33.200498 33.200498 49.347330 34.516283 32.808188 2.381723 30.938606 2.381723 39.519487 2.381723 2.381723 2.381723 2.381723 39.519487 39.731227 2.381723 51.958070 36.470023 2.381723 32.442751 2.381723 2.381723 323.508660 648.882337 2.381723 762.150666 1513.017668 762.150666 762.150666 421.790505 2.381723 88.824084 39.519487 32.522448 35.602321 32.522448
2.381723 2.381723 2.381723 2.381723 32.808188 39.731227 2.381723 2.381723 2.381723 2.381723 2.381723 2.381723 39.731227 50.786785 39.519487 37.559631 34.161034 39.731227 39.731227 39.731227 39.731227 2.381723 39.519487 31.789079 35.020070 36.745968 41.983073 41.773019 33.603247 39.731227 36.470023 36.407377 2.381723 35.760158 2.381723 2.381723 2.381723 2.381723 2.381723 51.958070 51.958070 33.200498 35.596636 752.274323 2.381723 2.381723 55.829873 2.381723 2.381723 762.150666 2.381723 193.150409 2.381723 605.998629 88.824084 88.824084 88.824084 217.816621 35.602321 33.123432
2.381723 2.381723 2.381723 2.381723 49.347330 34.161034 2.381723 2.381723 2.381723 2.381723 2.381723 2.381723 39.519487 34.161034 39.731227 39.731227 51.958070 33.157299 39.731227 39.731227 31.250845 36.407377 39.519487 31.283680 39.731227 2.381723 2.381723 32.442751 41.773019 2.381723 36.407377 2.381723 39.519487 35.760158 2.381723 2.381723 2.381723 2.381723 2.381723 31.789079 33.603247 762.150666 55.829873 247.366947 151.665761 316.235737 88.824084 2.381723 648.882337 2.381723 217.048826 217.816621 217.816621 597.140164 2.381723 605.998629 32.442751 34.721165 35.602321 32.442751
2.381723 2.381723 2.381723 2.381723 2.381723 2.381723 2.381723 2.381723 2.381723 2.381723 2.381723 2.381723 45.939596 51.958070 51.958070 51.958070 39.731227 33.123432 49.347330 39.731227 49.347330 33.200498 45.939596 41.983073 33.200498 2.381723 2.381723 30.938606 2.381723 2.381723 35.596636 2.381723 39.519487 2.381723 2.381723 2.381723 2.381723 2.381723 2.381723 39.519487 2.381723 51.958070 39.519487 2.381723 30.938606 120.979758 56.489510 1134.165184 2.381723 762.150666 31.789079 217.816621 2.381723 752.274323 88.824084 34.129180 34.129180 41.983073 41.983073 36.407377
2.381723 2.381723 2.381723 2.381723 39.731227 33.157299 2.381723 2.381723 2.381723 2.381723 2.381723 2.381723 45.939596 34.161034 51.958070 51.958070 36.407377 51.958070 39.731227 36.407377 51.958070 33.200498 2.381723 32.641911 2.381723 2.381723 2.381723 2.381723 2.381723 597.140164 35.596636 2.381723 39.519487 35.760158 39.519487 39.519487 35.760158 2.381723 39.519487 2.381723 2.381723 2.381723 2.381723 2.381723 597.140164 151.896320 62.084244 2.381723 2.381723 32.808188 32.808188 762.150666 34.792307 123.953705 257.832244 726.412654 675.310800 726.412654 32.112966 34.129180
2.381723 2.381723 2.381723 2.381723 35.020070 2.381723 2.381723 2.381723 2.381723 2.381723 2.381723 2.381723 37.559631 49.347330 36.745968 36.745968 32.442751 33.200498 36.407377 34.161034 39.731227 34.161034 33.200498 35.596636 2.381723 504.882966 41.022763 193.150409 217.816621 2.381723 2.381723 2.381723 2.381723 39.519487 31.789079 2.381723 2.381723 35.760158 31.789079 2.381723 2.381723 2.381723 2.381723 2.381723 292.121251 55.829873 340.636492 2.381723 32.442751 32.442751 32.442751 32.442751 198.267040 217.816621 43.911146 32.112966 37.993960 32.112966 206.235988 184.921590
