Big_Beef/DataInputs30m/o_10_ChemistryPools/1990_Mar2025/DOC_Pool_1.asc
ncols 345
nrows 426
xllcorner 508536.40413180296
yllcorner 5265678.99790656
cellsize 30
nodata_value -9999
[rows 189 to 215 of 426, columns 240 to 299 of 345]
32.442751 32.641911 32.442751 32.522448 33.200498 105.027196 292.121251 371.764931 429.168807 34.231093 39.519487 39.519487 39.519487 39.519487 52.752315 30.938606 39.519487 35.596636 36.470023 33.029650 33.029650 35.020070 36.066681 31.283680 39.519487 39.519487 88.824084 39.519487 49.347330 34.662931 34.161034 36.737787 217.048826 1359.659701 2.381723 2.381723 2.381723 2.381723 2.381723 2.381723 2.381723 2.381723 2.381723 39.519487 2.381723 32.442751 36.470023 36.470023 36.470023 43.599820 32.808188 34.516283 33.603247 32.545572 34.124155 48.833328 39.519487 33.200498 32.808188 32.808188
217.816621 34.597601 34.516283 32.442751 174.062942 622.557441 292.121251 105.027196 787.077583 33.848517 34.161034 39.519487 39.519487 39.519487 39.519487 32.442751 36.470023 52.752315 30.006865 36.470023 48.833328 49.794135 36.066681 39.519487 39.519487 39.519487 88.824084 49.794135 48.096483 34.662931 857.753637 1775.843774 193.150409 762.150666 2.381723 2.381723 2.381723 31.789079 2.381723 2.381723 2.381723 2.381723 2.381723 2.381723 39.519487 35.596636 35.596636 32.545572 34.516283 36.470023 32.808188 32.808188 41.773019 32.442751 34.124155 48.833328 39.519487 34.124155 32.808188 32.808188
762.150666 554.612194 217.816621 217.816621 198.267040 32.545572 198.267040 199.467377 123.953705 752.274323 130.160161 39.519487 39.519487 55.829873 1359.659701 32.442751 31.789079 49.347330 36.470023 36.470023 49.794135 49.794135 33.123432 39.519487 55.829873 165.510876 605.998629 187.479862 33.200498 34.662931 39.731227 683.065844 207.135500 605.998629 2.381723 2.381723 2.381723 2.381723 2.381723 2.381723 2.381723 2.381723 2.381723 2.381723 2.381723 48.096483 35.596636 32.545572 32.808188 33.603247 32.808188 33.200498 33.603247 34.161034 48.833328 35.020070 35.596636 35.596636 32.442751 32.442751
184.921590 217.816621 198.267040 762.150666 201.629244 123.953705 292.121251 622.557441 174.062942 194.428208 639.966928 39.519487 52.752315 55.829873 205.199201 31.791555 30.006865 30.938606 32.545572 49.347330 48.096483 39.519487 34.161034 39.519487 55.829873 55.829873 194.428208 33.200498 241.626761 33.123432 39.731227 62.084244 2.381723 2.381723 2.381723 2.381723 2.381723 2.381723 36.390328 2.381723 31.789079 2.381723 2.381723 2.381723 2.381723 2.381723 39.519487 35.596636 41.983073 49.347330 39.731227 36.745968 32.808188 33.603247 34.161034 35.020070 32.641911 32.641911 32.808188 30.938606
184.921590 217.816621 622.557441 198.267040 32.442751 123.953705 105.027196 198.267040 198.267040 54.002854 88.824084 88.824084 201.629244 52.752315 52.752315 88.824084 55.829873 39.519487 36.470023 31.789079 39.519487 39.519487 39.519487 52.752315 55.829873 88.824084 33.200498 33.200498 33.123432 34.161034 187.479862 340.636492 32.442751 2.381723 34.124155 2.381723 2.381723 2.381723 54.713710 48.096483 32.442751 2.381723 2.381723 2.381723 2.381723 2.381723 2.381723 39.519487 31.251383 34.161034 36.745968 36.745968 32.545572 49.794135 34.792307 31.789079 35.596636 35.596636 34.161034 31.789079
140.959324 528.873069 2.381723 55.829873 32.545572 39.731227 30.873993 30.873993 30.873993 52.752315 130.160161 52.752315 52.752315 33.603247 495.403231 52.752315 2.381723 36.470023 31.789079 39.519487 36.470023 31.283680 52.752315 34.161034 34.161034 39.519487 30.938606 217.816621 33.848517 34.161034 2.381723 34.124155 34.124155 36.066681 32.442751 32.545572 32.545572 2.381723 207.135500 2.381723 2.381723 2.381723 2.381723 2.381723 2.381723 2.381723 2.381723 2.381723 2.381723 31.251383 31.250845 34.161034 2.381723 2.381723 2.381723 2.381723 2.381723 2.381723 2.381723 2.381723
528.873069 88.824084 2.381723 2.381723 39.519487 39.519487 39.519487 33.603247 33.603247 2.381723 2.381723 39.519487 39.519487 2.381723 55.829873 39.519487 2.381723 2.381723 39.519487 31.789079 39.731227 49.347330 36.407377 52.752315 34.161034 31.251383 35.596636 33.123432 36.470023 36.470023 34.161034 2.381723 32.690345 39.519487 30.873993 32.442751 30.873993 2.381723 34.161034 49.347330 787.077583 597.140164 2.381723 2.381723 2.381723 2.381723 2.381723 2.381723 2.381723 2.381723 32.881556 31.789079 2.381723 31.789079 51.958070 2.381723 31.789079 45.939596 30.873993 34.161034
31.789079 39.519487 2.381723 2.381723 39.519487 39.519487 36.745968 33.603247 33.603247 2.381723 2.381723 39.519487 39.519487 2.381723 2.381723 88.824084 88.824084 2.381723 2.381723 34.161034 2.381723 49.347330 49.347330 36.407377 52.752315 2.381723 241.369784 30.938606 35.596636 35.596636 39.519487 39.519487 31.251383 32.808188 30.873993 32.808188 36.745968 2.381723 2.381723 36.470023 34.124155 597.140164 2.381723 2.381723 2.381723 2.381723 2.381723 2.381723 2.381723 2.381723 2.381723 2.381723 2.381723 2.381723 31.789079 2.381723 31.789079 36.745968 31.789079 31.789079
2.381723 2.381723 39.519487 2.381723 39.519487 31.060836 33.200498 36.745968 33.603247 187.479862 39.519487 2.381723 39.519487 2.381723 2.381723 2.381723 2.381723 2.381723 2.381723 2.381723 2.381723 49.347330 39.731227 34.161034 193.150409 1513.017668 193.150409 2.381723 2.381723 2.381723 2.381723 39.519487 31.251383 34.662931 30.873993 34.124155 32.808188 33.603247 49.347330 2.381723 32.442751 32.442751 32.442751 88.824084 2.381723 2.381723 2.381723 2.381723 2.381723 2.381723 2.381723 32.881556 2.381723 31.789079 35.596636 31.789079 52.752315 31.789079 2.381723 31.789079
49.347330 39.519487 39.519487 2.381723 2.381723 2.381723 39.731227 2.381723 39.731227 39.731227 39.519487 2.381723 39.519487 2.381723 2.381723 2.381723 2.381723 39.519487 39.519487 2.381723 2.381723 49.347330 39.731227 32.442751 762.150666 2.381723 597.140164 2.381723 2.381723 2.381723 2.381723 2.381723 31.789079 31.789079 34.161034 2.381723 32.442751 32.442751 30.938606 2.381723 32.112966 32.112966 39.519487 2.381723 2.381723 2.381723 2.381723 2.381723 2.381723 2.381723 2.381723 39.519487 2.381723 31.789079 30.938606 35.596636 34.161034 36.407377 31.789079 31.789079
36.407377 2.381723 2.381723 2.381723 2.381723 2.381723 49.347330 49.347330 39.731227 31.789079 39.519487 2.381723 2.381723 2.381723 2.381723 2.381723 2.381723 39.519487 34.161034 2.381723 2.381723 32.808188 33.848517 34.161034 421.790505 217.816621 217.816621 504.882966 217.048826 238.758694 238.758694 2.381723 2.381723 2.381723 2.381723 2.381723 2.381723 2.381723 30.938606 2.381723 2.381723 39.519487 2.381723 2.381723 2.381723 2.381723 2.381723 2.381723 2.381723 2.381723 2.381723 2.381723 2.381723 2.381723 39.519487 35.596636 35.596636 2.381723 36.407377 39.731227
2.381723 34.129180 2.381723 52.752315 2.381723 39.519487 49.347330 2.381723 2.381723 2.381723 2.381723 2.381723 2.381723 2.381723 2.381723 2.381723 2.381723 2.381723 36.745968 36.745968 34.985244 32.808188 33.848517 29.415519 34.161034 257.832244 198.267040 597.140164 2.381723 2.381723 2.381723 34.161034 31.789079 31.789079 2.381723 2.381723 2.381723 2.381723 30.938606 39.519487 2.381723 2.381723 2.381723 2.381723 2.381723 2.381723 2.381723 2.381723 2.381723 2.381723 2.381723 39.519487 2.381723 2.381723 39.519487 30.938606 35.596636 31.789079 31.789079 36.745968
2.381723 648.882337 36.407377 31.789079 39.519487 2.381723 2.381723 2.381723 49.347330 36.745968 2.381723 2.381723 2.381723 2.381723 48.833328 51.958070 31.789079 2.381723 39.731227 49.347330 32.808188 49.347330 36.745968 39.731227 34.161034 2.381723 2.381723 2.381723 2.381723 31.789079 35.596636 34.161034 34.124155 2.381723 2.381723 2.381723 31.789079 31.789079 2.381723 2.381723 2.381723 2.381723 2.381723 2.381723 2.381723 2.381723 2.381723 2.381723 2.381723 2.381723 2.381723 2.381723 2.381723 2.381723 2.381723 2.381723 2.381723 2.381723 34.161034 39.731227
33.200498 2.381723 2.381723 752.274323 31.789079 31.789079 2.381723 2.381723 49.347330 39.731227 2.381723 2.381723 2.381723 2.381723 49.347330 41.983073 41.983073 39.731227 36.745968 49.347330 49.347330 2.381723 2.381723 2.381723 2.381723 39.731227 31.789079 39.519487 2.381723 2.381723 39.519487 39.519487 2.381723 2.381723 2.381723 2.381723 34.662931 32.442751 39.519487 39.519487 88.824084 88.824084 88.824084 33.160881 2.381723 2.381723 2.381723 2.381723 2.381723 39.519487 30.980838 33.085274 2.381723 39.731227 2.381723 2.381723 2.381723 2.381723 2.381723 2.381723
34.161034 2.381723 2.381723 2.381723 34.124155 2.381723 2.381723 2.381723 34.792307 39.731227 39.519487 2.381723 2.381723 39.519487 32.808188 39.519487 49.347330 49.347330 49.347330 49.347330 49.347330 2.381723 39.731227 39.731227 39.731227 36.470023 33.603247 36.470023 2.381723 88.824084 2.381723 2.381723 2.381723 2.381723 2.381723 2.381723 39.519487 39.519487 39.519487 88.824084 88.824084 55.829873 88.824084 2.381723 2.381723 33.085274 32.881556 52.752315 32.690345 31.250845 2.381723 2.381723 31.250845 39.731227 2.381723 31.789079 2.381723 39.519487 31.251383 31.250845
31.789079 34.161034 31.789079 2.381723 33.201489 39.731227 2.381723 2.381723 33.603247 31.789079 2.381723 2.381723 2.381723 2.381723 31.789079 31.251383 31.251383 34.161034 39.519487 2.381723 2.381723 2.381723 31.251383 2.381723 2.381723 151.665761 340.636492 35.760158 2.381723 2.381723 2.381723 2.381723 2.381723 2.381723 2.381723 2.381723 2.381723 2.381723 2.381723 2.381723 88.824084 88.824084 88.824084 2.381723 31.789079 31.250845 33.085274 39.519487 31.250845 31.250845 2.381723 2.381723 2.381723 39.731227 2.381723 2.381723 2.381723 2.381723 2.381723 2.381723
2.381723 39.731227 31.789079 2.381723 2.381723 35.596636 33.200498 33.200498 2.381723 39.519487 2.381723 2.381723 34.161034 39.731227 31.789079 31.789079 2.381723 2.381723 2.381723 2.381723 39.731227 31.789079 247.366947 208.097225 36.745968 237.152534 198.267040 2.381723 2.381723 2.381723 2.381723 2.381723 39.519487 2.381723 2.381723 2.381723 2.381723 2.381723 2.381723 55.829873 88.824084 217.048826 752.274323 39.731227 31.250845 31.250845 33.085274 31.250845 30.873993 2.381723 2.381723 2.381723 2.381723 34.161034 2.381723 31.789079 2.381723 2.381723 2.381723 2.381723
2.381723 32.808188 36.390328 33.603247 2.381723 2.381723 2.381723 2.381723 33.200498 34.161034 39.731227 2.381723 31.789079 2.381723 39.731227 31.789079 2.381723 2.381723 2.381723 31.789079 752.274323 2.381723 2.381723 2.381723 201.629244 32.545572 198.267040 198.267040 547.014488 622.557441 198.267040 2.381723 2.381723 2.381723 2.381723 2.381723 2.381723 2.381723 2.381723 55.829873 2.381723 219.176679 31.250845 39.731227 39.519487 32.881556 31.250845 31.789079 2.381723 2.381723 2.381723 39.519487 39.731227 39.519487 39.519487 39.519487 39.731227 2.381723 2.381723 2.381723
39.731227 2.381723 36.470023 39.731227 2.381723 2.381723 2.381723 2.381723 33.200498 32.808188 34.161034 2.381723 34.161034 33.603247 39.731227 31.789079 31.283680 2.381723 2.381723 2.381723 2.381723 31.789079 81.617639 2.381723 194.428208 34.231093 2.381723 209.925964 161.397288 605.998629 622.557441 30.873993 2.381723 2.381723 2.381723 2.381723 2.381723 88.824084 2.381723 39.519487 2.381723 39.519487 31.250845 39.519487 39.519487 39.519487 32.881556 39.519487 2.381723 2.381723 2.381723 2.381723 2.381723 2.381723 2.381723 39.519487 2.381723 2.381723 2.381723 30.980838
2.381723 2.381723 2.381723 2.381723 2.381723 2.381723 2.381723 2.381723 36.470023 31.789079 2.381723 2.381723 2.381723 52.752315 31.789079 2.381723 2.381723 2.381723 2.381723 31.789079 2.381723 2.381723 2.381723 1359.659701 151.896320 2.381723 2.381723 2.381723 54.713710 129.480461 547.014488 32.808188 39.519487 2.381723 2.381723 2.381723 2.381723 2.381723 88.824084 88.824084 2.381723 39.519487 34.662931 2.381723 2.381723 33.085274 39.519487 2.381723 2.381723 2.381723 2.381723 2.381723 2.381723 2.381723 2.381723 2.381723 39.519487 2.381723 2.381723 2.381723
32.808188 36.066681 34.124155 34.124155 2.381723 31.789079 31.789079 34.124155 34.161034 39.731227 45.939596 2.381723 2.381723 39.519487 39.519487 2.381723 2.381723 34.161034 31.789079 31.789079 34.953540 2.381723 2.381723 2.381723 174.062942 194.428208 2.381723 2.381723 2.381723 129.480461 198.267040 32.808188 32.808188 30.873993 39.519487 2.381723 2.381723 2.381723 88.824084 88.824084 2.381723 39.519487 2.381723 2.381723 2.381723 2.381723 2.381723 2.381723 2.381723 2.381723 2.381723 2.381723 2.381723 2.381723 2.381723 2.381723 39.519487 39.519487 2.381723 39.519487
36.745968 33.603247 33.603247 39.731227 33.848517 2.381723 31.789079 36.066681 34.161034 34.161034 31.789079 2.381723 2.381723 2.381723 2.381723 36.745968 31.251383 2.381723 2.381723 2.381723 32.545572 241.626761 504.882966 412.504083 2.381723 2.381723 2.381723 205.199201 247.366947 1359.659701 200.519656 39.519487 589.485549 88.824084 88.824084 39.519487 2.381723 88.824084 2.381723 2.381723 2.381723 2.381723 34.161034 2.381723 2.381723 2.381723 2.381723 2.381723 2.381723 2.381723 2.381723 2.381723 2.381723 2.381723 2.381723 2.381723 2.381723 2.381723 2.381723 39.519487
34.161034 33.603247 2.381723 2.381723 2.381723 34.124155 31.789079 34.161034 34.161034 2.381723 2.381723 2.381723 31.789079 2.381723 2.381723 31.789079 31.789079 2.381723 217.048826 62.084244 198.267040 174.062942 174.062942 198.267040 217.816621 2.381723 2.381723 54.713710 105.027196 795.975172 622.557441 88.824084 88.824084 88.824084 88.824084 39.519487 2.381723 88.824084 88.824084 2.381723 2.381723 31.789079 2.381723 2.381723 2.381723 2.381723 2.381723 2.381723 2.381723 2.381723 2.381723 2.381723 2.381723 2.381723 2.381723 2.381723 2.381723 2.381723 2.381723 39.519487
2.381723 33.603247 2.381723 39.731227 2.381723 2.381723 30.873993 33.848517 34.161034 2.381723 2.381723 2.381723 2.381723 2.381723 2.381723 31.789079 36.066681 33.123432 34.124155 198.267040 198.267040 174.062942 198.267040 257.832244 172.231263 191.923317 2.381723 194.428208 105.027196 1027.295174 88.824084 88.824084 88.824084 88.824084 88.824084 88.824084 39.519487 2.381723 2.381723 2.381723 2.381723 2.381723 2.381723 2.381723 2.381723 2.381723 2.381723 2.381723 2.381723 2.381723 2.381723 2.381723 2.381723 2.381723 2.381723 2.381723 2.381723 2.381723 2.381723 39.519487
39.731227 2.381723 2.381723 2.381723 2.381723 2.381723 30.873993 30.873993 34.124155 31.789079 2.381723 2.381723 49.347330 201.629244 495.403231 31.789079 191.923317 30.873993 198.267040 32.545572 589.485549 2.381723 31.789079 2.381723 589.485549 55.829873 504.882966 2.381723 2.381723 88.824084 622.557441 39.519487 39.519487 88.824084 88.824084 88.824084 88.824084 2.381723 2.381723 2.381723 2.381723 2.381723 2.381723 2.381723 2.381723 2.381723 2.381723 2.381723 2.381723 2.381723 2.381723 2.381723 2.381723 2.381723 2.381723 2.381723 2.381723 2.381723 2.381723 2.381723
2.381723 35.596636 33.603247 2.381723 2.381723 2.381723 2.381723 2.381723 2.381723 2.381723 2.381723 39.731227 49.347330 49.347330 2.381723 2.381723 32.545572 123.953705 622.557441 32.545572 34.516283 34.516283 49.347330 49.347330 49.347330 49.347330 36.407377 33.603247 2.381723 639.966928 34.124155 88.824084 39.519487 88.824084 88.824084 88.824084 2.381723 39.519487 39.519487 2.381723 2.381723 2.381723 2.381723 2.381723 2.381723 2.381723 2.381723 2.381723 2.381723 2.381723 2.381723 2.381723 2.381723 2.381723 2.381723 2.381723 2.381723 2.381723 2.381723 2.381723
2.381723 31.789079 36.745968 33.603247 32.394181 2.381723 2.381723 2.381723 2.381723 49.347330 34.124155 49.347330 49.347330 34.792307 34.792307 33.603247 33.603247 174.062942 35.276905 33.123432 32.808188 34.792307 29.463524 49.347330 49.347330 49.347330 49.347330 32.808188 2.381723 495.403231 495.403231 39.519487 39.519487 39.519487 88.824084 2.381723 39.519487 39.519487 39.519487 39.519487 2.381723 2.381723 2.381723 2.381723 2.381723 2.381723 2.381723 2.381723 2.381723 2.381723 2.381723 2.381723 2.381723 2.381723 2.381723 2.381723 2.381723 2.381723 2.381723 2.381723
