Big_Beef/DataInputs30m/o_10_ChemistryPools/1990_Mar2025/DOC_Pool_4.asc
ncols 345
nrows 426
xllcorner 508536.40413180296
yllcorner 5265678.99790656
cellsize 30
nodata_value -9999
[rows 112 to 139 of 426, columns 0 to 62 of 345]
0.040797 0.040797 0.040797 0.046649 0.040428 0.040428 0.037249 0.037249 0.040428 0.004671 0.023311 0.037877 0.000000 0.037877 0.037877 0.053748 0.004671 0.004671 0.004671 0.050396 0.053748 0.053748 0.087489 0.087489 0.053748 0.053748 0.037249 0.038247 0.053748 0.089812 0.000000 0.000000 0.000000 0.004671 0.000000 0.000000 0.000000 0.000000 0.076736 0.076736 0.004671 0.004671 0.004671 0.004671 0.004671 0.004671 0.004671 0.004671 0.076736 0.076736 0.039807 0.039807 0.039807 0.039807 0.048120 0.087489 0.087489 0.087489 0.062749 0.031762 0.076736 0.098307 0.076736
0.040797 0.037877 0.046649 0.046649 0.040428 0.048120 0.040428 0.037249 0.037877 0.004671 0.076736 0.053748 0.000000 0.037877 0.043121 0.053748 0.086408 0.004671 0.078388 0.053748 0.053748 0.004671 0.087489 0.053748 0.004671 0.053748 0.004671 0.038247 0.053748 0.089812 0.043121 0.000000 0.004671 0.004671 0.000000 0.000000 0.000000 0.000000 0.000000 0.004671 0.004671 0.004671 0.004671 0.004671 0.004671 0.004671 0.004671 0.076736 0.076736 0.076736 0.047904 0.039807 0.048120 0.048120 0.087489 0.087489 0.087489 0.087489 0.087489 0.037249 0.076736 0.076736 0.076736
0.037877 0.043121 0.025246 0.053748 0.004671 0.054194 0.040428 0.037877 0.004671 0.004671 0.037249 0.054194 0.048120 0.032082 0.043121 0.004671 0.053748 0.004671 0.004671 0.087489 0.053748 0.087489 0.087489 0.076736 0.076736 0.037249 0.076736 0.076736 0.053748 0.000000 0.000000 0.004671 0.004671 0.004671 0.000000 0.000000 0.000000 0.000000 0.004671 0.004671 0.004671 0.004671 0.004671 0.004671 0.004671 0.004671 0.004671 0.004671 0.004671 0.076736 0.076736 0.039807 0.004671 0.004671 0.087489 0.087489 0.004671 0.004671 0.004671 0.004671 0.004671 0.004671 0.004671
0.043121 0.053748 0.070389 0.053748 0.037249 0.076736 0.076736 0.040428 0.054194 0.004671 0.053748 0.054194 0.053748 0.062749 0.004671 0.004671 0.004671 0.004671 0.021415 0.087489 0.053748 0.087489 0.087489 0.004671 0.053748 0.038247 0.037249 0.076736 0.023311 0.062749 0.004671 0.004671 0.004671 0.004671 0.043121 0.023311 0.000000 0.000000 0.004671 0.004671 0.004671 0.004671 0.004671 0.004671 0.004671 0.004671 0.004671 0.004671 0.076736 0.076736 0.035037 0.039807 0.004671 0.004671 0.004671 0.004671 0.087489 0.087489 0.004671 0.078388 0.078388 0.076736 0.076736
0.043121 0.053748 0.053748 0.004671 0.053748 0.004671 0.054194 0.040428 0.004671 0.004671 0.048120 0.048120 0.048120 0.023311 0.062749 0.053748 0.004671 0.023986 0.053748 0.087489 0.053748 0.087489 0.087489 0.053748 0.037249 0.037249 0.053748 0.037249 0.004671 0.062749 0.053748 0.090501 0.076736 0.076736 0.088488 0.000000 0.000000 0.000000 0.004671 0.004671 0.004671 0.004671 0.004671 0.004671 0.004671 0.076736 0.076736 0.076736 0.076736 0.035037 0.039807 0.004671 0.004671 0.030534 0.087489 0.062749 0.062749 0.062749 0.004671 0.004671 0.078388 0.076736 0.049119
0.087489 0.053748 0.039807 0.053748 0.076736 0.054194 0.054194 0.041755 0.004671 0.076736 0.048120 0.053748 0.048120 0.004671 0.023311 0.004671 0.004671 0.038247 0.062749 0.087489 0.087489 0.087489 0.087489 0.053748 0.053748 0.053748 0.037249 0.037249 0.004671 0.004671 0.040428 0.000000 0.053748 0.004671 0.023311 0.000000 0.000000 0.000000 0.004671 0.004671 0.004671 0.004671 0.004671 0.004671 0.004671 0.076736 0.076736 0.076736 0.004671 0.004671 0.035037 0.004671 0.004671 0.087489 0.004671 0.004671 0.037249 0.037249 0.004671 0.076736 0.076736 0.076736 0.076736
0.053748 0.053748 0.053748 0.004671 0.076736 0.054194 0.054194 0.004671 0.004671 0.004671 0.048120 0.054194 0.037249 0.004671 0.004671 0.004671 0.004671 0.023311 0.062749 0.087489 0.039807 0.039807 0.035939 0.087489 0.087489 0.053748 0.004671 0.037249 0.004671 0.004671 0.000000 0.000000 0.000000 0.000000 0.040797 0.000000 0.000000 0.004671 0.004671 0.004671 0.004671 0.004671 0.004671 0.004671 0.004671 0.076736 0.076736 0.004671 0.004671 0.076736 0.004671 0.004671 0.076736 0.037249 0.087489 0.037249 0.062749 0.038044 0.004671 0.076736 0.076736 0.076736 0.076736
0.053748 0.035939 0.038247 0.053748 0.076736 0.048120 0.054194 0.034822 0.004671 0.004671 0.053748 0.053748 0.037249 0.037249 0.004671 0.037249 0.087489 0.053748 0.021010 0.035939 0.087489 0.004671 0.087489 0.087489 0.087489 0.004671 0.000000 0.000000 0.000000 0.000000 0.000000 0.000000 0.000000 0.000000 0.000000 0.000000 0.000000 0.004671 0.004671 0.004671 0.004671 0.004671 0.004671 0.004671 0.076736 0.076736 0.076736 0.004671 0.023311 0.038247 0.004671 0.098307 0.076736 0.098307 0.037249 0.098307 0.037249 0.004671 0.004671 0.076736 0.076736 0.076736 0.076736
0.053748 0.053748 0.076736 0.076736 0.088488 0.041755 0.041755 0.004671 0.004671 0.050396 0.041755 0.053748 0.023311 0.004671 0.078388 0.023986 0.087489 0.062749 0.004671 0.004671 0.004671 0.087489 0.087489 0.004671 0.087489 0.004671 0.004671 0.000000 0.000000 0.000000 0.000000 0.000000 0.000000 0.000000 0.000000 0.000000 0.004671 0.004671 0.004671 0.004671 0.004671 0.004671 0.004671 0.076736 0.076736 0.004671 0.040428 0.037249 0.023311 0.004671 0.087489 0.037249 0.076736 0.004671 0.098307 0.098307 0.098307 0.037249 0.004671 0.078388 0.078388 0.076736 0.076736
0.062749 0.053748 0.076736 0.076736 0.040428 0.053748 0.050396 0.004671 0.023986 0.023311 0.023311 0.053748 0.004671 0.004671 0.076736 0.038247 0.035939 0.062749 0.087489 0.087489 0.048120 0.087489 0.087489 0.070389 0.041731 0.004671 0.037249 0.000000 0.000000 0.000000 0.000000 0.000000 0.000000 0.000000 0.000000 0.004671 0.004671 0.004671 0.004671 0.004671 0.004671 0.004671 0.076736 0.076736 0.076736 0.043121 0.027101 0.037249 0.023311 0.004671 0.000000 0.000000 0.098307 0.023311 0.037249 0.098307 0.098307 0.098307 0.004671 0.076736 0.076736 0.076736 0.076736
0.087489 0.087489 0.053748 0.004671 0.004671 0.004671 0.004671 0.053748 0.004671 0.004671 0.004671 0.053748 0.004671 0.004671 0.076736 0.023311 0.087489 0.030534 0.030534 0.087489 0.053748 0.053748 0.053748 0.087489 0.053748 0.053748 0.053748 0.000000 0.000000 0.000000 0.000000 0.000000 0.000000 0.004671 0.004671 0.004671 0.004671 0.004671 0.004671 0.004671 0.076736 0.076736 0.076736 0.076736 0.043121 0.054194 0.040428 0.023311 0.004671 0.004671 0.000000 0.098307 0.004671 0.037249 0.098307 0.098307 0.098307 0.098307 0.004671 0.049119 0.076736 0.076736 0.076736
0.043121 0.053748 0.053748 0.078388 0.004671 0.004671 0.062749 0.087489 0.000000 0.004671 0.076736 0.004671 0.004671 0.076736 0.076736 0.053748 0.062749 0.062749 0.004671 0.004671 0.004671 0.053748 0.053748 0.053748 0.004671 0.088120 0.034398 0.088488 0.047904 0.000000 0.000000 0.000000 0.000000 0.004671 0.000000 0.004671 0.004671 0.004671 0.004671 0.004671 0.076736 0.076736 0.021010 0.053748 0.043121 0.089738 0.023311 0.004671 0.004671 0.000000 0.000000 0.000000 0.098307 0.037249 0.037249 0.098307 0.098307 0.037249 0.004671 0.004671 0.076736 0.076736 0.076736
0.043121 0.087489 0.053748 0.053748 0.086408 0.000000 0.000000 0.023311 0.000000 0.004671 0.004671 0.004671 0.078388 0.089812 0.038247 0.004671 0.038044 0.053748 0.053748 0.004671 0.004671 0.053748 0.053748 0.053748 0.053748 0.088488 0.088488 0.088488 0.070389 0.000000 0.000000 0.000000 0.000000 0.004671 0.004671 0.004671 0.004671 0.004671 0.004671 0.004671 0.076736 0.076736 0.037877 0.040428 0.040428 0.043121 0.053748 0.004671 0.004671 0.000000 0.000000 0.090501 0.076736 0.076736 0.004671 0.004671 0.098307 0.004671 0.004671 0.098307 0.076736 0.049119 0.076736
0.035981 0.053748 0.087489 0.053748 0.048120 0.000000 0.037877 0.000000 0.000000 0.000000 0.000000 0.004671 0.053748 0.089812 0.038247 0.062749 0.004671 0.023311 0.053748 0.037249 0.037249 0.004671 0.004671 0.076736 0.000000 0.087489 0.000000 0.000000 0.000000 0.000000 0.000000 0.000000 0.000000 0.004671 0.004671 0.004671 0.004671 0.004671 0.004671 0.004671 0.076736 0.025246 0.037877 0.040428 0.023311 0.023311 0.053748 0.004671 0.004671 0.000000 0.098307 0.004671 0.004671 0.004671 0.098307 0.004671 0.004671 0.004671 0.098307 0.078388 0.076736 0.076736 0.076736
0.053748 0.048120 0.053748 0.054194 0.054194 0.054194 0.004671 0.004671 0.000000 0.000000 0.000000 0.004671 0.037249 0.000000 0.000000 0.004671 0.088488 0.088488 0.089738 0.048120 0.038247 0.004671 0.023311 0.000000 0.090501 0.078388 0.000000 0.000000 0.000000 0.000000 0.000000 0.000000 0.000000 0.004671 0.004671 0.004671 0.004671 0.004671 0.004671 0.076736 0.004671 0.004671 0.076736 0.023311 0.043121 0.021010 0.004671 0.037249 0.000000 0.098307 0.098307 0.004671 0.004671 0.004671 0.098307 0.004671 0.037249 0.053748 0.037249 0.076736 0.076736 0.076736 0.076736
0.053748 0.053748 0.053748 0.087489 0.087489 0.053748 0.004671 0.053748 0.000000 0.000000 0.004671 0.004671 0.004671 0.053748 0.054194 0.054194 0.000000 0.088488 0.088488 0.043121 0.088120 0.088488 0.089738 0.034822 0.087489 0.000000 0.000000 0.000000 0.000000 0.000000 0.004671 0.000000 0.004671 0.004671 0.004671 0.004671 0.004671 0.076736 0.004671 0.043121 0.004671 0.004671 0.038247 0.023311 0.004671 0.004671 0.004671 0.037249 0.000000 0.098307 0.004671 0.053748 0.004671 0.004671 0.004671 0.038044 0.021010 0.021010 0.040428 0.065514 0.076736 0.076736 0.076736
0.062749 0.023311 0.037249 0.087489 0.004671 0.004671 0.070389 0.000000 0.000000 0.004671 0.004671 0.037249 0.004671 0.053748 0.054194 0.054194 0.000000 0.000000 0.000000 0.000000 0.089812 0.078388 0.089812 0.034822 0.000000 0.000000 0.004671 0.004671 0.004671 0.004671 0.004671 0.004671 0.004671 0.004671 0.004671 0.062749 0.076736 0.076736 0.046649 0.027101 0.004671 0.004671 0.038247 0.004671 0.004671 0.021010 0.025246 0.000000 0.036888 0.037249 0.004671 0.004671 0.004671 0.004671 0.004671 0.037249 0.004671 0.037249 0.037249 0.076736 0.076736 0.076736 0.076736
0.062749 0.023311 0.004671 0.053748 0.004671 0.004671 0.004671 0.090501 0.000000 0.004671 0.004671 0.000000 0.004671 0.088120 0.089812 0.068860 0.000000 0.000000 0.000000 0.000000 0.088395 0.053748 0.053748 0.004671 0.004671 0.004671 0.004671 0.004671 0.004671 0.004671 0.004671 0.004671 0.004671 0.000000 0.004671 0.004671 0.004671 0.004671 0.004671 0.004671 0.004671 0.023311 0.004671 0.004671 0.030534 0.043121 0.025246 0.000000 0.000000 0.004671 0.004671 0.004671 0.004671 0.098307 0.087489 0.037249 0.030534 0.037249 0.053748 0.078388 0.076736 0.076736 0.076736
0.053748 0.053748 0.053748 0.004671 0.053748 0.004671 0.053748 0.090501 0.078388 0.004671 0.000000 0.088488 0.087489 0.088488 0.089812 0.000000 0.000000 0.000000 0.000000 0.004671 0.004671 0.004671 0.004671 0.000000 0.004671 0.004671 0.004671 0.004671 0.004671 0.004671 0.004671 0.004671 0.004671 0.000000 0.000000 0.004671 0.037877 0.054194 0.054194 0.049119 0.035730 0.047498 0.030534 0.030534 0.043121 0.025246 0.000000 0.025246 0.098307 0.004671 0.004671 0.004671 0.004671 0.004671 0.087489 0.087489 0.030534 0.037249 0.037249 0.037249 0.076736 0.076736 0.076736
0.048120 0.037249 0.004671 0.004671 0.004671 0.004671 0.004671 0.090501 0.004671 0.000000 0.000000 0.000000 0.088488 0.000000 0.000000 0.000000 0.000000 0.004671 0.004671 0.004671 0.000000 0.000000 0.000000 0.004671 0.000000 0.000000 0.004671 0.004671 0.004671 0.004671 0.004671 0.004671 0.000000 0.000000 0.000000 0.004671 0.043121 0.004671 0.004671 0.049119 0.004671 0.030534 0.030534 0.043121 0.037877 0.037877 0.000000 0.076736 0.098307 0.030534 0.004671 0.004671 0.004671 0.004671 0.021010 0.037249 0.037249 0.037249 0.037249 0.076736 0.076736 0.076736 0.076736
0.004671 0.004671 0.062749 0.048120 0.023311 0.004671 0.004671 0.004671 0.004671 0.000000 0.000000 0.000000 0.000000 0.000000 0.000000 0.000000 0.004671 0.004671 0.004671 0.000000 0.004671 0.000000 0.004671 0.004671 0.000000 0.000000 0.000000 0.004671 0.004671 0.004671 0.000000 0.000000 0.000000 0.000000 0.004671 0.004671 0.043121 0.041409 0.023311 0.037249 0.021010 0.030534 0.030534 0.043121 0.041755 0.090501 0.025246 0.000000 0.040635 0.004671 0.004671 0.004671 0.004671 0.098307 0.038044 0.037249 0.037249 0.037249 0.037249 0.076736 0.076736 0.076736 0.076736
0.076736 0.038247 0.004671 0.053748 0.053748 0.053748 0.090501 0.090501 0.004671 0.004671 0.004671 0.000000 0.000000 0.000000 0.000000 0.000000 0.004671 0.000000 0.000000 0.000000 0.004671 0.004671 0.000000 0.004671 0.000000 0.000000 0.000000 0.004671 0.004671 0.004671 0.000000 0.000000 0.000000 0.000000 0.000000 0.004671 0.043121 0.032082 0.021010 0.030534 0.030534 0.030534 0.021010 0.043121 0.087489 0.043121 0.000000 0.000000 0.053748 0.004671 0.004671 0.004671 0.037249 0.037249 0.087489 0.037249 0.098307 0.004671 0.098307 0.078388 0.076736 0.076736 0.076736
0.038247 0.023311 0.023311 0.053748 0.023311 0.053748 0.053748 0.053748 0.004671 0.004671 0.004671 0.004671 0.000000 0.000000 0.000000 0.000000 0.004671 0.000000 0.000000 0.000000 0.000000 0.004671 0.000000 0.004671 0.000000 0.000000 0.000000 0.004671 0.004671 0.000000 0.000000 0.000000 0.000000 0.000000 0.000000 0.004671 0.043121 0.021010 0.030534 0.030534 0.043121 0.041409 0.037877 0.032082 0.048120 0.035037 0.037249 0.087489 0.087489 0.087489 0.087489 0.030534 0.037249 0.030534 0.087489 0.087489 0.037249 0.053748 0.004671 0.076736 0.076736 0.076736 0.076736
0.076736 0.038247 0.062749 0.053748 0.053748 0.062749 0.030534 0.053748 0.004671 0.004671 0.004671 0.004671 0.004671 0.004671 0.004671 0.004671 0.004671 0.000000 0.000000 0.000000 0.000000 0.004671 0.004671 0.004671 0.004671 0.004671 0.004671 0.004671 0.000000 0.000000 0.000000 0.027101 0.040428 0.000000 0.004671 0.004671 0.030534 0.030534 0.030534 0.043121 0.037877 0.037877 0.037877 0.035037 0.048120 0.047904 0.087489 0.087489 0.004671 0.087489 0.087489 0.004671 0.037249 0.062749 0.062749 0.004671 0.087489 0.087489 0.053748 0.076736 0.076736 0.076736 0.076736
0.076736 0.076736 0.023311 0.062749 0.062749 0.021010 0.021010 0.087489 0.004671 0.004671 0.076736 0.004671 0.023311 0.023311 0.053748 0.053748 0.043121 0.000000 0.000000 0.000000 0.000000 0.004671 0.004671 0.004671 0.004671 0.004671 0.004671 0.004671 0.000000 0.000000 0.004671 0.040428 0.023311 0.021010 0.004671 0.023311 0.030534 0.030534 0.030534 0.043121 0.043121 0.037877 0.037877 0.021010 0.035037 0.047904 0.087489 0.087489 0.062749 0.087489 0.062749 0.038247 0.062749 0.062749 0.062749 0.087489 0.087489 0.087489 0.087489 0.076736 0.076736 0.076736 0.035109
0.078388 0.076736 0.023311 0.062749 0.062749 0.076736 0.004671 0.004671 0.004671 0.076736 0.047000 0.004671 0.089738 0.065514 0.037877 0.000000 0.000000 0.000000 0.000000 0.000000 0.000000 0.004671 0.004671 0.004671 0.004671 0.004671 0.004671 0.000000 0.000000 0.000000 0.000000 0.004671 0.032082 0.032082 0.087489 0.004671 0.038044 0.030534 0.030534 0.043121 0.047000 0.032082 0.021010 0.030534 0.035037 0.053748 0.053748 0.062749 0.062749 0.062749 0.062749 0.062749 0.087489 0.087489 0.087489 0.087489 0.087489 0.087489 0.053748 0.053748 0.076736 0.023986 0.087489
0.062749 0.076736 0.062749 0.062749 0.062749 0.004671 0.004671 0.004671 0.004671 0.076736 0.088120 0.004671 0.000000 0.054194 0.000000 0.000000 0.000000 0.000000 0.000000 0.004671 0.004671 0.004671 0.004671 0.004671 0.004671 0.004671 0.000000 0.000000 0.000000 0.000000 0.004671 0.004671 0.037249 0.043121 0.053396 0.004671 0.021010 0.030534 0.030534 0.043121 0.043121 0.032082 0.035037 0.043121 0.032082 0.053748 0.062749 0.062749 0.062749 0.087489 0.062749 0.062749 0.038247 0.062749 0.062749 0.087489 0.087489 0.021415 0.062749 0.031087 0.076736 0.023311 0.087489
0.062749 0.062749 0.037249 0.062749 0.030534 0.004671 0.004671 0.004671 0.004671 0.004671 0.087489 0.004671 0.004671 0.000000 0.000000 0.000000 0.000000 0.000000 0.000000 0.000000 0.004671 0.004671 0.004671 0.004671 0.004671 0.000000 0.000000 0.000000 0.004671 0.004671 0.004671 0.004671 0.037249 0.053748 0.038247 0.004671 0.087489 0.030534 0.043121 0.032082 0.032082 0.043121 0.043121 0.053914 0.032082 0.021010 0.087489 0.087489 0.038247 0.035981 0.062749 0.062749 0.062749 0.087489 0.087489 0.087489 0.087489 0.062749 0.062749 0.076736 0.038247 0.087489 0.087489
