Big_Beef/DataInputs30m/o_10_ChemistryPools/1990_Mar2025/DOC_Pool_2.asc
ncols 345
nrows 426
xllcorner 508536.40413180296
yllcorner 5265678.99790656
cellsize 30
nodata_value -9999
[rows 135 to 161 of 426, columns 62 to 123 of 345]
9.427893 9.427893 8.038917 8.156663 8.944230 8.156663 8.944230 9.427893 0.567729 0.567729 0.567729 0.567729 9.427893 7.983047 11.948080 7.983047 8.566283 11.948080 8.566283 11.948080 11.948080 7.983047 11.948080 11.948080 8.268703 8.268703 8.955778 8.955778 8.955778 0.567729 0.567729 0.567729 220.499869 0.567729 0.567729 0.567729 8.955778 0.567729 0.567729 0.567729 125.160729 0.567729 0.567729 0.567729 0.567729 0.567729 0.567729 8.185470 0.567729 0.567729 8.009970 8.143786 8.666194 8.559008 0.567729 0.567729 0.567729 0.567729 7.848210 7.611294 8.880230 8.944230
7.628632 9.718161 9.718161 7.983047 11.948080 11.948080 7.983047 9.427893 0.567729 0.567729 0.567729 0.567729 8.880230 7.983047 7.711425 9.718161 11.948080 11.948080 8.566283 11.948080 11.948080 8.880230 8.566283 10.461334 0.567729 0.567729 8.955778 0.567729 0.567729 0.567729 0.567729 0.567729 0.567729 8.268703 8.009970 8.566283 10.227803 0.567729 192.546230 0.567729 149.817380 68.470381 213.472841 0.567729 0.567729 8.094670 8.143786 0.567729 0.567729 0.567729 8.143786 8.185470 8.666194 8.009970 8.009970 0.567729 0.567729 0.567729 0.567729 7.848210 8.307378 8.880230
11.948080 11.948080 11.948080 8.566283 8.944230 8.185470 8.094670 9.427893 8.880230 0.567729 0.567729 7.983047 11.948080 8.944230 9.427893 7.848210 11.948080 8.566283 8.185470 7.924563 7.924563 7.983047 8.566283 8.268703 0.567729 0.567729 283.756833 149.817380 0.567729 226.159176 186.004597 186.004597 8.268703 8.358201 8.268703 8.566283 8.955778 8.268703 0.567729 0.567729 186.004597 0.567729 0.567729 0.567729 8.094670 8.094670 0.567729 0.567729 0.567729 0.567729 8.024650 8.024650 8.944230 8.666194 8.009970 0.567729 0.567729 0.567729 9.718161 9.718161 7.652711 8.185470
11.948080 11.948080 8.566283 8.944230 7.983047 8.094670 9.427893 0.567729 8.880230 7.983047 7.983047 8.185470 11.948080 8.955778 12.230556 9.427893 7.711425 7.711425 9.427893 8.944230 7.924563 8.185470 11.948080 11.948080 10.615513 0.567729 267.132807 156.936016 200.388957 152.018166 265.276866 226.159176 192.546230 0.567729 0.567729 8.026043 8.955778 0.567729 8.944230 8.026043 0.567729 0.567729 8.009970 8.559008 8.009970 8.094670 7.924563 8.944230 8.009970 8.666194 8.185470 8.944230 8.268703 8.666194 8.185470 8.185470 0.567729 0.567729 9.718161 8.185470 7.652711 8.185470
11.948080 8.566283 7.983047 7.983047 8.944230 8.094670 0.567729 0.567729 8.880230 8.880230 7.983047 8.185470 11.948080 8.944230 12.613064 9.427893 9.427893 9.427893 9.427893 8.307378 7.924563 7.924563 7.983047 8.944230 243.157180 8.955778 267.132807 245.919633 243.157180 149.817380 252.930360 186.004597 55.632405 8.566283 10.615513 10.615513 8.955778 0.567729 0.567729 0.567729 8.143786 8.955778 8.955778 8.955778 8.339425 8.185470 7.924563 7.627601 8.666194 8.185470 8.944230 8.268703 7.611294 8.009970 8.185470 0.567729 0.567729 7.715301 8.683748 7.611294 8.143786 7.983047
11.948080 8.566283 8.566283 11.948080 8.944230 8.944230 8.944230 9.427893 0.567729 0.567729 8.185470 11.948080 8.944230 12.613064 7.719987 9.427893 9.427893 9.427893 11.790050 9.427893 8.307378 7.924563 8.880230 11.948080 104.338913 8.955778 186.004597 202.845023 101.079483 0.567729 0.567729 0.567729 0.567729 0.567729 0.567729 0.567729 8.955778 0.567729 0.567729 8.185470 8.185470 8.185470 0.567729 7.924563 7.924563 7.924563 0.567729 8.024650 8.185470 8.185470 8.666194 8.268703 0.567729 8.683748 8.880230 0.567729 0.567729 9.427893 9.427893 8.683748 8.307378 8.307378
8.566283 11.948080 8.944230 8.944230 8.944230 8.944230 11.948080 8.094670 0.567729 9.427893 8.566283 11.948080 12.613064 12.097836 9.427893 9.427893 9.427893 9.427893 11.790050 11.790050 8.185470 8.185470 11.790050 8.307378 8.026043 186.004597 125.160729 213.472841 0.567729 0.567729 101.079483 72.909739 0.567729 0.567729 12.613064 0.567729 0.567729 8.268703 0.567729 8.853110 7.924563 7.924563 7.924563 7.924563 7.924563 7.924563 8.944230 8.666194 8.666194 8.185470 8.185470 0.567729 8.009970 7.848210 8.307378 0.567729 0.567729 9.427893 9.718161 8.880230 9.718161 8.185470
11.948080 7.983047 8.944230 8.944230 8.156663 8.944230 8.944230 8.094670 0.567729 9.427893 7.983047 11.948080 8.955778 9.427893 9.427893 9.427893 9.427893 9.427893 9.427893 9.427893 9.427893 9.427893 11.790050 11.948080 8.955778 189.900618 197.491586 0.567729 0.567729 149.817380 8.094670 8.094670 8.094670 10.205914 8.268703 8.955778 8.094670 8.185470 8.853110 8.143786 8.094670 8.094670 8.185470 7.924563 8.268703 8.094670 8.094670 8.268703 8.666194 8.666194 8.009970 0.567729 0.567729 8.307378 0.567729 0.567729 0.567729 7.848210 0.567729 0.567729 0.567729 0.567729
7.983047 7.983047 8.944230 8.944230 8.156663 8.944230 8.944230 8.944230 8.185470 9.427893 9.427893 8.185470 9.427893 9.427893 11.790050 9.427893 9.427893 9.427893 9.427893 9.427893 9.427893 9.427893 11.581321 11.790050 266.191061 292.112762 76.140888 0.567729 127.350452 8.268703 8.955778 8.955778 0.567729 8.185470 8.944230 8.185470 8.666194 8.094670 10.227803 8.094670 8.185470 8.185470 8.185470 8.268703 8.268703 8.185470 8.268703 8.185470 8.185470 8.009970 0.567729 0.567729 233.556287 8.307378 0.567729 0.567729 0.567729 8.268703 0.567729 0.567729 0.567729 0.567729
8.944230 8.566283 8.944230 8.944230 8.156663 8.156663 8.944230 7.983047 9.427893 9.427893 8.944230 8.944230 9.427893 9.427893 9.427893 9.427893 9.427893 9.427893 9.427893 9.427893 9.427893 9.427893 11.581321 67.976822 7.848210 238.449152 93.838984 226.159176 179.821003 8.412064 7.244790 9.298987 8.185470 8.094670 8.094670 8.268703 8.094670 8.185470 8.185470 8.268703 8.880230 8.185470 8.185470 8.185470 8.185470 8.185470 8.185470 8.185470 8.185470 0.567729 0.567729 0.567729 403.461085 448.967114 0.567729 0.567729 0.567729 0.567729 0.567729 0.567729 0.567729 0.567729
11.948080 8.566283 8.566283 8.944230 8.944230 8.944230 7.983047 9.427893 9.427893 8.944230 8.955778 8.955778 9.427893 9.427893 9.427893 9.427893 9.427893 9.427893 9.427893 9.427893 9.427893 9.427893 9.427893 7.404771 8.307378 125.160729 8.026043 8.009970 8.094670 8.009970 9.718161 8.094670 8.268703 8.094670 8.094670 8.185470 8.185470 8.094670 8.026043 8.094670 8.880230 8.185470 8.185470 8.185470 7.924563 7.924563 7.924563 7.924563 8.666194 8.009970 8.009970 177.192559 127.350452 448.967114 0.567729 0.567729 0.567729 0.567729 8.185470 8.185470 8.268703 7.611294
11.948080 8.566283 11.948080 8.566283 8.944230 9.427893 9.427893 9.427893 12.613064 9.427893 9.427893 9.427893 9.427893 9.427893 9.427893 9.427893 9.427893 9.427893 9.427893 9.427893 9.427893 9.427893 9.427893 12.097836 8.307378 243.157180 8.026043 226.159176 8.009970 9.718161 8.268703 7.611294 8.094670 8.094670 7.983047 8.185470 8.094670 8.412064 8.185470 8.944230 8.143786 8.944230 8.185470 7.924563 8.412064 8.666194 8.666194 8.666194 8.009970 8.009970 8.009970 9.427893 0.567729 0.567729 0.567729 0.567729 8.307378 8.880230 8.185470 8.094670 8.094670 8.094670
11.948080 8.944230 11.948080 11.948080 9.427893 9.427893 9.427893 9.427893 9.427893 9.427893 11.180303 9.427893 9.427893 9.427893 9.427893 9.427893 9.427893 9.427893 9.427893 9.427893 9.427893 9.427893 11.717977 8.009970 8.052472 172.874486 186.004597 226.159176 8.955778 8.268703 8.024650 8.185470 8.185470 8.880230 7.924563 7.924563 7.924563 7.924563 0.567729 8.944230 8.944230 7.924563 8.412064 7.924563 8.412064 186.004597 186.004597 8.026043 8.185470 8.185470 7.848210 0.567729 0.567729 0.567729 0.567729 7.711425 8.307378 8.307378 8.185470 7.848210 7.611294 8.094670
11.948080 11.948080 9.718161 9.427893 9.427893 9.427893 9.427893 8.307378 9.427893 9.427893 9.427893 9.427893 9.427893 9.427893 9.427893 9.427893 9.427893 9.427893 9.427893 9.427893 9.427893 9.427893 8.185470 8.009970 12.319661 8.026043 8.955778 194.891601 7.924563 8.412064 7.924563 7.924563 7.924563 7.924563 7.924563 7.924563 7.924563 7.924563 7.924563 8.944230 7.924563 8.412064 8.666194 8.666194 164.573392 220.499869 220.499869 8.009970 8.185470 8.185470 0.567729 0.567729 0.567729 0.567729 0.567729 0.567729 0.567729 8.307378 8.944230 8.307378 7.611294 8.094670
11.948080 11.948080 7.848210 11.790050 9.427893 9.427893 9.427893 9.427893 9.427893 9.427893 9.427893 11.180303 9.427893 9.427893 9.427893 9.427893 9.427893 9.427893 8.508353 9.427893 11.581321 11.717977 8.185470 8.009970 8.944230 8.458815 194.891601 8.185470 8.185470 8.024650 7.924563 7.924563 7.924563 7.924563 8.666194 8.666194 7.924563 7.924563 7.924563 7.924563 7.924563 8.666194 316.207794 283.756833 8.458815 220.499869 226.789944 220.499869 7.627601 213.472841 0.567729 0.567729 0.567729 0.567729 0.567729 9.427893 9.718161 8.944230 9.718161 8.094670 7.611294 8.094670
11.948080 11.948080 7.719987 9.427893 9.427893 9.427893 9.427893 11.180303 11.180303 9.427893 11.790050 9.427893 9.427893 9.427893 9.427893 9.427893 9.427893 9.427893 9.427893 9.427893 9.427893 8.955778 8.185470 8.395418 8.944230 8.458815 8.185470 8.185470 8.268703 8.094670 7.924563 9.718161 8.094670 8.009970 8.185470 8.185470 7.611294 8.185470 8.094670 8.666194 8.666194 8.445653 8.445653 0.567729 220.499869 226.159176 226.159176 0.567729 0.567729 226.159176 0.567729 0.567729 0.567729 0.567729 0.567729 7.848210 8.185470 8.185470 11.948080 8.094670 8.094670 8.094670
11.948080 11.948080 11.948080 9.427893 9.427893 9.427893 9.427893 9.427893 9.427893 9.427893 9.427893 9.427893 9.427893 9.427893 9.427893 9.427893 9.427893 9.427893 9.427893 9.427893 8.185470 8.185470 8.185470 10.227803 8.185470 8.094670 8.094670 8.185470 8.185470 8.094670 8.009970 8.009970 8.009970 8.268703 8.268703 8.185470 8.185470 8.666194 8.009970 8.026043 115.198755 245.919633 0.567729 8.185470 8.009970 267.132807 236.882019 223.228308 316.207794 226.159176 0.567729 0.567729 0.567729 0.567729 0.567729 12.639899 8.009970 8.185470 8.185470 8.094670 8.094670 8.615278
9.718161 11.180303 9.110546 9.427893 9.427893 9.427893 9.427893 9.427893 9.427893 9.427893 9.427893 9.427893 9.427893 9.427893 9.427893 9.427893 9.427893 9.427893 9.427893 11.790050 11.790050 12.181728 8.955778 8.185470 12.181728 8.094670 8.009970 8.185470 8.268703 8.094670 8.527786 8.185470 7.983047 8.156663 8.944230 8.185470 7.960920 8.009970 8.445653 115.198755 172.874486 8.009970 8.009970 8.185470 213.472841 177.192559 177.192559 0.567729 403.461085 177.192559 0.567729 0.567729 0.567729 0.567729 0.567729 7.848210 8.009970 7.611294 8.094670 8.094670 8.880230 8.880230
7.719987 9.427893 9.427893 9.427893 9.427893 9.427893 9.427893 9.427893 9.427893 9.427893 9.427893 9.427893 9.427893 9.427893 9.427893 9.427893 9.427893 9.427893 9.427893 11.790050 11.790050 8.955778 12.181728 12.097836 8.955778 8.009970 8.143786 8.566283 8.094670 8.094670 8.094670 7.983047 7.983047 7.924563 7.924563 8.666194 8.955778 115.198755 226.159176 8.009970 226.159176 226.159176 8.009970 177.192559 8.806549 226.159176 177.192559 0.567729 266.191061 226.159176 0.567729 0.567729 0.567729 156.936016 0.567729 7.627601 8.955778 0.567729 7.611294 8.094670 8.185470 8.307378
9.427893 9.427893 8.806549 9.427893 9.427893 9.427893 9.427893 9.427893 9.427893 9.427893 9.427893 9.427893 9.427893 9.427893 9.427893 9.427893 9.427893 9.427893 12.230556 11.790050 8.185470 10.227803 11.948080 8.322520 8.185470 8.185470 7.983047 8.566283 8.268703 8.094670 8.566283 7.983047 8.322520 7.924563 7.924563 8.666194 8.559008 220.499869 189.900618 8.009970 316.207794 267.132807 403.461085 403.461085 177.192559 0.567729 8.094670 8.268703 177.192559 247.280374 226.159176 403.461085 223.228308 0.567729 0.567729 0.567729 8.955778 8.955778 8.955778 8.143786 8.009970 8.094670
9.427893 9.427893 9.427893 9.427893 9.427893 9.427893 9.427893 9.427893 9.427893 9.427893 9.427893 9.427893 9.427893 9.427893 9.427893 11.790050 9.427893 11.717977 8.944230 11.790050 8.955778 8.322520 11.790050 9.718161 9.718161 8.185470 7.983047 8.566283 8.944230 7.983047 7.983047 7.983047 8.322520 8.185470 8.185470 8.806549 156.936016 8.009970 8.009970 267.132807 177.192559 236.882019 0.567729 8.683748 7.627601 8.268703 226.159176 8.009970 226.159176 267.132807 267.132807 267.132807 186.004597 0.567729 9.718161 7.848210 7.627601 8.955778 8.955778 8.156663 12.613064 9.721048
9.427893 9.427893 9.427893 7.719987 9.427893 11.180303 9.427893 9.427893 9.427893 9.427893 9.427893 9.427893 9.427893 9.427893 12.613064 9.427893 8.508353 8.508353 9.718161 8.944230 10.461334 8.185470 8.880230 9.718161 7.983047 8.094670 8.566283 8.944230 8.944230 8.566283 8.322520 7.924563 179.821003 267.132807 267.132807 226.789944 8.009970 8.666194 8.666194 238.449152 149.817380 316.207794 7.627601 12.097836 12.097836 8.307378 316.207794 267.132807 267.132807 267.132807 267.132807 8.009970 7.715301 7.848210 0.567729 7.848210 8.955778 8.026043 10.615513 10.227803 8.955778 10.205914
9.427893 8.806549 9.427893 7.719987 12.613064 11.180303 9.427893 9.427893 9.427893 9.427893 9.427893 9.427893 9.427893 9.427893 11.948080 8.185470 12.319661 7.652711 8.094670 8.094670 8.185470 8.094670 8.185470 7.983047 8.566283 8.944230 8.566283 8.944230 8.944230 8.185470 7.983047 8.185470 238.449152 115.198755 220.499869 8.527786 8.185470 8.185470 238.449152 105.682502 125.160729 238.449152 89.082999 7.848210 9.427893 8.508353 186.004597 267.132807 267.132807 267.132807 8.009970 11.948080 0.567729 0.567729 9.718161 8.955778 10.400234 10.205914 8.268703 10.205914 8.955778 10.205914
9.427893 9.427893 9.427893 9.427893 12.097836 12.613064 9.427893 9.427893 9.427893 9.427893 9.427893 9.427893 9.427893 11.948080 12.613064 8.395418 8.265003 8.185470 8.955778 7.611294 8.094670 8.094670 8.566283 8.944230 8.566283 8.944230 8.944230 8.944230 8.944230 7.983047 8.185470 7.983047 8.185470 432.789706 8.009970 8.143786 8.566283 8.185470 226.159176 403.461085 9.298987 8.683748 7.848210 9.427893 0.567729 8.683748 267.132807 267.132807 267.132807 267.132807 7.652711 11.948080 8.884446 0.567729 7.848210 7.848210 8.009970 12.319661 8.458815 10.205914 8.268703 10.205914
9.427893 9.427893 9.427893 7.848210 12.613064 9.427893 8.806549 9.427893 9.427893 7.719987 11.948080 9.427893 9.427893 12.613064 0.567729 12.613064 8.174079 8.094670 8.094670 8.094670 8.094670 8.094670 8.566283 8.944230 8.944230 8.566283 8.566283 8.566283 8.880230 8.185470 7.258356 7.924563 8.185470 8.527786 8.009970 7.258356 8.472138 8.268703 11.581321 403.461085 8.683748 0.567729 0.567729 9.427893 0.567729 0.567729 267.132807 186.004597 186.004597 8.009970 8.307378 8.472138 8.472138 11.948080 0.567729 7.848210 7.611294 10.615513 9.721048 10.400234 12.319661 12.613064
9.427893 8.508353 9.427893 12.097836 8.955778 9.427893 9.427893 9.427893 9.427893 9.427893 9.427893 9.427893 9.427893 0.567729 11.180303 11.180303 9.718161 8.880230 8.094670 8.094670 7.983047 7.983047 8.944230 8.566283 8.944230 8.566283 8.094670 8.094670 8.880230 8.566283 8.322520 7.924563 8.185470 8.009970 8.143786 7.258356 11.948080 8.268703 8.944230 8.683748 8.944230 0.567729 0.567729 0.567729 7.848210 7.848210 213.472841 403.461085 55.632405 12.097836 8.880230 0.567729 11.948080 0.567729 9.718161 8.955778 10.205914 10.615513 8.955778 8.955778 10.205914 0.567729
9.427893 12.097836 8.683748 12.097836 9.427893 9.427893 9.427893 9.427893 11.180303 9.427893 9.427893 9.427893 11.948080 0.567729 12.613064 8.009970 267.132807 8.853110 8.094670 8.566283 7.983047 8.944230 8.566283 8.566283 8.566283 8.566283 8.094670 8.094670 8.185470 7.258356 8.322520 8.185470 8.009970 8.009970 8.527786 8.143786 7.258356 8.185470 8.955778 7.627601 8.683748 8.955778 9.718161 0.567729 7.848210 8.955778 267.132807 0.567729 12.097836 8.009970 8.880230 76.140888 0.567729 0.567729 7.848210 8.268703 10.400234 10.205914 10.205914 8.478207 8.478207 0.567729
