Big_Beef/DataInputs30m/o_10_ChemistryPools/1990_Mar2025/DOC_Pool_2.asc
ncols 345
nrows 426
xllcorner 508536.40413180296
yllcorner 5265678.99790656
cellsize 30
nodata_value -9999
[rows 54 to 80 of 426, columns 248 to 309 of 345]
8.307378 8.052472 8.566283 8.666194 166.546718 154.640735 0.567729 154.640735 172.874486 166.546718 296.717614 8.527786 8.527786 8.143786 8.666194 8.527786 8.527786 8.666194 8.527786 8.527786 8.143786 8.094670 8.559008 8.458815 8.806549 8.009970 8.527786 8.009970 8.009970 8.527786 0.567729 7.983047 7.258356 8.322520 11.948080 11.948080 9.718161 7.983047 8.094670 8.094670 8.094670 101.079483 296.333577 8.094670 8.009970 296.333577 8.009970 8.026043 8.009970 8.009970 9.718161 8.268703 236.882019 283.756833 267.132807 267.132807 0.567729 0.567729 267.132807 183.078040 183.078040 8.009970
8.683748 8.009970 8.009970 8.094670 283.756833 110.316294 0.567729 296.717614 115.198755 166.546718 115.198755 8.527786 8.527786 8.143786 8.185470 8.527786 8.527786 8.527786 8.527786 8.666194 8.185470 8.666194 8.806549 8.458815 8.009970 8.009970 8.527786 8.527786 8.559008 0.567729 0.567729 8.156663 7.258356 11.948080 11.948080 11.948080 11.948080 8.094670 8.094670 247.280374 184.734537 267.132807 8.009970 8.009970 267.132807 149.817380 243.157180 243.157180 243.157180 243.157180 152.018166 267.132807 0.567729 265.276866 158.796212 115.198755 0.567729 226.159176 0.567729 0.567729 8.026043 7.848210
0.567729 0.567729 8.566283 8.009970 283.756833 110.316294 154.640735 115.198755 172.874486 296.717614 115.198755 164.573392 8.527786 8.666194 8.666194 8.026043 8.527786 7.960920 7.960920 8.094670 8.094670 8.143786 8.559008 8.458815 8.009970 8.009970 8.527786 8.009970 8.009970 0.567729 8.880230 8.472138 8.185470 8.307378 7.848210 8.880230 8.094670 8.094670 8.268703 226.159176 105.682502 316.207794 8.395418 267.132807 8.559008 265.276866 152.018166 243.157180 152.018166 152.018166 152.018166 101.079483 101.079483 236.882019 152.018166 105.682502 0.567729 0.567729 0.567729 7.848210 0.567729 0.567729
0.567729 0.567729 8.944230 0.567729 283.756833 166.546718 154.640735 293.152437 293.152437 172.874486 164.573392 226.789944 7.960920 8.666194 8.527786 7.960920 8.527786 7.960920 8.185470 8.185470 8.143786 8.143786 8.559008 8.009970 8.143786 8.666194 8.527786 8.666194 0.567729 0.567729 8.185470 12.613064 8.307378 9.427893 9.427893 0.567729 0.567729 8.880230 8.094670 152.018166 226.159176 8.307378 8.307378 8.268703 152.018166 152.018166 243.157180 152.018166 172.874486 213.472841 152.018166 101.079483 152.018166 101.079483 0.567729 186.004597 0.567729 0.567729 0.567729 0.567729 8.009970 7.848210
0.567729 0.567729 10.615513 10.615513 283.756833 166.546718 217.563737 217.563737 172.874486 166.546718 296.717614 8.527786 8.024650 8.185470 7.960920 7.960920 8.185470 8.185470 7.983047 8.185470 8.143786 8.666194 8.559008 8.527786 8.185470 0.567729 8.185470 8.143786 0.567729 0.567729 8.185470 10.227803 8.944230 7.626531 9.427893 0.567729 0.567729 8.880230 247.280374 8.009970 226.159176 8.880230 8.094670 8.559008 152.018166 172.874486 213.472841 152.018166 172.874486 283.756833 152.018166 152.018166 152.018166 152.018166 152.018166 0.567729 0.567729 7.848210 7.848210 8.307378 8.009970 8.094670
0.567729 7.719987 8.943272 175.922163 194.813890 166.546718 0.567729 293.152437 115.198755 166.546718 166.546718 8.527786 7.960920 8.412064 8.666194 8.024650 8.185470 7.983047 7.983047 8.185470 8.666194 8.009970 267.132807 164.573392 8.009970 8.143786 8.185470 8.185470 0.567729 8.944230 8.185470 10.227803 0.567729 9.427893 9.427893 0.567729 0.567729 8.307378 8.009970 7.611294 8.009970 8.094670 7.611294 8.009970 265.276866 152.018166 115.198755 158.796212 252.930360 252.930360 243.157180 243.157180 243.157180 226.159176 226.159176 0.567729 0.567729 7.848210 283.756833 101.079483 8.009970 0.567729
0.567729 7.719987 316.207794 283.756833 166.546718 293.152437 293.152437 0.567729 115.198755 293.152437 166.546718 186.004597 270.353717 8.024650 7.924563 7.924563 8.024650 8.143786 8.094670 8.094670 8.559008 283.756833 172.874486 293.152437 189.900618 8.143786 8.185470 8.268703 0.567729 7.711425 8.094670 8.094670 10.026309 9.427893 7.848210 0.567729 8.307378 7.848210 8.944230 0.567729 8.094670 0.567729 10.461334 10.205914 8.009970 8.559008 8.559008 172.874486 252.930360 243.157180 243.157180 243.157180 207.710587 403.461085 8.683748 11.180303 0.567729 233.556287 283.756833 226.159176 8.268703 8.094670
8.094670 8.185470 186.004597 194.813890 166.546718 0.567729 0.567729 152.052501 152.052501 166.546718 166.546718 293.152437 200.388957 7.960920 7.924563 7.924563 8.143786 8.185470 8.094670 8.094670 8.009970 283.756833 128.806641 0.567729 122.405065 8.009970 8.185470 0.567729 0.567729 8.944230 0.567729 0.567729 8.026043 7.848210 9.718161 9.718161 9.718161 0.567729 0.567729 0.567729 0.567729 0.567729 0.567729 8.268703 8.009970 8.009970 8.559008 283.756833 184.734537 243.157180 267.132807 243.157180 223.228308 0.567729 0.567729 0.567729 0.567729 85.397954 92.757744 8.268703 8.009970 8.009970
7.848210 8.185470 166.546718 293.152437 166.546718 0.567729 293.152437 115.198755 115.198755 166.546718 166.546718 172.874486 8.527786 7.960920 8.024650 8.412064 8.143786 8.185470 8.094670 8.094670 8.559008 220.499869 110.316294 8.955778 0.567729 0.567729 0.567729 0.567729 0.567729 9.718161 9.427893 7.711425 11.180303 7.711425 11.948080 11.948080 0.567729 7.848210 0.567729 0.567729 0.567729 0.567729 0.567729 8.268703 8.009970 8.009970 8.955778 213.472841 243.157180 184.734537 0.567729 8.955778 12.613064 7.626531 280.783259 10.026309 0.567729 85.397954 184.734537 213.472841 8.009970 8.094670
8.185470 267.132807 166.546718 217.563737 166.546718 293.152437 0.567729 172.874486 172.874486 115.198755 166.546718 115.198755 164.573392 8.024650 8.024650 8.666194 8.185470 8.094670 8.094670 8.094670 156.936016 283.756833 8.806549 0.567729 9.427893 0.567729 0.567729 0.567729 8.307378 8.944230 9.427893 7.848210 9.427893 10.790657 8.880230 11.948080 0.567729 0.567729 0.567729 0.567729 0.567729 0.567729 0.567729 9.718161 267.132807 243.157180 243.157180 213.472841 243.157180 243.157180 0.567729 266.191061 243.157180 184.734537 12.613064 10.026309 0.567729 213.472841 105.682502 8.566283 8.094670 8.880230
8.009970 283.756833 166.546718 217.563737 293.152437 8.276220 115.198755 172.874486 115.198755 166.546718 166.546718 115.198755 115.198755 7.258356 7.258356 7.258356 8.185470 8.094670 8.094670 283.756833 184.734537 8.094670 8.094670 125.160729 8.955778 9.427893 0.567729 0.567729 7.848210 9.427893 7.711425 9.427893 11.180303 9.427893 7.711425 9.718161 11.948080 0.567729 0.567729 0.567729 0.567729 0.567729 0.567729 10.205914 9.718161 8.268703 152.018166 252.930360 243.157180 243.157180 8.067175 267.132807 243.157180 8.094670 8.395418 8.094670 0.567729 316.241823 125.160729 0.567729 8.307378 0.567729
267.132807 194.813890 166.546718 296.717614 217.563737 8.566283 8.566283 252.930360 172.874486 172.874486 166.546718 110.316294 8.527786 7.258356 7.924563 8.024650 8.143786 8.094670 247.280374 265.276866 8.094670 8.880230 8.185470 186.004597 51.044190 7.848210 0.567729 0.567729 8.944230 0.567729 9.427893 0.567729 0.567729 8.118949 0.567729 7.848210 9.718161 0.567729 0.567729 0.567729 0.567729 0.567729 7.611294 8.094670 267.132807 213.472841 152.018166 162.319049 243.157180 243.157180 8.143786 243.157180 184.734537 8.009970 8.880230 9.718161 0.567729 0.567729 0.567729 9.427893 0.567729 0.567729
249.662865 284.742267 194.813890 166.546718 8.566283 8.566283 217.563737 172.874486 226.789944 186.004597 293.152437 172.874486 8.527786 7.960920 8.024650 8.666194 8.094670 8.094670 8.009970 243.157180 8.094670 7.983047 8.094670 236.882019 8.683748 53.206718 0.567729 9.718161 9.718161 9.718161 9.718161 9.718161 7.711425 11.948080 7.848210 8.094670 10.227803 10.227803 0.567729 0.567729 8.094670 8.268703 9.718161 8.094670 8.094670 213.472841 148.370781 213.472841 186.004597 243.157180 8.268703 149.817380 184.734537 8.009970 8.094670 8.094670 0.567729 9.718161 266.191061 68.470381 0.567729 0.567729
283.756833 194.813890 194.813890 8.566283 8.566283 217.563737 217.563737 115.198755 164.573392 186.004597 166.546718 186.004597 164.573392 7.960920 8.024650 8.666194 8.009970 267.132807 226.159176 8.094670 8.094670 7.983047 8.566283 8.268703 179.821003 8.478207 0.567729 9.718161 7.711425 11.948080 9.718161 7.983047 8.880230 11.948080 11.948080 8.094670 8.094670 8.268703 8.268703 8.268703 8.094670 7.611294 8.094670 8.094670 0.567729 7.611294 225.041231 162.319049 243.157180 403.461085 267.132807 8.026043 8.026043 8.094670 8.094670 9.718161 0.567729 8.566283 0.567729 9.427893 7.711425 9.110546
284.742267 194.813890 7.924563 8.566283 217.563737 296.717614 217.563737 172.874486 125.160729 186.004597 172.874486 125.160729 164.573392 7.960920 7.924563 8.143786 8.666194 192.546230 8.090629 8.094670 8.880230 7.983047 7.719987 93.838984 95.996980 10.227803 0.567729 7.848210 8.508353 8.307378 8.944230 0.567729 8.094670 8.268703 8.268703 8.094670 8.094670 8.094670 8.094670 8.094670 8.955778 0.567729 8.683748 8.094670 8.094670 8.853110 304.837047 243.157180 8.009970 403.461085 8.009970 8.094670 8.094670 8.094670 0.567729 0.567729 0.567729 149.817380 0.567729 0.567729 7.711425 0.567729
194.813890 166.546718 9.126788 217.563737 172.874486 115.198755 172.874486 172.874486 293.152437 166.546718 8.955778 8.527786 270.353717 8.024650 7.258356 8.024650 8.094670 8.094670 8.090629 8.156663 7.983047 8.566283 7.719987 8.268703 95.996980 448.967114 7.848210 0.567729 9.427893 9.427893 0.567729 7.711425 8.185470 8.094670 8.094670 8.094670 8.094670 11.948080 0.567729 7.848210 7.848210 12.613064 8.094670 8.094670 8.955778 8.955778 7.627601 8.094670 7.848210 8.395418 0.567729 8.094670 8.094670 8.094670 9.718161 9.718161 0.567729 403.461085 8.009970 7.848210 7.715301 8.880230
9.718161 9.126788 217.563737 252.930360 172.874486 172.874486 265.276866 265.276866 166.546718 293.152437 186.004597 226.789944 284.742267 8.024650 8.024650 8.412064 8.094670 8.094670 8.143786 7.983047 7.983047 7.983047 8.566283 8.268703 267.132807 226.159176 448.967114 0.567729 9.427893 0.567729 0.567729 7.715301 8.880230 8.880230 0.567729 8.395418 8.094670 9.718161 0.567729 0.567729 7.848210 7.848210 8.094670 8.094670 8.094670 8.955778 8.094670 8.268703 8.268703 8.268703 8.395418 8.395418 8.094670 8.094670 8.880230 9.718161 0.567729 316.207794 0.567729 7.848210 8.174079 10.026309
8.666194 166.546718 293.152437 252.930360 172.874486 115.198755 220.499869 265.276866 128.806641 166.546718 186.004597 226.789944 284.742267 8.024650 8.024650 7.924563 8.185470 8.185470 8.143786 7.983047 7.983047 7.924563 8.185470 8.268703 177.192559 12.613064 9.427893 0.567729 9.427893 0.567729 0.567729 0.567729 0.567729 0.567729 0.567729 0.567729 0.567729 9.718161 0.567729 7.848210 7.848210 0.567729 0.567729 9.718161 0.567729 0.567729 8.094670 10.615513 8.268703 7.848210 9.427893 8.683748 8.529298 7.848210 8.683748 0.567729 0.567729 0.567729 8.683748 8.307378 0.567729 61.798594
8.024650 7.960920 172.874486 252.930360 115.198755 154.640735 217.563737 115.198755 267.132807 265.276866 166.546718 125.160729 164.573392 8.143786 7.924563 7.924563 8.412064 8.412064 7.983047 7.983047 7.983047 7.924563 7.924563 8.094670 7.611294 0.567729 0.567729 7.848210 0.567729 0.567729 0.567729 0.567729 0.567729 0.567729 0.567729 0.567729 0.567729 0.567729 0.567729 9.427893 7.848210 0.567729 7.848210 8.880230 0.567729 8.094670 8.094670 0.567729 8.268703 7.848210 9.427893 0.567729 7.848210 0.567729 9.427893 0.567729 0.567729 9.427893 7.715301 7.715301 7.715301 12.613064
284.742267 284.742267 172.874486 252.930360 115.198755 115.198755 8.955778 115.198755 8.009970 8.009970 8.559008 8.527786 8.143786 7.258356 7.924563 7.258356 8.412064 7.983047 284.742267 8.024650 8.143786 7.924563 8.143786 8.143786 8.094670 8.143786 8.944230 8.944230 7.848210 0.567729 11.180303 0.567729 0.567729 0.567729 0.567729 0.567729 0.567729 0.567729 0.567729 0.567729 7.848210 0.567729 7.711425 8.268703 11.948080 11.948080 8.094670 8.880230 8.185470 7.848210 7.848210 0.567729 7.626531 7.848210 9.718161 9.718161 0.567729 7.848210 9.427893 7.848210 7.715301 11.180303
270.353717 115.198755 200.388957 200.388957 226.159176 164.573392 8.666194 8.009970 8.185470 8.666194 8.009970 8.666194 8.143786 7.924563 7.258356 7.960920 284.742267 284.742267 125.160729 270.353717 12.613064 8.024650 270.353717 270.353717 8.666194 8.143786 8.666194 8.412064 8.944230 0.567729 0.567729 0.567729 0.567729 0.567729 0.567729 0.567729 7.848210 0.567729 0.567729 0.567729 0.567729 7.944953 7.944953 8.268703 8.268703 0.567729 8.268703 7.715301 8.880230 9.718161 8.094670 9.718161 7.848210 7.848210 8.009970 8.853110 0.567729 7.848210 7.715301 7.848210 10.335325 8.026043
293.152437 252.930360 226.159176 267.132807 8.527786 8.143786 8.185470 8.185470 7.983047 8.185470 8.185470 8.185470 8.666194 8.666194 8.666194 283.756833 284.742267 284.742267 125.160729 252.930360 7.960920 7.960920 7.960920 132.140797 270.353717 8.024650 7.960920 8.666194 8.955778 8.559008 0.567729 61.798594 0.567729 0.567729 0.567729 0.567729 0.567729 0.567729 0.567729 8.806549 9.427893 7.848210 7.944953 8.880230 0.567729 0.567729 0.567729 0.567729 9.718161 9.718161 8.094670 0.567729 8.944230 7.627601 0.567729 0.567729 7.848210 9.718161 8.094670 12.319661 11.948080 8.853110
296.717614 226.159176 226.159176 8.009970 8.009970 8.143786 8.880230 8.880230 7.983047 8.880230 7.983047 8.185470 8.185470 8.666194 8.009970 267.132807 115.198755 125.160729 186.004597 270.353717 284.742267 284.742267 270.353717 8.559008 283.756833 284.742267 186.004597 267.132807 283.756833 244.629223 244.629223 152.018166 149.817380 0.567729 0.567729 0.567729 0.567729 0.567729 0.567729 0.567729 0.567729 0.567729 0.567729 0.567729 0.567729 0.567729 0.567729 0.567729 7.944953 8.268703 8.094670 0.567729 0.567729 7.848210 9.427893 0.567729 0.567729 9.427893 7.848210 8.683748 8.566283 9.427893
115.198755 164.573392 226.159176 8.009970 8.666194 8.143786 7.258356 8.185470 8.880230 8.880230 7.258356 8.472138 7.258356 8.185470 8.666194 226.789944 184.734537 172.874486 283.756833 186.004597 284.742267 284.742267 164.573392 7.960920 164.573392 186.004597 265.276866 283.756833 8.559008 8.559008 8.268703 226.159176 267.132807 8.683748 0.567729 0.567729 0.567729 0.567729 0.567729 7.848210 0.567729 0.567729 0.567729 11.948080 9.718161 0.567729 9.718161 7.848210 8.268703 8.268703 8.268703 8.094670 8.955778 7.627601 8.185470 0.567729 0.567729 0.567729 0.567729 7.627601 8.268703 9.427893
8.143786 267.132807 8.009970 8.009970 8.880230 8.185470 7.983047 8.880230 8.880230 8.185470 7.258356 7.258356 8.185470 8.943272 8.527786 8.527786 226.789944 226.789944 115.198755 172.874486 115.198755 125.160729 226.789944 125.160729 226.789944 226.789944 265.276866 226.159176 8.009970 8.009970 8.880230 8.094670 8.009970 0.567729 9.110546 0.567729 8.140629 0.567729 0.567729 0.567729 0.567729 0.567729 9.427893 0.567729 0.567729 0.567729 10.026309 9.427893 8.268703 0.567729 0.567729 0.567729 0.567729 0.567729 0.567729 0.567729 0.567729 0.567729 0.567729 0.567729 9.427893 8.026043
8.009970 8.009970 8.666194 8.143786 8.143786 8.156663 7.983047 7.983047 7.983047 8.880230 8.185470 7.258356 432.789706 226.159176 8.156663 316.207794 243.157180 164.573392 267.132807 172.874486 172.874486 172.874486 186.004597 186.004597 226.789944 164.573392 7.960920 8.143786 8.143786 8.143786 8.307378 8.880230 8.395418 7.848210 0.567729 9.718161 9.718161 0.567729 0.567729 0.567729 0.567729 0.567729 7.848210 7.848210 9.718161 0.567729 9.718161 7.711425 8.268703 0.567729 0.567729 8.307378 9.718161 0.567729 0.567729 0.567729 0.567729 0.567729 0.567729 0.567729 9.427893 9.427893
8.185470 8.666194 8.472138 8.666194 8.143786 8.185470 7.258356 8.472138 8.185470 8.009970 8.024650 8.185470 152.018166 283.756833 226.159176 283.756833 243.157180 243.157180 283.756833 172.874486 172.874486 172.874486 115.198755 115.198755 186.004597 164.573392 7.960920 8.666194 8.185470 8.880230 8.880230 8.944230 0.567729 7.715301 8.038917 8.307378 0.567729 9.110546 0.567729 9.427893 0.567729 7.848210 0.567729 7.848210 9.718161 0.567729 0.567729 8.268703 11.948080 8.268703 0.567729 0.567729 0.567729 8.009970 8.009970 0.567729 0.567729 9.427893 8.395418 8.009970 8.009970 8.009970
