Big_Beef/DataInputs30m/o_10_ChemistryPools/1990_Mar2025/DOC_Pool_4.asc
ncols 345
nrows 426
xllcorner 508536.40413180296
yllcorner 5265678.99790656
cellsize 30
nodata_value -9999
[rows 84 to 111 of 426, columns 189 to 251 of 345]
0.004671 0.004671 0.004671 0.087489 0.087489 0.087489 0.065514 0.098307 0.078388 0.035730 0.004671 0.004671 0.004671 0.004671 0.004671 0.035981 0.021010 0.041409 0.004671 0.047000 0.000000 0.000000 0.004671 0.004671 0.037877 0.004671 0.040428 0.087489 0.004671 0.004671 0.004671 0.076736 0.004671 0.004671 0.004671 0.000000 0.000000 0.000000 0.004671 0.000000 0.000000 0.004671 0.004671 0.004671 0.004671 0.087489 0.035037 0.000000 0.000000 0.000000 0.000000 0.004671 0.000000 0.000000 0.000000 0.043121 0.043121 0.032082 0.035037 0.030534 0.047904 0.035037 0.030534
0.004671 0.004671 0.041409 0.087489 0.087489 0.062749 0.062749 0.037249 0.062749 0.090501 0.004671 0.004671 0.004671 0.004671 0.090501 0.047000 0.041409 0.041409 0.043121 0.036888 0.000000 0.000000 0.004671 0.049119 0.004671 0.004671 0.040428 0.062749 0.004671 0.004671 0.004671 0.004671 0.000000 0.000000 0.004671 0.037877 0.037877 0.000000 0.000000 0.004671 0.000000 0.000000 0.000000 0.004671 0.039807 0.059227 0.000000 0.000000 0.000000 0.000000 0.000000 0.004671 0.004671 0.046649 0.037877 0.046649 0.035037 0.035037 0.035037 0.035037 0.035037 0.035037 0.030534
0.004671 0.047000 0.062749 0.062749 0.062749 0.062749 0.062749 0.062749 0.062749 0.053748 0.004671 0.048120 0.062749 0.087489 0.062749 0.062749 0.021010 0.041409 0.047000 0.000000 0.000000 0.000000 0.004671 0.037877 0.047000 0.037249 0.036888 0.052450 0.004671 0.004671 0.004671 0.004671 0.004671 0.000000 0.000000 0.037877 0.037877 0.000000 0.000000 0.004671 0.004671 0.000000 0.000000 0.031087 0.039807 0.059227 0.000000 0.000000 0.000000 0.000000 0.000000 0.000000 0.000000 0.046649 0.037877 0.032082 0.035037 0.035037 0.043121 0.043121 0.043121 0.035037 0.041409
0.047000 0.047000 0.037882 0.062749 0.062749 0.076736 0.023311 0.023311 0.062749 0.004671 0.004671 0.004671 0.004671 0.004671 0.021010 0.021010 0.043121 0.041409 0.040635 0.037877 0.037877 0.004671 0.004671 0.004671 0.037877 0.040428 0.070389 0.004671 0.004671 0.004671 0.036888 0.000000 0.000000 0.000000 0.037877 0.032082 0.004671 0.004671 0.004671 0.047000 0.000000 0.054194 0.037877 0.037877 0.087489 0.087489 0.035037 0.000000 0.000000 0.000000 0.000000 0.000000 0.046649 0.046649 0.046649 0.043121 0.043121 0.043121 0.043121 0.043121 0.004671 0.037877 0.027101
0.088120 0.070389 0.031087 0.031087 0.076736 0.076736 0.076736 0.023311 0.023311 0.087489 0.087489 0.087489 0.087489 0.087489 0.087489 0.087489 0.047000 0.037877 0.004671 0.037877 0.037877 0.037877 0.004671 0.037877 0.076736 0.004671 0.004671 0.004671 0.004671 0.069770 0.088120 0.037877 0.000000 0.041755 0.004671 0.004671 0.037877 0.041409 0.041409 0.037877 0.000000 0.000000 0.000000 0.021010 0.047904 0.039807 0.043121 0.000000 0.000000 0.000000 0.052450 0.025246 0.025246 0.025246 0.046649 0.032082 0.025246 0.046649 0.053748 0.053748 0.004671 0.004671 0.004671
0.086408 0.043121 0.076736 0.031087 0.076736 0.031087 0.076736 0.062749 0.028290 0.087489 0.087489 0.070612 0.000000 0.048120 0.087489 0.000000 0.062749 0.040428 0.037877 0.037877 0.004671 0.004671 0.004671 0.037877 0.054194 0.004671 0.004671 0.004671 0.004671 0.076736 0.054194 0.000000 0.037877 0.037877 0.004671 0.004671 0.037877 0.087489 0.041409 0.037877 0.037877 0.000000 0.000000 0.035037 0.047904 0.039807 0.039807 0.000000 0.000000 0.000000 0.046649 0.037877 0.032082 0.025246 0.000000 0.032082 0.025246 0.046649 0.040797 0.054194 0.040428 0.004671 0.004671
0.027182 0.086408 0.076736 0.031087 0.031087 0.031087 0.062749 0.087489 0.062749 0.087489 0.087489 0.087489 0.000000 0.087489 0.048120 0.087489 0.047000 0.041755 0.047000 0.037877 0.037249 0.037249 0.004671 0.037249 0.053748 0.004671 0.004671 0.004671 0.004671 0.037249 0.004671 0.004671 0.049119 0.049119 0.004671 0.088488 0.021010 0.087489 0.041409 0.041409 0.000000 0.004671 0.004671 0.053748 0.039807 0.039807 0.035037 0.000000 0.000000 0.000000 0.000000 0.000000 0.046649 0.046649 0.000000 0.000000 0.040797 0.032082 0.004671 0.037249 0.037877 0.053748 0.004671
0.004671 0.086408 0.090501 0.076736 0.076736 0.031087 0.062749 0.047960 0.087489 0.062749 0.087489 0.087489 0.087489 0.033114 0.033114 0.087489 0.004671 0.004671 0.037877 0.047000 0.037249 0.027101 0.004671 0.004671 0.090501 0.004671 0.004671 0.004671 0.004671 0.062749 0.004671 0.078388 0.047000 0.004671 0.004671 0.004671 0.023311 0.087489 0.053748 0.021010 0.000000 0.037877 0.023311 0.021010 0.039807 0.039807 0.043121 0.000000 0.000000 0.000000 0.000000 0.000000 0.000000 0.000000 0.033966 0.040797 0.000000 0.040797 0.040797 0.000000 0.004671 0.000000 0.000000
0.004671 0.004671 0.004671 0.047000 0.035981 0.076736 0.047960 0.087489 0.087489 0.062749 0.062749 0.047000 0.087489 0.035981 0.035981 0.004671 0.062749 0.004671 0.062749 0.087489 0.037249 0.004671 0.004671 0.047000 0.004671 0.004671 0.073325 0.088931 0.023311 0.087489 0.053396 0.062749 0.047000 0.037249 0.078388 0.088488 0.023311 0.087489 0.087489 0.041409 0.043121 0.000000 0.023311 0.021010 0.030534 0.043121 0.025246 0.000000 0.000000 0.000000 0.000000 0.037877 0.000000 0.000000 0.046649 0.043121 0.032082 0.040797 0.000000 0.000000 0.000000 0.000000 0.053748
0.004671 0.004671 0.004671 0.076736 0.033114 0.053396 0.048120 0.041409 0.087489 0.087489 0.054194 0.090501 0.049106 0.050396 0.004671 0.040635 0.040635 0.041409 0.021010 0.043121 0.047000 0.037877 0.004671 0.037877 0.004671 0.090501 0.076736 0.047000 0.041409 0.041409 0.087489 0.041409 0.047000 0.037249 0.078388 0.032263 0.021010 0.030534 0.048120 0.030534 0.041409 0.025246 0.021010 0.021010 0.047904 0.043121 0.000000 0.000000 0.000000 0.000000 0.000000 0.000000 0.025246 0.025246 0.032082 0.043121 0.043121 0.000000 0.000000 0.000000 0.037877 0.037877 0.054194
0.004671 0.076736 0.087489 0.087489 0.047000 0.033114 0.047000 0.041409 0.090501 0.090501 0.087489 0.088120 0.054194 0.090501 0.062177 0.054194 0.037877 0.041409 0.041409 0.041409 0.047000 0.041755 0.037877 0.004671 0.040428 0.037249 0.037249 0.047000 0.041409 0.041409 0.041409 0.030534 0.087489 0.062749 0.037249 0.047000 0.047498 0.053748 0.087489 0.030534 0.087489 0.043121 0.030534 0.030534 0.035037 0.000000 0.000000 0.000000 0.000000 0.000000 0.000000 0.000000 0.000000 0.000000 0.000000 0.043121 0.000000 0.037877 0.037877 0.000000 0.037877 0.043121 0.043121
0.087489 0.087489 0.087489 0.087489 0.087489 0.070612 0.047000 0.047000 0.088931 0.090501 0.088488 0.087489 0.090501 0.090501 0.088931 0.088931 0.037877 0.041409 0.041409 0.000000 0.062749 0.037877 0.037877 0.004671 0.004671 0.043121 0.027101 0.004671 0.041409 0.021010 0.053748 0.053748 0.047498 0.087489 0.035981 0.087489 0.053748 0.087489 0.087489 0.043121 0.030534 0.030534 0.030534 0.035037 0.035037 0.025246 0.000000 0.000000 0.000000 0.000000 0.000000 0.000000 0.000000 0.000000 0.000000 0.040797 0.000000 0.000000 0.004671 0.004671 0.004671 0.037249 0.004671
0.087489 0.087489 0.087489 0.087489 0.087489 0.087489 0.032263 0.047000 0.088931 0.090501 0.090501 0.063160 0.090501 0.090501 0.059227 0.042629 0.041409 0.054194 0.037877 0.000000 0.062749 0.062749 0.062749 0.004671 0.004671 0.037249 0.037249 0.041409 0.041409 0.033114 0.048120 0.053748 0.053748 0.053748 0.048120 0.030534 0.030534 0.039807 0.041409 0.039807 0.030534 0.030534 0.039807 0.043121 0.043121 0.000000 0.000000 0.000000 0.000000 0.000000 0.000000 0.000000 0.000000 0.000000 0.025246 0.025246 0.043121 0.000000 0.004671 0.004671 0.098307 0.037249 0.047000
0.004671 0.087489 0.087489 0.087489 0.087489 0.047000 0.087489 0.090501 0.073945 0.084180 0.090501 0.047000 0.063160 0.063160 0.051617 0.090501 0.048120 0.041409 0.032082 0.000000 0.037877 0.062749 0.004671 0.004671 0.004671 0.004671 0.004671 0.034569 0.041409 0.021010 0.087489 0.053748 0.053748 0.048120 0.048120 0.030534 0.030534 0.039807 0.039807 0.039807 0.039807 0.039807 0.039807 0.043121 0.025246 0.000000 0.000000 0.000000 0.000000 0.000000 0.000000 0.000000 0.000000 0.025246 0.040797 0.043121 0.043121 0.000000 0.098307 0.004671 0.041755 0.037249 0.004671
0.004671 0.087489 0.087489 0.087489 0.047267 0.090501 0.090501 0.047000 0.088488 0.088488 0.090501 0.090501 0.089228 0.088931 0.088931 0.090501 0.000000 0.000000 0.000000 0.000000 0.000000 0.041409 0.041409 0.041409 0.037877 0.047000 0.037877 0.041409 0.033114 0.030534 0.030534 0.048120 0.030534 0.030534 0.030534 0.030534 0.039807 0.032082 0.000000 0.021010 0.030534 0.039807 0.039807 0.043121 0.025246 0.000000 0.000000 0.000000 0.000000 0.000000 0.000000 0.000000 0.046649 0.000000 0.041409 0.043121 0.000000 0.000000 0.004671 0.098307 0.040428 0.054194 0.004671
0.023311 0.087489 0.087489 0.087489 0.054194 0.090501 0.029104 0.029104 0.029104 0.088488 0.090501 0.090501 0.052450 0.065514 0.073945 0.051617 0.041755 0.073325 0.000000 0.000000 0.000000 0.000000 0.000000 0.004671 0.037877 0.047000 0.004671 0.067082 0.037877 0.041731 0.047498 0.048120 0.030534 0.030534 0.030534 0.039807 0.046649 0.046649 0.000000 0.000000 0.030534 0.039807 0.030534 0.025246 0.025246 0.000000 0.000000 0.000000 0.000000 0.000000 0.000000 0.000000 0.046649 0.000000 0.046649 0.000000 0.000000 0.000000 0.037877 0.037249 0.040428 0.037249 0.004671
0.041409 0.047000 0.041409 0.040635 0.088931 0.051617 0.073945 0.086408 0.090501 0.090501 0.090501 0.087489 0.047000 0.074514 0.073945 0.084180 0.062177 0.000000 0.000000 0.000000 0.037877 0.040635 0.041409 0.004671 0.037249 0.047000 0.087489 0.021010 0.021010 0.087489 0.070389 0.000000 0.000000 0.000000 0.000000 0.000000 0.046649 0.000000 0.000000 0.000000 0.000000 0.000000 0.000000 0.000000 0.000000 0.000000 0.000000 0.000000 0.000000 0.000000 0.000000 0.000000 0.046649 0.025246 0.046649 0.040797 0.025246 0.037877 0.004671 0.037249 0.037249 0.004671 0.004671
0.087489 0.090501 0.029104 0.088931 0.090501 0.088488 0.088488 0.086408 0.090501 0.051617 0.051617 0.047000 0.037249 0.087489 0.084180 0.067082 0.076736 0.054194 0.000000 0.000000 0.041409 0.041409 0.047498 0.031762 0.062749 0.048120 0.021010 0.021010 0.030534 0.090501 0.041409 0.052450 0.041409 0.048120 0.000000 0.037877 0.000000 0.000000 0.000000 0.000000 0.000000 0.000000 0.000000 0.000000 0.000000 0.000000 0.000000 0.000000 0.000000 0.000000 0.000000 0.000000 0.046649 0.025246 0.025246 0.032082 0.041409 0.004671 0.037249 0.037249 0.037249 0.053748 0.004671
0.087489 0.088488 0.073945 0.073945 0.088931 0.088488 0.089228 0.090501 0.029104 0.090501 0.089228 0.043121 0.087489 0.041409 0.041409 0.030534 0.054194 0.043121 0.041409 0.041409 0.021010 0.021010 0.053748 0.053748 0.047498 0.048120 0.047498 0.021010 0.043121 0.041409 0.041409 0.062749 0.037877 0.037877 0.000000 0.004671 0.000000 0.000000 0.000000 0.000000 0.000000 0.000000 0.087489 0.037877 0.047498 0.000000 0.000000 0.000000 0.000000 0.000000 0.000000 0.000000 0.025246 0.025246 0.040797 0.032082 0.032082 0.047000 0.076736 0.037249 0.023311 0.047000 0.037877
0.090501 0.054194 0.062749 0.049106 0.090501 0.090501 0.049106 0.090501 0.089738 0.070389 0.027182 0.043121 0.043121 0.041409 0.043121 0.052450 0.076736 0.062749 0.041409 0.053748 0.047498 0.047000 0.047498 0.053748 0.053748 0.053748 0.053748 0.041409 0.041409 0.036888 0.054194 0.047498 0.037877 0.041731 0.041409 0.087489 0.004671 0.004671 0.021010 0.041409 0.021010 0.047000 0.087489 0.037877 0.036888 0.000000 0.000000 0.000000 0.000000 0.000000 0.000000 0.000000 0.032082 0.043121 0.035037 0.043121 0.032082 0.004671 0.023311 0.062749 0.043121 0.047000 0.037877
0.090501 0.054194 0.088931 0.062749 0.090501 0.047000 0.087489 0.063160 0.090501 0.070389 0.023311 0.035981 0.041409 0.041731 0.041409 0.041409 0.041409 0.037877 0.037877 0.053748 0.047498 0.053748 0.047498 0.047498 0.048120 0.047498 0.041409 0.041409 0.047000 0.037882 0.047000 0.041409 0.041409 0.047000 0.021010 0.087489 0.041409 0.000000 0.087489 0.000000 0.087489 0.087489 0.047000 0.037877 0.037877 0.000000 0.000000 0.000000 0.000000 0.000000 0.000000 0.032082 0.035037 0.035037 0.043121 0.032082 0.043121 0.037249 0.087489 0.043121 0.047000 0.043121 0.053748
0.041755 0.047000 0.073325 0.070944 0.090501 0.090501 0.087489 0.087489 0.068860 0.087489 0.087489 0.053396 0.088931 0.054194 0.041409 0.041409 0.041409 0.041409 0.021010 0.053748 0.047000 0.053748 0.047498 0.047498 0.047000 0.026123 0.026123 0.041409 0.041409 0.037882 0.053497 0.041409 0.041409 0.087489 0.087489 0.087489 0.041409 0.000000 0.070612 0.087489 0.087489 0.048120 0.047000 0.037877 0.000000 0.000000 0.000000 0.000000 0.000000 0.000000 0.000000 0.035037 0.043121 0.035037 0.043121 0.023311 0.023311 0.043121 0.043121 0.043121 0.043121 0.043121 0.043121
0.000000 0.000000 0.037877 0.088931 0.073325 0.062749 0.032082 0.073945 0.068860 0.062749 0.088931 0.062749 0.087489 0.041409 0.041409 0.041409 0.041409 0.021010 0.039921 0.048120 0.047498 0.047498 0.047498 0.039921 0.041409 0.041409 0.041409 0.041409 0.041409 0.047000 0.032082 0.041409 0.070389 0.087489 0.087489 0.000000 0.000000 0.062749 0.000000 0.087489 0.087489 0.035037 0.076736 0.035939 0.087489 0.000000 0.000000 0.000000 0.000000 0.000000 0.040797 0.035037 0.043121 0.043121 0.040797 0.035730 0.023311 0.043121 0.039807 0.039807 0.039807 0.035939 0.043121
0.004671 0.004671 0.000000 0.051617 0.049106 0.042071 0.033114 0.021415 0.088931 0.035981 0.021415 0.062749 0.048120 0.032263 0.087489 0.070389 0.041409 0.039921 0.047000 0.087489 0.047000 0.037249 0.047498 0.041409 0.088931 0.047000 0.041409 0.041409 0.041755 0.054194 0.047000 0.041409 0.021010 0.087489 0.041731 0.070389 0.000000 0.030534 0.043121 0.059227 0.059227 0.035037 0.087489 0.048120 0.034822 0.040428 0.000000 0.000000 0.000000 0.000000 0.040797 0.035037 0.047904 0.043121 0.004671 0.038247 0.053748 0.039807 0.043121 0.043121 0.004671 0.070389 0.037249
0.040428 0.004671 0.004671 0.088488 0.073325 0.030965 0.037249 0.087489 0.087489 0.087489 0.087489 0.087489 0.087489 0.087489 0.087489 0.047000 0.039921 0.021010 0.021415 0.087489 0.021415 0.047000 0.047000 0.041409 0.041409 0.041409 0.041409 0.037877 0.000000 0.037877 0.040797 0.026123 0.041731 0.087489 0.041409 0.041409 0.000000 0.000000 0.087489 0.059227 0.059227 0.035037 0.070389 0.040797 0.000000 0.000000 0.000000 0.000000 0.000000 0.046649 0.040797 0.035037 0.039807 0.053748 0.053748 0.053748 0.039807 0.059227 0.043121 0.048120 0.087489 0.004671 0.004671
0.004671 0.004671 0.004671 0.073325 0.073325 0.041409 0.033114 0.048120 0.087489 0.087489 0.087489 0.087489 0.087489 0.087489 0.087489 0.087489 0.076736 0.039921 0.047000 0.087489 0.062749 0.039921 0.047000 0.047000 0.021010 0.041409 0.041409 0.000000 0.000000 0.059227 0.041731 0.041731 0.087489 0.087489 0.000000 0.000000 0.000000 0.087489 0.070389 0.070389 0.039807 0.041731 0.070389 0.037877 0.000000 0.000000 0.000000 0.000000 0.000000 0.000000 0.000000 0.035037 0.039807 0.039807 0.039807 0.040797 0.053748 0.043121 0.043121 0.032082 0.032082 0.004671 0.004671
0.004671 0.004671 0.076736 0.088488 0.063160 0.041409 0.047960 0.087489 0.087489 0.087489 0.087489 0.087489 0.087489 0.087489 0.076736 0.087489 0.076736 0.087489 0.087489 0.087489 0.047000 0.047000 0.087489 0.041409 0.041409 0.041409 0.041409 0.000000 0.000000 0.000000 0.000000 0.037249 0.041731 0.041409 0.000000 0.000000 0.087489 0.000000 0.047000 0.000000 0.000000 0.000000 0.000000 0.000000 0.000000 0.052450 0.000000 0.000000 0.000000 0.000000 0.000000 0.040797 0.039807 0.039807 0.039807 0.040797 0.043121 0.087489 0.048120 0.059227 0.053748 0.030534 0.004671
0.004671 0.000000 0.027101 0.037877 0.047960 0.035981 0.087489 0.087489 0.087489 0.087489 0.062749 0.047000 0.047000 0.076736 0.076736 0.041755 0.041755 0.087489 0.087489 0.087489 0.087489 0.019120 0.047960 0.087489 0.041409 0.032082 0.041409 0.000000 0.000000 0.000000 0.000000 0.067082 0.041409 0.041409 0.070389 0.087489 0.000000 0.000000 0.000000 0.000000 0.000000 0.000000 0.000000 0.000000 0.000000 0.000000 0.000000 0.000000 0.000000 0.000000 0.046649 0.035037 0.039807 0.039807 0.025246 0.040797 0.032082 0.035037 0.035037 0.043121 0.043121 0.030534 0.004671
