Big_Beef/DataInputs30m/o_10_ChemistryPools/1990_Mar2025/DOC_Pool_1.asc
ncols 345
nrows 426
xllcorner 508536.40413180296
yllcorner 5265678.99790656
cellsize 30
nodata_value -9999
[rows 189 to 215 of 426, columns 0 to 59 of 345]
172.231263 34.161034 39.731227 49.347330 39.731227 31.789079 39.519487 39.519487 49.347330 34.792307 41.983073 41.983073 39.519487 49.347330 42.898729 41.983073 41.983073 41.983073 41.983073 39.519487 41.983073 41.983073 49.347330 49.347330 49.347330 49.347330 49.347330 34.792307 34.792307 33.848517 34.792307 34.792307 49.347330 34.792307 34.419400 29.415519 257.832244 140.959324 140.959324 217.816621 554.612194 184.921590 184.921590 32.442751 32.442751 32.442751 1027.295174 32.496362 32.496362 34.792307 32.496362 34.792307 49.347330 33.200498 36.407377 36.407377 34.792307 34.792307 49.347330 33.848517
208.097225 36.745968 49.347330 49.347330 49.347330 39.519487 49.347330 39.519487 49.347330 30.903912 41.983073 41.983073 39.519487 42.898729 42.898729 41.983073 41.983073 42.898729 41.983073 39.519487 39.519487 49.347330 49.347330 49.347330 49.347330 49.347330 49.347330 33.848517 32.112966 32.112966 32.112966 34.792307 34.792307 32.496362 29.415519 29.415519 33.200498 184.921590 639.966928 762.150666 528.873069 554.612194 554.612194 34.597601 32.808188 32.442751 762.150666 32.496362 34.792307 32.496362 32.496362 32.496362 32.808188 32.496362 36.407377 36.407377 34.792307 49.347330 39.731227 34.792307
2.381723 39.731227 49.347330 49.347330 31.250845 39.519487 39.519487 41.983073 49.347330 49.347330 39.519487 41.983073 39.519487 41.983073 49.347330 39.519487 41.983073 41.983073 41.983073 49.347330 34.792307 49.347330 49.347330 34.792307 49.347330 49.347330 33.848517 33.848517 32.112966 33.848517 32.112966 33.848517 34.792307 32.496362 29.415519 29.415519 33.200498 184.921590 388.220113 512.415942 151.665761 151.665761 421.790505 32.442751 762.150666 32.442751 648.882337 34.792307 34.792307 34.792307 34.792307 34.792307 34.792307 36.407377 36.407377 36.407377 34.792307 49.347330 31.251383 31.283680
31.250845 49.347330 49.347330 49.347330 39.731227 39.731227 49.347330 42.898729 49.347330 49.347330 39.519487 39.519487 39.519487 39.519487 39.519487 41.983073 42.898729 41.983073 41.983073 41.983073 49.347330 49.347330 49.347330 49.347330 49.347330 49.347330 32.496362 49.347330 36.407377 34.792307 34.792307 32.112966 32.112966 32.112966 32.112966 29.415519 43.599820 140.959324 571.203398 161.397288 140.959324 323.508660 149.279244 648.882337 762.150666 762.150666 33.200498 34.792307 34.792307 34.792307 34.792307 36.407377 36.407377 49.347330 34.792307 34.792307 36.407377 34.792307 36.470023 34.161034
31.250845 39.731227 49.347330 49.347330 39.731227 31.789079 49.347330 49.347330 39.519487 49.347330 41.983073 39.519487 39.519487 39.519487 49.347330 49.347330 41.983073 49.347330 49.347330 49.347330 49.347330 49.347330 49.347330 49.347330 49.347330 49.347330 34.792307 36.407377 49.347330 32.496362 36.407377 32.496362 32.496362 32.112966 203.571936 232.175177 245.705319 177.398511 163.494446 235.098537 179.792847 55.427449 194.428208 648.882337 528.873069 528.873069 762.150666 33.123432 32.112966 34.792307 34.792307 34.792307 36.407377 34.792307 33.603247 36.407377 34.792307 32.808188 33.157299 48.833328
39.731227 31.250845 39.731227 49.347330 39.731227 49.347330 39.519487 49.347330 39.519487 49.347330 49.347330 49.347330 39.519487 39.519487 49.347330 31.789079 49.347330 49.347330 49.347330 34.161034 49.347330 34.792307 49.347330 49.347330 49.347330 33.603247 49.347330 32.496362 33.848517 32.496362 32.496362 32.496362 29.415519 32.304872 232.175177 217.816621 388.220113 174.062942 72.637222 54.713710 193.150409 257.832244 151.665761 151.896320 123.953705 622.557441 632.260433 33.123432 33.200498 34.792307 34.792307 34.792307 34.792307 34.124155 33.603247 32.808188 32.808188 49.347330 32.545572 33.848517
39.519487 41.022763 39.519487 39.519487 39.519487 33.085274 31.250845 33.157299 39.519487 39.519487 34.161034 34.161034 39.519487 31.789079 34.161034 31.789079 52.752315 34.161034 34.161034 39.519487 34.161034 39.731227 39.731227 33.603247 34.161034 36.745968 31.283680 29.415519 33.848517 33.848517 35.602321 33.200498 33.123432 36.470023 2.381723 217.816621 605.998629 33.029650 48.594893 194.428208 72.637222 194.428208 72.637222 194.428208 72.637222 174.062942 597.140164 1027.295174 605.998629 30.938606 32.496362 34.792307 36.407377 36.407377 32.808188 32.442751 34.124155 34.124155 34.124155 33.848517
34.597601 39.519487 39.519487 34.597601 39.519487 39.519487 39.519487 34.161034 39.519487 39.519487 39.519487 39.519487 39.519487 39.519487 39.519487 39.519487 39.519487 31.251383 39.519487 31.974225 31.251383 30.583838 36.745968 34.490586 51.958070 41.983073 36.470023 29.357193 33.200498 33.200498 231.371655 421.790505 421.790505 151.665761 2.381723 2.381723 174.062942 161.397288 34.419400 30.938606 72.637222 194.428208 605.998629 151.665761 88.824084 72.637222 48.594893 453.736424 32.496362 1061.837268 32.496362 32.496362 49.347330 49.347330 32.808188 32.442751 33.200498 34.124155 33.603247 32.808188
45.939596 39.519487 34.597601 39.519487 39.519487 39.519487 39.519487 39.519487 39.519487 39.519487 39.519487 39.519487 34.597601 39.519487 39.519487 39.519487 39.519487 39.519487 50.786785 39.519487 39.519487 39.519487 33.157299 33.157299 51.958070 36.470023 36.470023 34.721165 35.602321 257.832244 151.665761 231.371655 151.665761 2.381723 140.959324 388.220113 388.220113 605.998629 55.427449 36.470023 49.794135 49.794135 215.796551 49.794135 45.939596 48.833328 31.251383 34.161034 36.407377 177.398511 34.419400 36.407377 34.792307 42.898729 32.442751 34.124155 34.124155 34.161034 33.603247 42.898729
39.519487 39.519487 34.597601 39.519487 34.597601 34.597601 50.357995 39.519487 39.519487 39.519487 39.519487 34.597601 39.519487 39.519487 39.519487 39.519487 39.519487 39.519487 39.519487 39.519487 39.519487 39.731227 33.157299 36.066681 33.603247 32.808188 340.636492 893.975080 893.975080 257.832244 34.721165 421.790505 140.959324 2.381723 762.150666 217.816621 179.792847 140.959324 172.018469 48.594893 33.029650 33.200498 463.123957 42.336669 45.939596 45.939596 39.519487 33.160881 49.347330 34.792307 36.407377 36.407377 36.407377 34.792307 32.808188 31.060836 36.745968 49.347330 33.603247 32.808188
45.939596 45.939596 45.939596 39.519487 39.519487 39.519487 34.597601 39.519487 39.519487 39.519487 39.519487 34.597601 39.519487 39.519487 39.519487 39.519487 39.519487 39.519487 34.597601 39.519487 31.283680 39.731227 34.490586 32.808188 30.873993 32.545572 199.467377 292.121251 292.121251 421.790505 893.975080 151.665761 2.381723 2.381723 200.519656 217.816621 470.583977 140.959324 49.794135 48.594893 48.594893 48.594893 33.200498 49.794135 39.519487 45.939596 32.881556 33.160881 33.160881 33.160881 36.407377 33.603247 36.407377 34.792307 34.792307 36.745968 36.745968 32.808188 32.808188 31.789079
39.519487 45.939596 45.939596 34.597601 39.519487 39.519487 34.597601 34.597601 39.519487 39.519487 39.519487 39.519487 39.519487 39.519487 39.519487 39.519487 39.519487 39.519487 39.519487 39.519487 39.731227 33.603247 39.731227 33.157299 32.808188 129.480461 105.027196 135.800040 421.790505 151.665761 151.665761 151.665761 762.150666 2.381723 217.816621 179.792847 140.959324 72.637222 33.200498 33.200498 33.200498 49.794135 39.519487 34.490586 45.939596 45.939596 45.939596 31.283680 49.347330 33.603247 36.407377 36.407377 36.745968 36.407377 32.808188 36.745968 32.808188 32.808188 30.873993 33.603247
39.519487 39.519487 39.519487 34.597601 34.597601 34.597601 45.939596 39.519487 39.519487 39.519487 39.519487 39.519487 39.519487 34.597601 39.519487 39.519487 39.519487 39.519487 39.519487 39.519487 39.731227 33.603247 34.490586 32.442751 32.808188 151.665761 292.121251 421.790505 231.371655 151.665761 151.665761 2.381723 2.381723 2.381723 140.959324 388.220113 174.062942 72.637222 151.665761 421.790505 215.796551 215.796551 49.794135 36.407377 39.519487 39.519487 31.250845 34.792307 49.347330 36.407377 32.496362 32.496362 36.745968 36.407377 32.808188 34.953540 32.808188 33.603247 32.808188 2.381723
215.796551 39.519487 39.519487 39.519487 34.597601 34.597601 34.597601 39.519487 39.519487 39.519487 39.519487 39.519487 39.519487 39.519487 34.597601 39.519487 39.519487 48.833328 39.519487 39.519487 51.958070 34.490586 36.470023 39.731227 29.357193 29.357193 34.721165 231.371655 151.665761 206.235988 512.415942 762.150666 217.816621 639.966928 217.816621 151.665761 129.480461 151.665761 72.637222 238.758694 224.239002 215.796551 34.161034 39.519487 45.939596 39.519487 39.731227 34.792307 36.407377 36.407377 32.496362 32.808188 32.880222 33.603247 32.808188 36.745968 32.808188 32.808188 32.808188 30.873993
50.357995 39.519487 39.519487 39.519487 50.357995 39.519487 39.519487 34.597601 39.519487 39.519487 39.519487 39.519487 39.519487 39.519487 39.519487 39.519487 39.519487 39.519487 39.519487 34.161034 51.958070 39.731227 36.470023 34.721165 32.304872 32.304872 32.304872 34.721165 135.800040 177.398511 175.713514 217.816621 165.397108 140.959324 140.959324 167.326610 151.665761 421.790505 215.796551 49.794135 31.789079 49.794135 39.519487 45.939596 45.939596 31.251383 32.394181 32.808188 36.407377 32.496362 32.808188 32.808188 32.808188 32.880222 36.745968 32.808188 32.808188 31.283680 30.873993 30.873993
33.200498 39.519487 39.519487 39.519487 39.519487 50.357995 39.519487 34.597601 39.519487 39.519487 39.519487 39.519487 39.519487 39.519487 39.519487 39.519487 39.519487 39.519487 34.161034 39.731227 34.490586 35.602321 32.808188 32.442751 32.496362 36.470023 36.470023 151.665761 999.932716 999.932716 140.959324 194.428208 165.397108 605.998629 554.612194 262.136902 597.140164 215.796551 215.796551 34.662931 48.833328 31.789079 39.519487 39.519487 51.958070 39.519487 36.470023 49.347330 39.731227 32.808188 32.496362 32.808188 30.873993 34.953540 33.603247 32.808188 32.808188 33.603247 30.873993 32.808188
179.306663 39.519487 45.939596 34.597601 34.597601 39.519487 39.519487 39.519487 39.519487 39.519487 39.519487 39.519487 39.519487 34.597601 39.519487 39.519487 39.519487 39.519487 39.519487 43.911146 37.993960 49.347330 36.407377 32.304872 34.129180 50.475675 143.444572 239.032832 34.792307 521.137926 140.959324 605.998629 167.326610 605.998629 597.140164 172.018469 49.970124 49.970124 172.018469 39.519487 39.519487 39.519487 50.462826 39.519487 31.283680 39.519487 39.731227 39.731227 36.407377 32.808188 36.745968 33.603247 32.808188 36.745968 33.603247 32.808188 30.873993 33.603247 32.442751 32.808188
692.033368 39.519487 39.519487 45.939596 34.597601 39.519487 39.519487 34.597601 39.519487 34.597601 39.519487 39.519487 39.519487 39.519487 39.519487 39.519487 49.970124 39.519487 34.161034 39.731227 32.394181 37.993960 37.993960 34.129180 34.129180 33.603247 143.444572 143.444572 34.516283 388.220113 388.220113 165.397108 504.882966 194.428208 117.691958 49.970124 39.519487 39.519487 39.519487 39.519487 39.519487 39.519487 39.519487 50.786785 48.833328 31.250845 39.731227 32.496362 49.347330 32.808188 34.953540 34.161034 34.953540 39.731227 31.789079 31.789079 34.124155 35.596636 30.938606 51.958070
262.136902 49.970124 39.519487 45.939596 39.519487 39.519487 39.519487 34.597601 39.519487 34.597601 39.519487 39.519487 39.519487 39.519487 39.519487 39.519487 39.519487 39.519487 31.251383 37.993960 37.993960 37.993960 36.760398 36.407377 33.603247 34.090065 32.112966 36.470023 34.516283 140.959324 762.150666 165.397108 193.150409 174.062942 158.173613 49.970124 49.794135 39.519487 39.519487 39.519487 39.519487 39.519487 39.519487 537.454605 39.519487 48.833328 2.381723 2.381723 49.347330 49.347330 36.066681 34.161034 31.789079 31.251383 2.381723 2.381723 48.096483 2.381723 2.381723 30.938606
34.161034 37.559631 39.519487 39.519487 39.519487 34.597601 34.597601 39.519487 39.519487 39.519487 39.519487 39.519487 39.519487 39.519487 39.519487 39.519487 39.519487 39.519487 49.347330 49.347330 37.993960 49.347330 49.347330 32.641911 32.442751 32.545572 105.027196 198.267040 388.220113 149.279244 194.428208 193.150409 48.096483 69.632235 49.794135 35.596636 39.519487 45.939596 39.519487 34.597601 45.939596 45.939596 39.519487 31.251383 39.519487 2.381723 2.381723 2.381723 2.381723 39.731227 2.381723 39.519487 2.381723 2.381723 2.381723 2.381723 2.381723 2.381723 2.381723 33.200498
88.824084 45.939596 39.519487 39.519487 39.519487 39.519487 39.519487 45.939596 39.519487 39.519487 39.519487 39.519487 39.519487 39.519487 39.519487 39.519487 48.833328 36.407377 49.347330 49.347330 34.792307 49.347330 49.347330 33.603247 34.721165 32.442751 201.629244 762.150666 177.398511 504.882966 605.998629 41.983073 48.096483 151.896320 33.848517 48.096483 49.970124 39.519487 39.519487 39.519487 45.939596 39.519487 60.011063 49.970124 2.381723 2.381723 2.381723 32.808188 2.381723 2.381723 2.381723 2.381723 39.519487 2.381723 2.381723 2.381723 2.381723 2.381723 2.381723 34.231093
37.993960 88.824084 39.519487 39.519487 39.519487 39.519487 39.519487 45.939596 45.939596 39.519487 39.519487 39.519487 39.519487 39.519487 39.519487 37.559631 39.519487 36.737787 49.347330 37.993960 37.993960 49.347330 37.993960 33.603247 32.442751 30.938606 597.140164 184.921590 117.691958 72.637222 54.713710 194.428208 48.096483 58.118379 1134.165184 39.519487 39.519487 39.519487 39.519487 39.519487 39.519487 39.519487 55.829873 54.713710 48.833328 2.381723 2.381723 49.347330 39.731227 31.789079 2.381723 2.381723 2.381723 2.381723 2.381723 2.381723 2.381723 2.381723 2.381723 35.596636
129.480461 36.470023 39.519487 39.519487 39.519487 39.519487 39.519487 39.519487 45.939596 39.519487 39.519487 39.519487 39.519487 39.519487 39.519487 39.519487 39.731227 49.347330 33.848517 37.993960 37.993960 37.993960 29.415519 49.347330 32.496362 32.496362 201.629244 217.816621 605.998629 194.428208 72.637222 151.665761 54.713710 165.510876 39.519487 39.519487 39.519487 39.519487 39.519487 39.519487 39.519487 39.519487 39.519487 48.833328 34.161034 2.381723 2.381723 36.745968 34.161034 2.381723 2.381723 2.381723 2.381723 2.381723 2.381723 2.381723 2.381723 2.381723 35.760158 49.794135
193.150409 528.873069 54.713710 39.519487 39.519487 39.519487 39.519487 39.519487 39.519487 39.519487 39.519487 39.519487 39.519487 39.519487 39.519487 39.519487 32.394181 33.848517 33.848517 31.791555 37.993960 37.993960 37.993960 726.412654 187.479862 193.150409 217.816621 217.816621 605.998629 36.407377 151.665761 194.428208 60.011063 179.306663 34.161034 39.519487 39.519487 39.519487 39.519487 39.519487 45.939596 34.597601 39.519487 39.519487 39.519487 2.381723 49.347330 36.745968 34.161034 31.789079 2.381723 37.559631 31.789079 2.381723 2.381723 2.381723 2.381723 2.381723 50.357995 34.124155
32.442751 54.002854 512.415942 48.594893 48.594893 39.519487 39.519487 39.519487 37.559631 39.519487 39.519487 39.519487 39.519487 39.519487 39.519487 39.519487 36.737787 41.983073 37.993960 41.983073 34.419400 36.011078 41.022763 49.347330 187.479862 62.084244 597.140164 179.792847 554.612194 421.790505 36.470023 151.896320 49.794135 51.958070 49.794135 39.519487 39.519487 39.519487 39.519487 48.096483 41.773019 39.519487 39.519487 39.519487 31.250845 2.381723 49.347330 36.745968 32.187793 39.731227 31.283680 39.731227 39.731227 31.789079 31.789079 2.381723 2.381723 2.381723 39.519487 49.794135
2.381723 222.780638 36.407377 33.848517 29.357193 39.731227 36.737787 39.731227 39.519487 50.786785 45.939596 39.519487 39.519487 49.970124 48.833328 39.519487 31.791555 37.993960 49.347330 32.808188 33.123432 36.737787 41.022763 32.442751 201.629244 201.629244 217.816621 117.691958 605.998629 203.571936 48.833328 49.970124 49.794135 39.519487 49.794135 39.519487 39.519487 39.519487 39.519487 45.939596 34.597601 39.519487 39.519487 39.519487 34.161034 49.347330 39.731227 31.789079 34.161034 2.381723 33.603247 39.731227 34.792307 39.731227 31.251383 2.381723 2.381723 2.381723 39.731227 33.200498
2.381723 726.412654 39.731227 33.848517 33.848517 33.848517 39.731227 33.848517 39.731227 39.731227 51.958070 39.519487 31.283680 39.519487 39.519487 39.519487 37.993960 49.347330 32.641911 32.304872 35.602321 34.721165 32.112966 151.665761 1331.869703 762.150666 184.921590 34.597601 32.442751 217.816621 88.824084 39.519487 39.519487 39.519487 49.970124 34.662931 39.519487 39.519487 39.519487 45.939596 42.336669 34.597601 34.597601 39.519487 39.731227 36.745968 29.463524 32.545572 2.381723 2.381723 2.381723 2.381723 31.789079 31.789079 32.442751 2.381723 2.381723 2.381723 36.745968 32.808188
