Big_Beef/DataInputs30m/o_10_ChemistryPools/1990_Mar2025/DOC_Pool_3.asc
ncols 345
nrows 426
xllcorner 508536.40413180296
yllcorner 5265678.99790656
cellsize 30
nodata_value -9999
[rows 140 to 167 of 426, columns 186 to 247 of 345]
2.789681 0.134000 0.134000 0.134000 1.999682 95.962747 2.942971 2.821830 2.821830 2.789681 2.789681 2.606770 1.813478 2.738172 1.946866 1.957697 2.844991 2.754450 1.813478 2.221168 2.261458 2.789681 2.789681 2.789681 2.789681 1.985966 0.134000 0.134000 0.134000 2.789681 95.952313 81.060691 89.921539 60.064222 1.875923 1.887841 75.036515 1.875923 2.076500 2.076500 2.076500 1.880525 2.053199 51.648028 1.851069 81.060691 81.060691 81.060691 52.458094 48.607543 52.458094 117.477210 81.060691 52.458094 52.458094 52.458094 1.851069 1.991015 1.917236 1.917236 1.991015 1.991015
0.134000 0.134000 2.261458 0.134000 0.134000 1.813478 1.946866 2.076500 2.821830 2.076500 1.813478 1.999682 1.907507 1.946866 1.946866 1.880525 2.076500 1.928679 0.134000 2.261458 2.261458 2.789681 2.789681 2.789681 0.134000 0.134000 1.977074 1.851069 2.789681 23.104733 2.789681 75.036515 60.064222 24.832017 72.356631 72.356631 2.076500 2.076500 1.851069 1.880525 75.036515 128.623702 1.765749 52.810756 1.851069 81.060691 68.818696 68.818696 68.818696 76.750899 64.157646 74.623598 48.607543 48.607543 48.607543 68.818696 1.976026 1.899279 1.964254 1.899279 1.917236 1.917236
1.917236 1.917236 1.917236 1.917236 0.134000 2.942971 2.076500 64.777703 0.134000 0.134000 0.134000 2.053199 0.134000 0.134000 1.946866 0.134000 0.134000 2.261458 1.887841 0.134000 1.887841 2.261458 2.261458 2.789681 2.789681 1.917236 1.917236 1.985966 1.875923 1.782162 1.875923 1.787044 64.777703 46.129423 52.810756 27.031957 2.376435 52.810756 1.875923 76.750899 72.356631 64.096163 71.424460 1.917236 56.442533 95.425970 69.440859 86.105223 52.458094 52.458094 1.964674 0.134000 72.356631 48.607543 52.458094 48.607543 1.976026 1.899279 1.964254 1.769186 2.789681 1.917236
1.917236 1.907507 2.960518 1.917236 2.960518 0.134000 0.134000 64.777703 63.214516 63.214516 0.134000 0.134000 1.999682 0.134000 1.917236 1.999682 0.134000 2.261458 0.134000 0.134000 2.606770 2.221168 2.789681 2.789681 2.789681 1.875923 2.789681 2.789681 1.899279 1.875923 1.875923 1.765749 64.777703 43.548449 64.777703 72.356631 52.810756 2.076500 1.899279 84.553010 72.356631 75.874723 1.875923 47.155423 66.218158 81.243958 95.425970 76.750899 2.121526 2.261458 0.134000 52.458094 20.361748 66.019050 81.060691 95.425970 69.440859 1.880525 2.073191 1.769186 1.842041 2.073191
1.928679 20.777153 0.134000 0.134000 0.134000 0.134000 0.134000 20.777153 76.750899 66.218158 62.027494 1.917236 1.917236 1.899279 1.899279 1.813478 1.917236 2.261458 0.134000 2.789681 2.261458 2.261458 1.985966 2.789681 2.789681 1.875923 2.789681 1.985966 1.899279 2.261458 1.861565 2.821830 1.765749 2.076500 2.076500 32.821143 1.867332 2.076500 52.810756 64.777703 55.554473 61.552762 81.243958 66.910041 86.105223 68.818696 86.105223 76.750899 1.964674 52.458094 80.127692 72.356631 128.623702 95.952313 128.623702 128.623702 1.880525 1.880525 2.073191 0.134000 2.073191 2.221168
27.031957 0.134000 0.134000 0.134000 0.134000 0.134000 23.473634 11.121316 20.777153 78.124092 1.946866 1.917236 1.917236 0.134000 0.134000 2.261458 1.917236 1.917236 2.261458 0.134000 2.789681 2.789681 1.867332 2.038624 2.789681 2.789681 2.789681 2.789681 1.875923 1.836330 2.789681 2.497811 1.875923 1.859596 2.261458 1.875923 1.867332 2.076500 25.913704 75.036515 75.036515 64.777703 40.505279 66.910041 56.442533 86.105223 2.076500 1.964674 1.964674 81.060691 80.127692 68.818696 1.899279 1.899279 1.851069 95.425970 1.976026 1.880525 1.851069 1.899279 2.789681 2.073191
62.027494 0.134000 0.134000 0.134000 0.134000 0.134000 11.121316 0.134000 0.134000 64.096163 1.917236 1.917236 1.861565 62.027494 189.439149 1.917236 1.875923 1.875923 2.789681 0.134000 2.789681 2.073191 1.964674 2.475299 1.787044 2.073191 1.875923 1.875923 1.875923 1.836330 1.875923 1.859596 1.899279 1.851069 1.991015 1.985966 1.867332 55.554473 1.867332 2.854935 26.075499 72.356631 66.019050 52.810756 71.881106 86.105223 86.105223 68.818696 52.458094 52.458094 95.425970 81.060691 1.867332 95.952313 2.076500 52.458094 68.818696 1.851069 1.851069 1.875923 0.134000 0.134000
80.774889 20.777153 0.134000 0.134000 0.134000 0.134000 0.134000 0.134000 0.134000 64.096163 1.851069 1.917236 1.917236 1.851069 62.027494 1.907507 1.787044 2.261458 0.134000 0.134000 2.261458 2.789681 1.964674 1.875923 1.875923 2.789681 42.649774 89.921539 1.875923 1.875923 1.765749 1.875923 1.765749 1.917236 73.785279 95.425970 2.073191 2.076500 52.810756 2.073191 28.147062 23.925465 72.356631 95.952313 25.913704 21.022583 81.060691 68.818696 52.458094 52.458094 77.947980 68.818696 68.818696 78.684314 56.442533 81.060691 52.458094 52.458094 95.425970 0.134000 0.134000 0.134000
94.189368 0.134000 0.134000 0.134000 0.134000 0.134000 0.134000 11.121316 20.777153 64.096163 81.060691 81.060691 52.810756 0.134000 1.875923 0.134000 0.134000 2.789681 0.134000 2.261458 2.789681 2.789681 2.789681 1.875923 1.899279 1.861565 64.777703 1.765749 1.917236 81.060691 1.851069 1.851069 1.917236 81.060691 72.356631 73.785279 77.947980 73.785279 63.214516 61.552762 28.147062 21.628834 22.333160 72.356631 21.022583 20.777153 95.952313 56.442533 73.785279 48.607543 81.060691 89.921539 68.818696 75.874723 182.612988 63.214516 73.785279 52.458094 95.425970 0.134000 1.813478 1.813478
27.019039 0.134000 0.134000 0.134000 0.134000 0.134000 20.361748 70.192252 76.750899 81.060691 1.917236 1.917236 1.946866 2.261458 2.789681 1.842041 0.134000 2.789681 2.789681 0.134000 2.789681 1.985966 2.789681 1.875923 1.875923 1.875923 1.917236 2.439745 2.053199 0.134000 1.917236 2.789681 64.777703 81.060691 64.777703 81.060691 81.060691 81.060691 73.785279 56.442533 56.442533 27.031957 23.104733 23.104733 23.104733 23.104733 68.818696 66.910041 69.440859 89.921539 89.921539 89.921539 81.060691 89.921539 72.356631 1.676088 1.917236 75.036515 1.851069 0.134000 2.221168 0.134000
20.777153 0.134000 0.134000 0.134000 0.134000 0.134000 0.134000 64.777703 64.777703 64.777703 64.777703 2.707004 1.907507 2.789681 2.789681 2.789681 2.789681 2.789681 0.134000 0.134000 2.789681 1.985966 2.789681 2.076500 2.053199 1.875923 2.439745 1.917236 2.076500 0.134000 0.134000 2.789681 23.104733 89.921539 64.777703 64.777703 1.917236 64.777703 77.947980 62.270843 56.442533 43.799179 71.881106 71.881106 56.442533 23.925465 75.874723 95.952313 95.425970 95.425970 89.921539 89.921539 95.952313 1.851069 75.036515 2.073191 1.917236 1.917236 1.851069 0.134000 0.134000 0.134000
0.134000 0.134000 0.134000 0.134000 0.134000 0.134000 0.134000 72.356631 71.881106 72.356631 0.134000 2.221168 0.134000 1.907507 0.134000 1.985966 2.789681 2.789681 0.134000 2.789681 2.789681 1.787044 2.789681 2.053199 1.875923 1.875923 1.917236 1.765749 2.439745 1.940430 0.134000 2.439745 2.439745 1.917236 60.064222 1.928679 60.064222 1.880525 81.060691 89.921539 56.442533 81.060691 74.765643 81.060691 56.442533 25.913704 56.810585 81.060691 95.425970 95.425970 81.060691 1.991015 1.991015 1.991015 1.851069 1.851069 1.917236 1.875923 1.851069 1.813478 0.134000 0.134000
0.134000 0.134000 0.134000 0.134000 0.134000 0.134000 0.134000 72.356631 76.750899 170.237822 34.688720 0.134000 2.221168 0.134000 0.134000 2.261458 1.875923 1.678867 1.917236 0.134000 2.076500 1.765749 1.875923 2.053199 1.985966 1.928679 1.875923 1.880525 1.880525 2.053199 1.782162 1.928679 1.985966 64.777703 1.946866 60.064222 27.031957 60.064222 81.060691 31.661325 68.818696 68.818696 75.036515 60.064222 34.149419 81.060691 81.060691 74.765643 75.874723 1.851069 95.425970 128.623702 1.991015 1.917236 81.060691 95.425970 63.214516 0.134000 27.019039 1.851069 2.076500 0.134000
0.134000 0.134000 0.134000 0.134000 0.134000 0.134000 0.134000 95.952313 52.810756 94.189368 0.134000 0.134000 1.813478 0.134000 0.134000 1.899279 1.875923 2.261458 0.134000 0.134000 1.917236 1.917236 1.861565 1.928679 1.976026 74.623598 72.356631 2.014590 72.356631 87.492102 1.880525 1.714613 64.777703 1.917236 56.810585 1.928679 25.913704 81.060691 81.060691 43.799179 55.554473 52.458094 48.607543 81.060691 75.036515 182.612988 81.060691 95.425970 64.096163 1.899279 182.612988 81.060691 1.917236 1.917236 1.917236 1.851069 63.214516 95.952313 2.076500 74.765643 0.134000 2.942971
0.134000 0.134000 75.874723 0.134000 64.096163 80.774889 0.134000 0.134000 0.134000 0.134000 0.134000 0.134000 0.134000 0.134000 0.134000 0.134000 0.134000 0.134000 2.261458 2.261458 2.261458 2.942971 2.261458 2.053199 1.971175 96.407027 72.356631 60.064222 1.899279 68.489622 2.014590 1.946866 1.928679 60.064222 60.064222 2.789681 0.134000 81.060691 43.799179 50.538104 50.538104 70.192252 52.458094 52.458094 69.440859 95.425970 81.060691 81.243958 1.768581 1.899279 81.060691 64.777703 58.072117 1.917236 0.134000 1.917236 89.921539 80.774889 71.881106 1.946866 1.907507 1.899279
42.649774 52.458094 73.785279 75.874723 73.785279 75.036515 0.134000 0.134000 0.134000 0.134000 0.134000 0.134000 0.134000 0.134000 0.134000 0.134000 0.134000 2.789681 2.789681 2.789681 2.261458 1.971175 1.861565 1.964681 1.964681 1.971175 1.880525 1.928679 1.946866 1.917236 1.957482 1.987023 60.064222 0.134000 0.134000 0.134000 0.134000 25.913704 43.799179 82.178705 50.538104 50.538104 66.910041 81.060691 81.060691 81.060691 95.425970 1.880525 1.880525 2.073191 95.425970 58.072117 54.805695 2.076500 63.214516 1.875923 2.076500 81.060691 95.425970 95.425970 1.787044 2.261458
82.178705 72.356631 84.553010 72.356631 66.218158 64.096163 0.134000 0.134000 0.134000 0.134000 0.134000 0.134000 0.134000 0.134000 0.134000 0.134000 0.134000 0.134000 2.789681 2.439745 1.917236 2.875130 2.738172 2.334043 2.439745 2.439745 1.964681 2.942971 2.875130 2.821830 2.942971 2.875130 1.928679 0.134000 0.134000 0.134000 56.442533 76.750899 73.785279 84.553010 69.440859 68.818696 68.818696 69.440859 75.874723 81.060691 89.921539 2.038624 1.899279 2.073191 1.899279 64.777703 64.777703 2.076500 68.818696 128.623702 1.917236 1.765749 63.214516 1.907507 1.787044 1.890938
21.022583 64.777703 81.243958 75.874723 64.777703 0.134000 0.134000 0.134000 0.134000 0.134000 0.134000 0.134000 0.134000 0.134000 0.134000 0.134000 0.134000 2.789681 0.134000 2.439745 1.887841 2.875130 2.606770 1.887841 1.887841 1.964681 2.376435 2.875130 2.875130 1.971175 1.971175 2.875130 1.917236 1.887841 0.134000 0.134000 2.258367 74.231976 73.785279 52.458094 52.458094 68.818696 81.060691 95.952313 95.952313 95.952313 89.921539 1.990979 1.678867 1.899279 2.073191 2.073191 2.162971 86.105223 56.442533 1.851069 2.038624 1.875923 63.214516 1.907507 1.787044 1.787044
23.473634 0.134000 0.134000 46.129423 76.750899 60.064222 0.134000 0.134000 0.134000 0.134000 0.134000 0.134000 0.134000 0.134000 0.134000 2.789681 0.134000 0.134000 0.134000 0.134000 2.334043 1.887841 2.875130 2.875130 1.887841 2.606770 2.875130 2.875130 1.887841 2.875130 2.606770 2.821830 2.261458 2.376435 1.917236 2.076500 2.121526 50.538104 52.458094 73.785279 68.818696 182.612988 95.425970 68.818696 81.060691 81.060691 64.096163 1.851069 2.073191 1.991015 2.073191 1.991015 1.917236 64.777703 1.851069 1.875923 2.038624 1.875923 1.875923 1.999682 1.907507 1.907507
0.134000 0.134000 0.134000 55.554473 46.129423 0.134000 0.134000 0.134000 0.134000 0.134000 0.134000 0.134000 0.134000 0.134000 0.134000 1.985966 0.134000 0.134000 0.134000 0.134000 0.134000 2.334043 2.875130 2.875130 1.787044 2.606770 2.754450 2.875130 1.787044 1.787044 1.787044 1.971175 2.754450 1.887841 2.376435 2.076500 1.917236 77.947980 73.785279 74.623598 68.818696 69.440859 81.060691 69.440859 81.060691 81.060691 60.064222 74.765643 1.991015 1.991015 1.991015 1.899279 1.899279 1.875923 1.765749 1.875923 1.875923 1.851069 1.875923 2.789681 1.813478 2.076500
0.134000 2.789681 1.999682 2.053199 95.952313 0.134000 0.134000 0.134000 2.789681 0.134000 0.134000 0.134000 1.875923 1.917236 2.789681 0.134000 0.134000 2.789681 0.134000 0.134000 0.134000 1.971175 1.971175 1.971175 1.964681 2.606770 1.928679 2.754450 2.754450 1.964681 1.964681 1.787044 2.875130 2.606770 1.861565 2.076500 1.917236 22.333160 66.019050 81.060691 66.910041 81.060691 95.425970 95.425970 81.060691 95.425970 82.178705 71.881106 68.818696 69.440859 1.976026 1.991015 1.899279 2.041512 1.851069 1.851069 1.875923 2.076500 1.875923 0.134000 1.813478 2.076500
2.821830 1.971175 1.999682 2.707004 1.813478 1.875923 0.134000 0.134000 0.134000 1.985966 1.875923 1.990979 1.917236 1.985966 0.134000 0.134000 0.134000 0.134000 0.134000 0.134000 0.134000 2.261458 1.813478 2.875130 2.875130 2.606770 2.875130 2.875130 1.887841 2.334043 2.606770 2.261458 1.787044 1.787044 2.606770 1.861565 2.942971 62.270843 56.442533 75.036515 81.060691 81.060691 95.425970 69.440859 68.818696 109.554017 77.947980 98.546981 71.881106 52.458094 68.818696 0.134000 0.134000 2.041512 2.076500 2.076500 2.221168 2.221168 0.134000 0.134000 2.073191 1.769186
1.813478 0.134000 2.789681 0.134000 0.134000 75.036515 0.134000 0.134000 0.134000 2.789681 1.875923 1.917236 1.917236 1.985966 0.134000 0.134000 0.134000 0.134000 0.134000 0.134000 0.134000 2.875130 2.789681 1.887841 2.942971 2.821830 2.221168 2.754450 1.964681 1.917236 2.376435 2.334043 2.754450 2.821830 2.821830 2.334043 2.076500 81.060691 81.060691 81.060691 73.785279 77.947980 81.060691 81.060691 68.818696 81.060691 73.785279 64.096163 66.910041 48.607543 1.976026 0.134000 1.890938 1.976026 2.076500 1.875923 1.899279 2.221168 2.221168 1.917236 2.076500 2.076500
0.134000 0.134000 2.076500 1.769186 0.134000 0.134000 0.134000 0.134000 1.875923 1.875923 1.917236 2.789681 0.134000 0.134000 0.134000 0.134000 0.134000 0.134000 0.134000 0.134000 0.134000 0.134000 0.134000 1.887841 2.754450 2.516955 1.787044 1.787044 2.424495 2.789681 2.334043 2.376435 2.376435 2.942971 1.999682 2.076500 2.221168 1.917236 81.060691 73.785279 46.129423 73.785279 52.458094 81.060691 81.060691 81.060691 81.060691 81.060691 81.060691 0.134000 0.134000 0.134000 2.053199 2.053199 2.707004 34.149419 1.769186 1.907507 1.867332 1.917236 1.867332 1.907507
0.134000 2.261458 0.134000 0.134000 2.221168 2.221168 2.221168 2.439745 1.875923 1.768581 1.890938 1.813478 0.134000 0.134000 0.134000 0.134000 0.134000 0.134000 0.134000 2.789681 0.134000 0.134000 0.134000 2.942971 2.606770 1.787044 1.787044 1.971175 2.261458 2.942971 2.334043 2.942971 2.606770 1.787044 0.134000 95.952313 1.999682 65.249702 64.777703 52.458094 73.785279 74.231976 48.607543 1.880525 11.121316 81.060691 81.060691 87.492102 64.096163 71.881106 0.134000 0.134000 2.076500 1.899279 2.221168 20.361748 1.769186 1.769186 1.769186 2.076500 2.073191 1.899279
1.813478 0.134000 1.813478 1.813478 0.134000 0.134000 2.221168 1.678867 1.890938 1.985966 1.985966 0.134000 0.134000 0.134000 0.134000 0.134000 0.134000 0.134000 2.789681 1.875923 0.134000 0.134000 2.261458 1.787044 2.221168 2.754450 1.987023 2.376435 2.942971 2.942971 1.907507 2.942971 1.787044 1.813478 80.774889 29.894063 95.952313 73.785279 73.785279 64.777703 46.129423 2.221168 11.121316 2.221168 2.221168 20.777153 52.458094 95.425970 1.851069 1.782162 1.851069 1.851069 2.942971 2.754450 2.754450 20.777153 72.356631 30.374073 2.221168 1.880525 1.859596 1.880525
1.813478 0.134000 0.134000 2.261458 0.134000 0.134000 2.076500 1.946866 1.890938 0.134000 0.134000 0.134000 0.134000 0.134000 0.134000 0.134000 0.134000 2.789681 2.439745 1.928679 1.928679 2.261458 2.754450 2.754450 2.262488 2.942971 0.134000 0.134000 0.134000 2.942971 2.334043 2.334043 2.754450 1.813478 80.774889 1.813478 2.261458 1.875923 2.334043 1.964674 2.221168 2.221168 2.221168 1.890938 2.221168 20.777153 81.060691 95.425970 1.976026 2.038624 2.073191 2.942971 1.976026 2.221168 2.821188 1.957697 21.022583 2.821188 1.907507 2.073191 1.859596 1.943953
2.261458 0.134000 2.261458 2.789681 0.134000 1.875923 1.928679 1.990979 2.789681 0.134000 0.134000 0.134000 0.134000 0.134000 0.134000 0.134000 2.789681 2.789681 1.875923 2.754450 2.221168 2.754450 2.754450 1.971175 1.971175 0.134000 0.134000 0.134000 0.134000 2.376435 2.942971 2.334043 2.606770 1.987023 1.987023 2.789681 1.875923 2.376435 1.765749 1.880525 1.917236 46.129423 42.649774 11.121316 128.623702 182.612988 1.851069 95.425970 2.038624 2.038624 2.038624 1.917236 2.076500 2.221168 1.899279 2.041512 2.424495 2.754450 20.777153 182.612988 86.404233 114.073429
