Big_Beef/DataInputs30m/o_10_ChemistryPools/1990_Mar2025/DOC_Pool_4.asc
ncols 345
nrows 426
xllcorner 508536.40413180296
yllcorner 5265678.99790656
cellsize 30
nodata_value -9999
[rows 84 to 111 of 426, columns 126 to 188 of 345]
0.004671 0.004671 0.004671 0.004671 0.004671 0.004671 0.004671 0.004671 0.004671 0.004671 0.004671 0.043121 0.043121 0.043121 0.043121 0.043121 0.043121 0.047000 0.076736 0.076736 0.076736 0.038247 0.030534 0.030534 0.039807 0.035939 0.030534 0.043121 0.036888 0.037877 0.004671 0.004671 0.037877 0.037877 0.037877 0.037877 0.004671 0.004671 0.004671 0.004671 0.004671 0.004671 0.004671 0.004671 0.004671 0.004671 0.004671 0.004671 0.004671 0.004671 0.004671 0.004671 0.004671 0.004671 0.004671 0.004671 0.004671 0.004671 0.004671 0.004671 0.004671 0.004671 0.004671
0.004671 0.004671 0.004671 0.004671 0.004671 0.004671 0.004671 0.004671 0.004671 0.004671 0.004671 0.023311 0.053748 0.043121 0.043121 0.043121 0.053748 0.040428 0.054194 0.086408 0.038247 0.047498 0.030534 0.030534 0.039807 0.035037 0.043121 0.043121 0.036888 0.037877 0.004671 0.037877 0.051617 0.053914 0.054194 0.041409 0.041409 0.004671 0.004671 0.004671 0.004671 0.004671 0.004671 0.004671 0.004671 0.004671 0.004671 0.004671 0.004671 0.004671 0.004671 0.004671 0.004671 0.004671 0.004671 0.004671 0.004671 0.004671 0.004671 0.004671 0.004671 0.004671 0.004671
0.000000 0.004671 0.004671 0.004671 0.004671 0.004671 0.004671 0.004671 0.004671 0.004671 0.004671 0.043121 0.043121 0.043121 0.043121 0.039807 0.047000 0.087489 0.054194 0.062749 0.062749 0.047498 0.021010 0.043121 0.043121 0.043121 0.043121 0.043121 0.037877 0.073945 0.073945 0.073945 0.041409 0.041409 0.041409 0.041409 0.021010 0.043121 0.004671 0.004671 0.004671 0.004671 0.004671 0.004671 0.004671 0.004671 0.004671 0.004671 0.004671 0.004671 0.004671 0.004671 0.004671 0.004671 0.004671 0.004671 0.004671 0.004671 0.004671 0.004671 0.004671 0.004671 0.004671
0.000000 0.000000 0.004671 0.004671 0.000000 0.004671 0.004671 0.004671 0.004671 0.004671 0.004671 0.040797 0.053748 0.053748 0.053748 0.035037 0.037877 0.037877 0.048031 0.035037 0.030534 0.035037 0.043121 0.087489 0.030534 0.030534 0.000000 0.037877 0.000000 0.054194 0.070389 0.048120 0.041409 0.041409 0.041731 0.027101 0.040428 0.043121 0.004671 0.004671 0.004671 0.004671 0.004671 0.004671 0.004671 0.004671 0.041409 0.004671 0.004671 0.087489 0.004671 0.004671 0.004671 0.004671 0.004671 0.004671 0.004671 0.004671 0.004671 0.004671 0.048120 0.086408 0.047000
0.000000 0.000000 0.000000 0.000000 0.004671 0.004671 0.004671 0.004671 0.004671 0.004671 0.004671 0.000000 0.000000 0.000000 0.053748 0.035939 0.048031 0.035939 0.030534 0.040428 0.087489 0.004671 0.004671 0.004671 0.087489 0.030534 0.000000 0.000000 0.000000 0.035730 0.035939 0.041409 0.041409 0.037877 0.037877 0.048120 0.048120 0.043121 0.004671 0.000000 0.000000 0.004671 0.000000 0.000000 0.000000 0.004671 0.076736 0.087489 0.087489 0.087489 0.087489 0.087489 0.087489 0.087489 0.087489 0.004671 0.030534 0.021010 0.037882 0.004671 0.027182 0.031087 0.088120
0.000000 0.000000 0.000000 0.004671 0.004671 0.004671 0.004671 0.004671 0.004671 0.004671 0.004671 0.089738 0.000000 0.040428 0.025246 0.035939 0.040797 0.034822 0.030534 0.043121 0.004671 0.039807 0.000000 0.004671 0.087489 0.041409 0.087489 0.000000 0.000000 0.041409 0.040428 0.041409 0.041409 0.041755 0.004671 0.041409 0.053914 0.037877 0.037877 0.027101 0.000000 0.000000 0.000000 0.000000 0.000000 0.076736 0.087489 0.087489 0.087489 0.087489 0.087489 0.087489 0.087489 0.087489 0.087489 0.087489 0.087489 0.035981 0.004671 0.004671 0.076736 0.076736 0.076736
0.004671 0.004671 0.000000 0.000000 0.004671 0.004671 0.076736 0.076736 0.033068 0.076736 0.076736 0.088120 0.053748 0.053914 0.037877 0.036115 0.030534 0.070944 0.004671 0.004671 0.004671 0.000000 0.039807 0.004671 0.035939 0.048120 0.087489 0.098307 0.087489 0.041409 0.037877 0.041409 0.037877 0.041409 0.037877 0.047000 0.053914 0.076736 0.076736 0.076736 0.000000 0.000000 0.000000 0.037877 0.076736 0.076736 0.087489 0.087489 0.087489 0.087489 0.087489 0.087489 0.087489 0.087489 0.048120 0.048120 0.087489 0.021415 0.087489 0.004671 0.076736 0.076736 0.086408
0.004671 0.004671 0.004671 0.000000 0.004671 0.038247 0.037249 0.078388 0.053748 0.053748 0.040428 0.053748 0.043121 0.036888 0.036888 0.041731 0.087489 0.030534 0.004671 0.004671 0.053748 0.043121 0.000000 0.000000 0.004671 0.098307 0.070944 0.070389 0.070389 0.043121 0.037877 0.037877 0.037877 0.054194 0.054194 0.054194 0.037877 0.076736 0.076736 0.076736 0.076736 0.076736 0.076736 0.000000 0.000000 0.076736 0.076736 0.049106 0.048120 0.076736 0.076736 0.048120 0.030534 0.087489 0.000000 0.087489 0.048120 0.087489 0.004671 0.004671 0.053748 0.090501 0.090501
0.004671 0.000000 0.004671 0.004671 0.004671 0.037249 0.053748 0.043121 0.053748 0.043121 0.087489 0.054194 0.047000 0.025246 0.037877 0.041731 0.004671 0.004671 0.000000 0.000000 0.087489 0.043121 0.041409 0.000000 0.004671 0.087489 0.004671 0.004671 0.004671 0.040428 0.041755 0.073945 0.047000 0.041409 0.052450 0.004671 0.054194 0.076736 0.076736 0.076736 0.076736 0.076736 0.076736 0.076736 0.076736 0.076736 0.087489 0.049106 0.076736 0.076736 0.048120 0.048120 0.087489 0.087489 0.087489 0.087489 0.053748 0.004671 0.004671 0.004671 0.037249 0.027101 0.027101
0.004671 0.000000 0.004671 0.023311 0.053748 0.004671 0.053748 0.087489 0.053748 0.023311 0.053748 0.041755 0.004671 0.004671 0.004671 0.004671 0.004671 0.087489 0.000000 0.039807 0.087489 0.000000 0.041409 0.041409 0.004671 0.004671 0.004671 0.004671 0.004671 0.070389 0.004671 0.004671 0.004671 0.041409 0.047826 0.041409 0.004671 0.076736 0.087489 0.076736 0.076736 0.000000 0.000000 0.076736 0.087489 0.062749 0.030534 0.048120 0.048120 0.087489 0.048120 0.048120 0.048120 0.048120 0.087489 0.048120 0.004671 0.004671 0.004671 0.004671 0.037249 0.037249 0.041409
0.000000 0.037249 0.037249 0.021010 0.004671 0.004671 0.004671 0.004671 0.023311 0.021010 0.053748 0.004671 0.004671 0.004671 0.004671 0.004671 0.087489 0.053748 0.053748 0.000000 0.000000 0.043121 0.041409 0.036498 0.070389 0.004671 0.004671 0.004671 0.004671 0.004671 0.004671 0.004671 0.004671 0.004671 0.004671 0.004671 0.004671 0.004671 0.004671 0.076736 0.076736 0.076736 0.076736 0.076736 0.087489 0.087489 0.087489 0.062749 0.087489 0.087489 0.048120 0.087489 0.087489 0.048120 0.048120 0.048120 0.048120 0.048120 0.004671 0.004671 0.041409 0.004671 0.004671
0.000000 0.032082 0.021010 0.040428 0.004671 0.037249 0.000000 0.004671 0.004671 0.004671 0.004671 0.004671 0.004671 0.000000 0.000000 0.087489 0.039807 0.000000 0.000000 0.000000 0.000000 0.025246 0.004671 0.070389 0.041731 0.048120 0.043121 0.049106 0.049106 0.070612 0.070389 0.087489 0.004671 0.048031 0.076736 0.043121 0.041409 0.021010 0.036115 0.000000 0.041409 0.021010 0.076736 0.076736 0.076736 0.030534 0.087489 0.047498 0.087489 0.087489 0.048120 0.070389 0.087489 0.070612 0.048120 0.087489 0.048120 0.048120 0.004671 0.004671 0.004671 0.004671 0.004671
0.037877 0.000000 0.004671 0.000000 0.004671 0.040428 0.053748 0.000000 0.000000 0.000000 0.000000 0.000000 0.000000 0.000000 0.000000 0.000000 0.000000 0.000000 0.035037 0.000000 0.000000 0.047000 0.054194 0.041409 0.041409 0.041731 0.070944 0.036115 0.036115 0.023552 0.004671 0.037882 0.076736 0.004671 0.041731 0.023311 0.076736 0.076736 0.020102 0.047498 0.021010 0.076736 0.076736 0.076736 0.021010 0.062749 0.023311 0.021010 0.062749 0.021010 0.087489 0.070389 0.087489 0.070612 0.087489 0.087489 0.048120 0.048120 0.004671 0.004671 0.004671 0.004671 0.004671
0.000000 0.000000 0.000000 0.000000 0.000000 0.004671 0.053748 0.025246 0.000000 0.000000 0.000000 0.000000 0.000000 0.000000 0.000000 0.004671 0.004671 0.004671 0.059227 0.039807 0.004671 0.004671 0.040428 0.040428 0.035939 0.035939 0.032082 0.070389 0.039807 0.070944 0.070944 0.004671 0.076736 0.000000 0.035037 0.004671 0.076736 0.076736 0.087489 0.087489 0.021010 0.076736 0.076736 0.062749 0.062749 0.086408 0.086408 0.062749 0.062749 0.037249 0.062749 0.041731 0.023311 0.087489 0.004671 0.087489 0.087489 0.087489 0.004671 0.004671 0.004671 0.053914 0.004671
0.000000 0.036888 0.000000 0.000000 0.000000 0.004671 0.037877 0.000000 0.000000 0.004671 0.004671 0.004671 0.000000 0.000000 0.000000 0.004671 0.000000 0.004671 0.004671 0.000000 0.000000 0.000000 0.039807 0.000000 0.039807 0.037249 0.087489 0.000000 0.049106 0.004671 0.004671 0.048031 0.076736 0.000000 0.000000 0.000000 0.076736 0.021010 0.076736 0.041409 0.076736 0.076736 0.076736 0.076736 0.087489 0.090501 0.076736 0.086408 0.023311 0.076736 0.054194 0.086408 0.004671 0.037249 0.004671 0.004671 0.004671 0.004671 0.004671 0.004671 0.004671 0.047000 0.004671
0.036888 0.054194 0.000000 0.000000 0.000000 0.004671 0.000000 0.004671 0.000000 0.004671 0.004671 0.004671 0.000000 0.004671 0.000000 0.000000 0.000000 0.087489 0.000000 0.000000 0.000000 0.000000 0.000000 0.000000 0.000000 0.000000 0.039807 0.000000 0.040428 0.053748 0.087489 0.000000 0.087489 0.000000 0.037882 0.070944 0.041409 0.076736 0.076736 0.076736 0.076736 0.076736 0.030534 0.048120 0.048120 0.073945 0.087489 0.086408 0.037249 0.076736 0.086408 0.090501 0.004671 0.037882 0.004671 0.004671 0.004671 0.004671 0.004671 0.004671 0.004671 0.047000 0.004671
0.000000 0.000000 0.004671 0.004671 0.004671 0.004671 0.004671 0.054194 0.054194 0.004671 0.004671 0.004671 0.004671 0.004671 0.087489 0.087489 0.087489 0.087489 0.047000 0.000000 0.000000 0.000000 0.000000 0.000000 0.000000 0.000000 0.043121 0.000000 0.021010 0.000000 0.000000 0.000000 0.000000 0.000000 0.000000 0.040428 0.043121 0.039658 0.040635 0.053914 0.076736 0.076736 0.087489 0.087489 0.087489 0.073945 0.086408 0.076736 0.023311 0.076736 0.086408 0.023311 0.004671 0.004671 0.004671 0.004671 0.004671 0.004671 0.004671 0.004671 0.043121 0.004671 0.047000
0.049119 0.004671 0.004671 0.000000 0.004671 0.004671 0.053748 0.040428 0.040428 0.076736 0.076736 0.004671 0.004671 0.087489 0.070389 0.043121 0.087489 0.037877 0.000000 0.000000 0.000000 0.000000 0.000000 0.000000 0.000000 0.000000 0.000000 0.043121 0.037518 0.032263 0.004671 0.004671 0.000000 0.040428 0.037877 0.076736 0.043121 0.032082 0.004671 0.040428 0.076736 0.076736 0.048120 0.087489 0.088931 0.090501 0.086408 0.086408 0.076736 0.086408 0.043121 0.086408 0.004671 0.004671 0.004671 0.004671 0.004671 0.004671 0.004671 0.004671 0.086408 0.041409 0.047000
0.049119 0.004671 0.004671 0.004671 0.000000 0.004671 0.040428 0.004671 0.054194 0.004671 0.076736 0.043121 0.043121 0.053748 0.047000 0.037877 0.043121 0.000000 0.000000 0.000000 0.004671 0.004671 0.004671 0.004671 0.004671 0.076736 0.076736 0.004671 0.048120 0.052450 0.004671 0.004671 0.054194 0.040428 0.037877 0.004671 0.027101 0.027101 0.004671 0.037877 0.021010 0.076736 0.053748 0.087489 0.048120 0.041755 0.090501 0.054194 0.027101 0.090501 0.054194 0.043121 0.086408 0.062749 0.041409 0.004671 0.004671 0.004671 0.004671 0.004671 0.067082 0.090501 0.090501
0.004671 0.004671 0.004671 0.000000 0.000000 0.004671 0.053748 0.040428 0.087489 0.053748 0.037249 0.087489 0.043121 0.047000 0.054194 0.054194 0.037877 0.000000 0.000000 0.004671 0.004671 0.004671 0.004671 0.004671 0.004671 0.004671 0.004671 0.004671 0.004671 0.004671 0.004671 0.047000 0.070612 0.040428 0.004671 0.004671 0.004671 0.062749 0.027101 0.043121 0.076736 0.076736 0.053748 0.062749 0.021010 0.041755 0.090501 0.090501 0.054194 0.090501 0.086408 0.023311 0.047000 0.070612 0.073945 0.004671 0.004671 0.004671 0.004671 0.043121 0.054194 0.090501 0.090501
0.004671 0.004671 0.004671 0.004671 0.004671 0.004671 0.037249 0.037249 0.004671 0.053748 0.053748 0.021010 0.004671 0.047000 0.054194 0.036888 0.036888 0.000000 0.004671 0.004671 0.004671 0.004671 0.004671 0.004671 0.027101 0.054194 0.076736 0.004671 0.004671 0.004671 0.041409 0.004671 0.041409 0.004671 0.004671 0.004671 0.004671 0.004671 0.027101 0.041409 0.076736 0.076736 0.041409 0.053748 0.090501 0.090501 0.027101 0.054194 0.054194 0.087489 0.054194 0.054194 0.048120 0.047000 0.054194 0.004671 0.004671 0.004671 0.004671 0.037249 0.043121 0.041731 0.052450
0.000000 0.000000 0.004671 0.004671 0.004671 0.004671 0.048120 0.004671 0.004671 0.053748 0.053748 0.004671 0.004671 0.025246 0.036888 0.054194 0.000000 0.004671 0.000000 0.004671 0.004671 0.004671 0.004671 0.041755 0.000000 0.000000 0.040428 0.004671 0.004671 0.004671 0.004671 0.004671 0.047498 0.051617 0.004671 0.004671 0.004671 0.027101 0.043419 0.021010 0.076736 0.076736 0.076736 0.054194 0.054194 0.090501 0.076736 0.076736 0.087489 0.087489 0.054194 0.054194 0.048120 0.047000 0.004671 0.004671 0.004671 0.004671 0.004671 0.004671 0.043121 0.070944 0.040428
0.000000 0.000000 0.004671 0.000000 0.004671 0.037877 0.037249 0.037249 0.047000 0.047000 0.043121 0.053748 0.053748 0.053748 0.037877 0.036888 0.004671 0.004671 0.004671 0.004671 0.004671 0.004671 0.004671 0.000000 0.000000 0.004671 0.004671 0.004671 0.004671 0.041409 0.004671 0.048120 0.036888 0.004671 0.004671 0.004671 0.004671 0.027101 0.043121 0.041731 0.021010 0.076736 0.076736 0.076736 0.054194 0.090501 0.076736 0.086408 0.054194 0.043121 0.086408 0.043121 0.054194 0.054194 0.004671 0.004671 0.004671 0.004671 0.004671 0.004671 0.004671 0.000000 0.000000
0.041409 0.004671 0.000000 0.004671 0.004671 0.004671 0.037877 0.004671 0.043121 0.047000 0.053748 0.043121 0.053748 0.047000 0.036888 0.036888 0.000000 0.000000 0.004671 0.004671 0.004671 0.000000 0.000000 0.000000 0.000000 0.004671 0.004671 0.004671 0.041409 0.004671 0.004671 0.041409 0.004671 0.004671 0.004671 0.004671 0.004671 0.004671 0.043121 0.041731 0.076736 0.076736 0.047000 0.054194 0.086408 0.087489 0.087489 0.054194 0.027182 0.043121 0.054194 0.047000 0.054194 0.054194 0.041409 0.004671 0.004671 0.004671 0.004671 0.004671 0.000000 0.047960 0.004671
0.000000 0.000000 0.000000 0.004671 0.004671 0.043121 0.053748 0.053748 0.043121 0.043121 0.043121 0.043121 0.047000 0.036888 0.000000 0.000000 0.004671 0.004671 0.004671 0.004671 0.004671 0.000000 0.000000 0.000000 0.004671 0.004671 0.004671 0.004671 0.037877 0.027101 0.037877 0.070389 0.004671 0.004671 0.004671 0.004671 0.004671 0.004671 0.040428 0.076736 0.076736 0.076736 0.088931 0.087489 0.090501 0.087489 0.089812 0.088120 0.088120 0.088488 0.054194 0.054194 0.059227 0.037877 0.047498 0.049119 0.041755 0.004671 0.004671 0.004671 0.000000 0.004671 0.004671
0.004671 0.004671 0.004671 0.000000 0.043121 0.037877 0.004671 0.053748 0.043121 0.043121 0.043121 0.043121 0.054194 0.036888 0.000000 0.000000 0.004671 0.004671 0.004671 0.000000 0.004671 0.000000 0.000000 0.000000 0.000000 0.004671 0.004671 0.004671 0.004671 0.041409 0.087489 0.052450 0.004671 0.004671 0.004671 0.004671 0.004671 0.004671 0.021010 0.087489 0.070612 0.070612 0.040797 0.076736 0.054194 0.086408 0.087489 0.068860 0.054194 0.054194 0.054194 0.090501 0.048120 0.054194 0.047000 0.047000 0.047000 0.004671 0.004671 0.004671 0.090501 0.000000 0.041731
0.004671 0.004671 0.004671 0.000000 0.000000 0.037877 0.043121 0.053748 0.043121 0.043121 0.043121 0.043121 0.047000 0.054194 0.000000 0.004671 0.004671 0.004671 0.004671 0.000000 0.000000 0.000000 0.000000 0.000000 0.000000 0.004671 0.004671 0.004671 0.004671 0.041409 0.041409 0.054194 0.004671 0.004671 0.004671 0.004671 0.004671 0.000000 0.037877 0.041731 0.076736 0.070612 0.090501 0.054194 0.087489 0.087489 0.087489 0.054194 0.047000 0.090501 0.090501 0.037877 0.048120 0.037877 0.037877 0.054194 0.037877 0.004671 0.004671 0.004671 0.004671 0.004671 0.004671
0.004671 0.004671 0.004671 0.000000 0.000000 0.000000 0.025246 0.043121 0.043121 0.043121 0.043121 0.043121 0.054194 0.036888 0.054194 0.004671 0.004671 0.004671 0.004671 0.004671 0.004671 0.004671 0.004671 0.004671 0.004671 0.004671 0.004671 0.004671 0.004671 0.004671 0.004671 0.004671 0.004671 0.004671 0.004671 0.004671 0.004671 0.004671 0.000000 0.021010 0.076736 0.076736 0.090501 0.054194 0.065514 0.090501 0.054194 0.054194 0.088488 0.090501 0.088488 0.070389 0.070389 0.054194 0.037877 0.037877 0.041409 0.004671 0.004671 0.004671 0.004671 0.004671 0.004671
