Big_Beef/DataInputs30m/o_10_ChemistryPools/1990_Mar2025/DON_Pool_2.asc
ncols 345
nrows 426
xllcorner 508536.40413180296
yllcorner 5265678.99790656
cellsize 30
nodata_value -9999
[rows 252 to 279 of 426, columns 126 to 188 of 345]
0.012005 0.189564 0.012005 0.012005 0.012005 0.012005 0.012005 0.012005 0.211909 0.202666 0.012005 0.012005 0.012005 0.012005 0.012005 0.012005 0.012005 0.012005 0.012005 0.211177 0.207939 0.206241 0.211909 0.012005 0.012005 0.210794 3.544017 0.210794 0.210794 0.219787 0.211909 0.012005 0.012005 0.012005 0.207210 0.207210 0.214958 3.983287 3.544017 6.055813 0.214958 0.214958 0.207210 0.214958 0.208472 0.189564 0.189564 0.189564 0.208634 0.189564 0.189564 0.189564 0.189564 0.207572 0.207572 0.189564 0.189564 0.189564 0.189564 0.189564 0.189564 0.189564 0.189564
0.012005 0.012005 0.012005 0.012005 0.012005 0.012005 0.012005 0.012005 2.011624 0.208472 0.012005 0.012005 0.012005 0.012005 0.012005 0.012005 4.597534 0.012005 1.887393 1.217807 0.207210 0.210794 0.214958 0.012005 0.204095 3.983287 3.502491 0.210794 0.219787 0.189564 0.211909 0.012005 0.012005 0.211349 0.211349 0.217491 0.205132 0.204095 3.983287 4.419375 0.207210 0.202816 0.207210 0.202666 0.189564 0.189564 0.189564 0.189564 1.798972 0.219109 0.189564 0.189564 0.189564 0.189564 0.189564 0.189564 0.189564 0.189564 0.189564 0.189564 0.189564 0.214595 0.189564
0.012005 0.012005 0.012005 0.012005 0.012005 0.012005 0.012005 0.012005 0.012005 0.012005 2.264405 0.012005 0.012005 0.012005 0.012005 0.012005 4.841574 0.012005 1.217807 4.260923 0.211909 0.211177 0.208593 0.012005 0.204095 0.210794 0.012005 0.211909 0.207210 0.012005 0.189564 0.012005 0.012005 0.012005 0.204226 0.012005 0.207210 0.206860 4.279238 8.038658 8.038658 0.211909 0.208593 0.189564 0.189564 0.189564 0.189564 0.219109 0.189564 1.798972 1.798972 1.798972 0.189564 0.189564 0.189564 0.189564 0.189564 0.209809 0.189564 0.189564 0.189564 0.189564 0.189564
0.012005 0.197996 0.012005 0.189564 0.012005 0.012005 0.012005 0.012005 0.012005 0.012005 0.012005 4.841574 0.012005 2.122497 0.012005 0.012005 4.810941 1.217807 1.913335 1.217807 2.824403 0.012005 0.208593 0.012005 0.012005 0.012005 0.012005 0.012005 0.012005 0.012005 0.012005 0.012005 0.012005 0.208522 0.012005 0.199065 0.211349 0.211349 4.161874 7.488352 5.198451 0.211909 0.211909 0.189564 0.189564 0.189564 0.189564 0.189564 1.652358 1.798972 0.189564 0.189564 0.209809 0.189564 0.189564 0.208634 0.204095 0.211909 0.210064 0.189564 0.189564 0.189564 0.189564
0.211909 0.012005 0.012005 0.189564 0.012005 0.012005 0.012005 0.012005 0.012005 0.012005 0.200972 0.200972 4.380877 1.798972 4.633663 6.022139 3.804218 1.217807 2.082910 1.728573 1.728573 2.082910 7.962513 0.012005 0.206860 0.211909 0.012005 0.209809 0.211909 0.012005 0.012005 0.012005 0.012005 0.012005 0.012005 0.012005 0.211349 4.419375 3.544017 0.213729 0.189564 0.189564 0.189564 0.207210 0.210064 0.189564 0.208634 0.189564 0.208634 0.189564 0.189564 0.189564 0.189564 0.189564 0.189564 0.189564 0.189564 0.208593 0.210064 0.189564 0.189564 0.189564 0.189564
0.012005 0.012005 0.012005 0.012005 0.012005 0.012005 0.012005 0.012005 0.012005 0.012005 0.210794 0.210785 0.189564 0.189564 0.012005 1.798972 1.913335 0.206200 5.002368 4.760689 0.012005 2.082910 3.502669 0.012005 0.207193 0.211909 0.207210 0.211909 0.012005 0.210794 0.210794 0.012005 0.012005 0.012005 0.012005 0.012005 0.215168 3.116513 3.502669 1.798972 0.207939 0.189564 0.189564 0.189564 0.209809 0.189564 0.208634 0.189564 0.189564 0.189564 0.189564 0.189564 0.189564 0.189564 0.189564 0.207210 0.207193 0.207193 0.209809 0.189564 0.189564 0.189564 0.189564
0.012005 0.012005 0.012005 0.211909 0.211909 0.012005 0.012005 0.012005 0.012005 0.012005 4.810941 0.211177 0.211177 0.189564 0.012005 0.211177 0.211177 0.012005 0.012005 0.012005 0.012005 0.012005 0.204095 0.012005 0.012005 0.211909 0.207210 0.207210 0.213742 0.211909 0.012005 0.012005 0.012005 0.012005 0.012005 0.012005 0.012005 0.210794 0.211349 0.206860 0.207572 0.189564 0.189564 0.189564 0.189564 0.199577 0.219109 0.208634 0.189564 0.189564 0.189564 0.189564 0.189564 0.189564 0.189564 0.189564 0.189564 0.189564 0.219109 0.189564 0.189564 0.189564 0.189564
0.012005 0.012005 0.012005 7.115628 0.210794 0.202816 0.012005 3.502669 0.012005 6.022139 3.502669 4.810941 3.544017 0.211177 0.012005 0.012005 0.012005 0.209339 0.012005 0.012005 0.012005 0.012005 0.012005 0.012005 0.012005 0.012005 0.012005 0.012005 0.012005 0.012005 0.012005 0.012005 0.012005 0.012005 0.012005 0.012005 0.012005 0.210794 0.206860 0.210794 0.204095 0.209809 0.211349 0.211909 0.209809 0.189564 0.209809 0.207210 0.209339 0.207572 0.210064 0.219109 0.189564 0.189564 0.189564 0.189564 0.189564 0.189564 0.189564 0.189564 0.189564 0.189564 0.189564
0.012005 0.211349 0.207210 5.376638 0.214958 4.279238 0.204095 4.260923 4.260923 3.983287 0.204095 0.012005 0.012005 0.012005 0.012005 0.012005 0.211909 0.209339 0.207210 0.210794 0.219787 0.204095 0.198544 0.211909 0.012005 0.012005 0.012005 0.012005 0.211349 0.012005 0.012005 0.012005 0.012005 0.012005 0.012005 0.012005 0.012005 0.211349 0.210794 0.211909 0.202816 0.211349 0.211349 0.204980 0.211909 0.217491 0.199031 0.199260 0.210794 0.207572 0.207572 0.189564 0.189564 0.189564 0.189564 0.189564 0.189564 0.189564 0.189564 0.189564 0.189564 0.189564 0.189564
0.206241 0.199065 4.637688 3.544017 3.983287 4.760689 4.161874 4.035460 4.161874 3.983287 3.983287 0.207193 0.217806 0.012005 0.208593 0.207939 0.189564 0.211909 0.202245 0.212499 0.206860 0.210794 0.214958 0.206241 0.012005 0.012005 0.012005 0.012005 0.211349 0.012005 0.012005 0.012005 0.211635 0.012005 0.012005 0.012005 0.012005 0.211349 0.208593 0.211349 0.210794 0.211349 0.211349 0.211586 0.211349 0.211337 0.211586 0.203236 0.199260 0.210794 0.189564 0.189564 0.189564 0.189564 0.189564 0.189564 0.189564 0.189564 0.189564 0.189564 0.189564 0.189564 0.189564
0.012005 0.210794 0.214958 6.022139 4.161874 4.419375 3.763056 4.035460 3.763056 4.161874 3.287190 0.208522 0.207193 0.208593 0.208593 0.207939 0.211909 0.211909 0.209030 0.204095 0.204095 0.206860 0.210794 0.012005 0.012005 0.012005 0.012005 0.012005 0.012005 0.012005 0.012005 0.012005 0.012005 0.214958 0.012005 0.012005 0.202816 0.202816 0.211909 0.211349 0.208593 0.208593 0.208593 0.211586 0.211586 0.211586 0.211586 0.211586 0.211586 0.199260 0.199260 0.189564 0.189564 0.189564 0.189564 0.189564 0.189564 0.189564 0.189564 0.189564 0.189564 0.189564 0.189564
0.012005 0.012005 0.012005 0.012005 0.012005 0.012005 0.012005 0.012005 6.162886 3.502669 0.206860 0.210794 0.207210 0.207210 0.210794 0.012005 0.207210 0.207210 0.212499 0.210794 0.209030 0.206860 0.207939 0.211909 0.012005 0.012005 0.012005 0.012005 0.012005 0.012005 0.012005 0.012005 0.012005 0.012005 0.012005 0.012005 0.209198 0.214958 0.211349 0.211349 0.211349 0.208593 0.208593 0.204980 0.199065 0.211909 0.211586 0.215996 0.199260 0.199260 0.207210 0.189564 0.189564 0.189564 0.189564 0.189564 0.189564 0.189564 0.189564 0.189564 0.189564 0.189564 0.189564
2.716762 3.502669 0.204095 0.012005 4.161874 4.760689 0.012005 3.763056 6.162886 0.206860 0.206860 5.761062 3.804218 2.824403 0.210794 0.212695 0.211909 0.211909 0.204095 0.214595 0.214595 0.207865 0.012005 0.211909 0.012005 0.012005 0.012005 0.012005 0.012005 0.012005 0.012005 0.012005 0.012005 0.012005 0.012005 0.210794 0.211909 0.211909 0.205132 0.211349 0.208593 0.206241 0.204980 0.208593 0.213719 0.211586 0.211586 0.199260 0.199260 0.199260 0.209809 0.189564 0.189564 0.189564 0.189564 0.189564 0.189564 0.012005 0.189564 0.189564 0.189564 0.189564 0.189564
7.115628 4.810941 3.502669 0.204095 0.012005 3.076921 0.012005 4.419375 4.556345 0.012005 0.012005 7.488352 0.012005 0.012005 0.211909 0.199563 0.211909 0.204095 3.983287 2.716762 0.210794 0.207865 0.211909 0.211909 0.012005 0.012005 0.012005 0.012005 0.012005 0.012005 0.012005 0.012005 0.012005 0.012005 0.012005 0.205726 0.206241 0.199260 0.211349 0.211349 0.208593 0.213719 0.208593 0.208593 0.204980 0.199065 0.199260 0.207210 0.207210 0.203236 0.189564 0.189564 0.189564 0.189564 0.189564 0.012005 0.012005 0.876696 0.189564 0.189564 0.189564 0.189564 0.189564
0.211909 3.804218 0.208593 0.012005 0.208593 0.204095 4.260923 3.287190 8.038658 0.210794 0.211349 0.199563 0.012005 0.189564 0.208593 0.189564 0.208472 7.115628 3.544017 3.740218 3.544017 0.210794 0.199563 0.012005 0.012005 0.012005 0.012005 0.012005 0.012005 0.012005 0.012005 0.012005 0.012005 0.012005 0.012005 0.211909 0.211349 0.208593 0.208593 0.206150 0.204980 0.208593 0.213719 0.208593 0.204980 0.215317 0.211586 0.204980 0.207210 0.207210 0.207210 0.214595 0.189564 0.189564 0.189564 0.189564 0.189564 0.876696 1.798972 0.189564 0.189564 0.189564 0.189564
0.207193 0.211349 0.012005 0.211909 0.204095 0.204095 0.210794 0.206860 0.198544 0.210064 0.210064 0.189564 0.012005 0.012005 0.012005 0.012005 0.189564 0.208472 3.740218 4.810941 0.012005 4.810941 6.509193 0.012005 0.012005 0.012005 0.012005 0.012005 0.012005 0.012005 0.012005 0.012005 0.012005 0.012005 0.214412 0.211349 0.211349 0.211349 0.204980 0.208593 0.204980 0.204980 0.204980 0.211349 0.204980 0.215168 0.215168 0.207210 0.207210 0.207210 0.207210 0.189564 0.189564 0.189564 0.189564 0.189564 0.189564 0.876696 1.798972 0.189564 0.189564 0.189564 0.189564
0.210794 0.211909 0.211909 0.211909 0.208593 0.210794 0.207210 0.211909 0.211349 0.199065 0.208593 0.222491 0.189564 0.189564 0.222491 4.841574 0.204095 0.212499 3.502669 4.810941 4.810941 1.536873 0.012005 0.012005 0.012005 0.012005 0.012005 0.012005 0.012005 0.012005 0.012005 0.012005 0.012005 0.206241 0.205132 0.206150 0.205132 0.204980 0.213719 0.204980 0.213719 0.213719 0.204980 0.207210 0.202245 0.202245 0.207210 0.207210 0.207210 0.207210 0.207210 0.189564 0.189564 0.189564 0.189564 0.189564 0.189564 1.798972 0.189564 0.189564 0.189564 0.189564 0.189564
0.211909 0.210794 0.217491 0.207210 0.210794 0.210794 0.210794 0.198026 0.211349 0.199260 0.207210 0.222491 0.012005 7.115628 0.876696 4.841574 3.116513 3.116513 7.115628 3.740218 3.502669 7.065233 7.065233 0.012005 0.012005 0.012005 0.012005 0.012005 0.012005 0.012005 0.012005 0.012005 0.012005 0.012005 0.205132 0.211349 0.207210 0.204980 0.204980 0.206150 0.213719 0.204980 0.202245 0.202245 0.206150 0.202245 0.207210 0.207210 0.207210 0.207210 0.207210 0.012005 0.189564 0.189564 0.189564 0.189564 1.798972 0.189564 0.189564 0.189564 0.189564 0.189564 0.189564
0.210794 0.210794 0.012005 0.211909 0.205132 0.210794 0.012005 0.211635 0.012005 0.210794 0.211349 0.222491 0.189564 7.962513 7.962513 4.279238 3.804218 5.100768 3.116513 0.012005 0.012005 4.260923 3.502491 0.012005 0.012005 0.012005 0.012005 0.012005 0.012005 0.012005 0.012005 0.012005 0.012005 0.206241 0.210794 0.211349 0.204980 0.208593 0.208593 0.204980 0.213719 0.204980 0.204980 0.202245 0.207921 0.207921 0.207921 0.012005 0.202245 0.206860 0.207921 0.213208 0.012005 0.189564 0.012005 0.012005 0.189564 0.189564 0.189564 0.189564 0.189564 0.189564 0.189564
0.210794 0.211909 0.012005 0.012005 0.012005 0.210794 0.202816 0.202816 0.012005 0.205132 2.638789 3.740218 0.204095 3.983287 0.214958 3.983287 2.824403 0.012005 0.012005 0.012005 0.012005 0.210794 3.502669 0.012005 0.012005 0.012005 0.012005 0.012005 0.012005 0.012005 0.012005 0.012005 0.012005 0.206241 0.207210 0.208593 0.213719 0.208593 0.208593 0.208593 0.204980 0.207210 0.207210 0.204980 0.206241 0.207921 0.012005 0.012005 0.012005 0.012005 0.012005 0.213208 0.211185 0.012005 0.012005 0.012005 0.012005 0.012005 0.189564 0.189564 0.189564 0.189564 0.189564
0.207210 0.211909 0.012005 0.012005 0.012005 0.211349 0.210794 0.210794 0.211635 0.211909 0.210855 0.012005 0.204095 0.210794 0.204095 0.211909 0.012005 0.012005 0.012005 0.012005 0.012005 0.211909 0.211909 0.012005 0.012005 0.012005 0.012005 0.012005 0.012005 0.210794 0.211349 0.012005 0.208593 0.208593 0.208593 0.208593 0.204980 0.208593 0.208593 0.204980 0.206150 0.207921 0.207921 0.207210 0.206241 0.206860 0.012005 0.012005 0.206860 0.012005 0.211909 0.189564 0.189564 0.012005 0.012005 0.012005 0.012005 0.012005 0.189564 0.209809 0.208634 0.210064 0.209339
0.012005 0.012005 0.012005 0.012005 0.211349 0.211349 0.211635 0.211635 0.210794 0.195753 0.211349 0.210794 0.214958 0.210794 0.205132 0.198629 0.210794 0.206241 0.214412 0.012005 0.012005 0.012005 0.012005 0.012005 0.012005 0.012005 0.012005 0.012005 0.012005 0.208593 0.211349 0.211349 0.208593 0.208593 0.213719 0.204980 0.204980 0.207210 0.214412 0.207921 0.207921 0.210785 0.206860 0.206860 0.207921 0.207921 0.206241 0.012005 0.207210 0.211909 0.212695 0.217806 0.217806 0.207939 0.217806 0.217806 0.202666 0.012005 0.012005 0.012005 0.195753 0.206241 0.209339
0.012005 0.012005 0.217806 0.217806 0.012005 0.211635 0.208522 0.211635 0.213719 0.211635 0.206241 0.206241 0.206241 0.210794 0.214412 0.207210 0.201099 0.210794 0.211349 0.206241 0.012005 0.012005 0.012005 0.012005 0.012005 0.012005 0.012005 0.012005 0.214412 0.211349 0.211349 0.207210 0.208593 0.213719 0.207210 0.204980 0.206150 0.203236 0.210794 0.207921 0.213719 0.191940 0.207210 0.207210 0.207210 0.202245 0.207865 0.212695 0.207210 0.213742 0.212499 0.206115 0.213742 0.202245 0.217806 0.217806 0.206860 0.012005 0.012005 0.012005 0.012005 0.012005 0.012005
0.012005 0.012005 0.217806 0.217806 0.210794 0.210794 0.203236 0.205726 0.195753 0.210794 0.210794 0.206241 0.206241 0.205132 0.214412 0.211349 0.211349 0.211349 0.208593 0.211635 0.012005 0.012005 0.012005 0.012005 0.012005 0.012005 0.012005 0.205132 0.208593 0.208593 0.208593 0.208593 0.208593 0.208593 0.208593 0.204980 0.204980 0.204980 0.208593 0.207210 0.210785 0.191940 0.214412 0.211909 0.211909 0.207865 0.219787 0.212197 0.202245 0.205991 0.210064 0.210064 0.012005 0.212499 0.202245 0.217806 0.208522 0.208522 0.012005 0.211635 0.012005 0.012005 0.012005
0.012005 0.012005 0.012005 0.207210 0.210794 0.207210 0.207210 0.197996 0.195753 0.195753 0.211349 0.210794 0.210794 0.012005 0.211349 0.208593 0.211349 0.211349 0.208593 0.012005 0.012005 0.012005 0.012005 0.012005 0.012005 0.012005 0.012005 0.210794 0.205132 0.211349 0.208593 0.213719 0.208593 0.204980 0.207210 0.217806 0.205132 0.205132 0.211349 0.207210 0.207210 0.207210 0.210064 0.219787 0.210064 0.217806 0.216019 0.206115 0.212197 0.207210 0.207210 0.012005 2.716762 0.189564 0.212499 0.210794 0.214958 0.214958 0.213719 0.211635 0.211635 0.210794 0.012005
0.012005 0.012005 0.012005 0.207210 0.217806 0.214412 0.217806 0.210794 0.211349 0.211635 0.211635 0.211635 0.208593 0.012005 0.211349 0.211349 0.211349 0.211349 0.211349 0.012005 0.012005 0.012005 0.012005 0.012005 0.012005 0.012005 0.012005 0.205132 0.207210 0.208593 0.207210 0.208593 0.207210 0.207210 0.217806 0.217806 0.208522 0.205132 0.206241 0.211909 0.212695 0.211909 0.210064 0.210346 0.207210 0.216019 0.207939 0.202666 0.207210 0.202666 0.212197 0.012005 0.012005 0.189564 0.217806 0.206860 5.761062 0.211635 0.211635 0.211635 0.210794 0.214958 0.012005
0.012005 0.012005 0.012005 0.214412 0.217806 0.214412 0.217806 0.199563 0.199563 0.206241 0.214412 0.211635 0.012005 0.012005 0.208593 0.214412 0.208593 0.211349 0.211349 0.211635 0.012005 0.012005 0.012005 0.012005 0.012005 0.012005 0.214412 0.208593 0.217806 0.207210 0.208593 0.208593 0.207210 0.217806 0.217806 0.217806 0.207210 0.207210 0.207210 0.211909 0.210064 0.219787 0.219787 0.210346 0.189564 0.216019 0.216019 0.206115 0.207939 0.202666 0.202666 0.212197 0.211909 0.210064 0.206860 3.983287 0.211635 0.211635 0.211635 0.211635 0.211635 0.211635 0.012005
0.012005 0.211349 0.211349 0.211349 0.210794 0.210794 0.214958 0.220043 0.217491 0.206241 0.214412 0.211635 0.012005 0.208593 0.208593 0.208593 0.208593 0.211349 0.012005 0.012005 0.012005 0.012005 0.012005 0.012005 0.204457 0.214412 0.208593 0.217806 0.199065 0.217806 0.208593 0.208593 0.204980 0.207210 0.217806 0.207210 0.191940 0.211909 0.211909 0.219787 0.216019 0.216019 0.189564 0.207939 0.189564 0.211185 0.206860 0.216019 0.206860 0.216019 0.207210 0.208634 0.207210 3.287190 3.287190 0.204095 0.195753 0.211635 0.211635 0.211635 0.211635 0.012005 0.012005
