Big_Beef/DataInputs30m/o_10_ChemistryPools/1990_Mar2025/DON_Pool_3.asc
ncols 345
nrows 426
xllcorner 508536.40413180296
yllcorner 5265678.99790656
cellsize 30
nodata_value -9999
[rows 392 to 419 of 426, columns 63 to 125 of 345]
0.047970 0.048262 0.048407 0.048746 0.048407 0.002831 0.002831 0.002831 0.002831 0.002831 0.002831 0.002831 0.002831 1.298522 1.208715 0.945696 1.471792 1.341765 0.051515 0.002831 2.159216 3.015092 1.811257 0.048003 0.002831 0.048104 0.046954 0.046954 0.046954 0.049495 0.049636 0.050484 0.049636 0.049636 0.047654 0.049691 0.049691 0.049691 0.047654 0.049636 0.049636 0.049636 0.049636 0.049636 0.049397 0.048746 0.049636 0.049636 0.049636 0.049691 0.047152 0.049636 0.047254 0.049636 0.049636 0.049495 0.002831 0.002831 0.002831 0.002831 0.048746 0.048809 0.048407
0.048407 0.048407 0.048407 0.049328 0.049636 0.049636 0.002831 0.002831 0.002831 0.002831 0.002831 0.002831 0.002831 1.578159 1.062875 0.545893 1.262908 0.044656 0.044656 0.044656 0.002831 2.152226 1.605166 0.002831 0.048401 0.047654 0.049691 0.049636 0.049636 0.049636 0.049636 0.049636 0.049636 0.046954 0.046954 0.048746 0.049691 0.047654 0.049636 0.049636 0.049636 0.049636 0.049636 0.049636 0.049636 0.049691 0.049691 0.048746 0.048746 0.049636 0.049636 0.049636 0.047654 0.049691 0.049098 0.048104 0.002831 0.002831 0.002831 0.002831 0.049636 0.049960 0.048579
0.048407 0.048407 0.048407 0.049328 0.048746 0.049636 0.049328 0.002831 0.049328 0.046954 0.048003 0.049005 0.049005 0.369916 0.369916 0.044656 0.044656 0.044656 0.044656 0.044656 0.945696 0.048746 1.191737 1.831006 0.049328 0.049636 0.049636 0.049636 0.050137 0.047254 0.047254 0.049005 0.049636 0.049636 0.046954 0.046954 0.049691 0.049691 0.049636 0.049636 0.049636 0.049636 0.049636 0.049636 0.049636 0.049691 0.047654 0.047654 0.049636 0.047254 0.048231 0.047654 0.047654 0.002831 0.002831 0.002831 0.002831 0.002831 0.002831 0.047654 0.049636 0.048407 0.046864
0.049636 0.048104 0.049328 0.049328 0.002831 0.049328 0.049328 0.002831 0.002831 0.049098 0.002831 0.048104 0.048003 0.044656 0.044656 0.044656 0.044656 0.048104 0.044656 0.047931 0.049345 0.049636 0.049636 0.049495 0.050484 0.050484 0.049636 0.049636 0.050484 0.049495 0.049636 0.045769 0.048104 0.049636 0.046954 0.048407 0.049636 0.049636 0.049636 0.049636 0.049636 0.049636 0.046954 0.049495 0.049691 0.049691 0.049495 0.049636 0.047254 0.049636 0.047654 0.048407 0.048407 0.002831 0.002831 1.298522 0.047254 0.049636 0.047931 0.046954 0.048746 0.049191 1.098874
0.049328 0.048746 0.048407 0.048407 0.046390 0.002831 0.049328 0.002831 0.002831 0.002831 0.002831 0.002831 0.002831 0.049413 0.002831 0.044656 0.048003 0.048104 0.048104 0.044656 0.046954 0.049495 0.002831 0.049328 0.048407 0.049691 0.049691 0.048407 0.048407 0.048104 0.045769 0.048262 0.047931 0.045769 0.050868 0.048407 0.048407 0.049636 0.049636 0.045731 0.049636 0.047152 0.047654 0.047152 0.049495 0.049495 0.049636 0.049636 0.047254 0.047654 0.050484 0.048407 1.298522 1.640341 1.375269 1.114010 2.042869 0.049636 0.048746 0.046864 0.049636 0.049636 0.369916
0.002831 0.049328 0.049328 0.049328 0.049328 0.048407 0.002831 0.049328 0.048104 0.049413 0.002831 0.049413 0.049413 0.002831 0.048104 0.002831 0.002831 0.002831 0.002831 0.002831 0.045769 0.002831 0.002831 0.049328 0.048407 0.048407 0.048407 0.047654 0.048407 0.049636 0.049328 0.048262 0.048113 0.045769 0.046864 0.048407 0.048407 0.048407 0.049636 0.050484 0.048407 0.049636 0.048407 0.047654 0.047152 0.049636 0.049098 0.048231 0.048231 0.046212 0.046212 0.049636 1.075422 1.075422 1.605166 0.050484 0.047970 0.047414 0.048746 0.046864 0.044656 0.044656 0.044656
0.048962 0.002831 0.002831 0.048262 0.046390 0.045769 0.049328 0.002831 0.049328 0.048104 0.047931 0.049495 0.047931 0.048746 0.002831 0.002831 0.002831 0.002831 0.048104 0.002831 0.002831 0.002831 0.048407 0.048407 0.048407 0.048407 0.050484 0.046954 0.047931 0.048003 0.048003 0.049328 0.002831 0.049414 0.048113 0.050484 0.717310 0.048407 0.047165 0.048407 0.048407 0.048407 0.048407 0.049636 0.002831 0.002831 0.050868 0.047654 0.049636 0.046212 0.048746 1.075422 1.605166 1.075422 0.048370 0.048746 0.048746 0.049005 0.049636 0.049636 1.191737 0.044656 0.044656
0.002831 0.002831 0.002831 0.002831 0.002831 0.002831 0.002831 0.002831 0.049328 0.048407 0.047931 0.047931 0.045769 0.048407 0.002831 0.049413 0.049413 0.048104 0.049636 0.049328 0.048407 0.047165 0.047165 0.048407 0.048407 0.048407 0.048407 0.048407 0.047254 0.049636 0.045769 0.002831 0.048113 0.049328 0.046864 1.640341 0.047165 0.729357 0.729357 0.845326 0.048407 0.048407 0.049495 0.002831 1.114010 0.049191 0.049495 0.050484 0.050484 0.050484 0.369916 1.336606 0.369916 0.945696 0.046140 0.049328 0.048746 0.047254 0.049636 0.047254 0.049636 0.047254 0.044656
0.002831 0.049328 0.046390 0.002831 0.048262 0.047970 0.002831 0.002831 0.049636 0.049495 0.048746 0.045769 0.045769 0.047931 0.045769 0.045769 0.049413 0.049413 0.002831 0.047931 0.047931 0.045882 0.048407 0.048407 0.048407 0.048407 0.049636 0.002831 0.047254 0.045769 0.046954 0.048104 0.045769 0.048401 0.047152 0.046342 0.002831 0.845326 1.098874 1.298522 0.002831 0.002831 0.002831 1.262908 0.049005 0.049191 0.047920 0.046954 0.047152 0.369916 0.369916 0.545893 0.824393 0.945696 0.049345 0.046212 0.048746 0.047414 0.048231 0.049636 0.049636 0.049636 0.048231
0.002831 0.049328 0.049328 0.002831 0.048962 0.048104 0.002831 0.002831 0.046390 0.049328 0.047931 0.048104 0.047931 0.049328 0.047931 0.048104 0.048104 0.048104 0.049413 0.047931 0.048407 0.046864 0.048407 0.048407 0.050484 0.048746 0.002831 0.049098 0.049636 0.002831 0.045769 0.045769 0.048557 0.002831 0.045769 0.045769 0.002831 0.002831 0.002831 0.002831 0.002831 1.075422 1.262908 1.827400 1.062875 1.578159 0.002831 0.049328 0.632053 0.729357 0.044656 0.049873 0.049345 0.049636 0.048746 0.048746 0.051317 0.048231 0.049691 0.048746 0.048231 0.048746 0.048407
0.044656 0.048104 0.048104 0.049328 0.002831 0.044656 0.048104 0.002831 0.048746 0.048746 0.045769 0.046675 0.049328 0.045769 0.049328 0.048104 0.044656 0.049413 0.045769 0.048104 0.047931 0.048746 0.049636 0.049328 0.047970 0.002831 0.002831 0.002831 0.002831 0.002831 0.002831 0.002831 0.049345 0.002831 0.002831 0.002831 0.002831 0.002831 0.002831 0.051317 1.864737 0.729357 3.015092 0.002831 0.002831 3.015092 0.002831 0.048104 0.048407 0.049636 0.049636 0.049636 0.049328 0.049328 1.797875 1.605166 0.049005 0.049636 0.049636 0.050868 0.048746 0.050868 0.048231
0.049328 0.049328 0.049328 0.002831 0.002831 0.049328 0.002831 0.002831 0.047165 0.049189 0.044656 0.044656 0.047931 0.045769 0.047931 0.048104 0.049413 0.048104 0.045769 0.048739 0.048739 0.047920 0.002831 0.002831 0.049636 0.002831 0.002831 0.002831 0.002831 0.002831 0.002831 0.002831 0.002831 0.047920 0.048746 0.002831 0.002831 1.208715 1.605166 0.048579 0.002831 0.048003 0.002831 0.002831 0.047931 0.002831 1.827400 1.459866 0.047931 0.049636 0.049636 0.049009 0.048370 0.047254 0.049328 1.864737 1.471792 0.049636 1.114010 0.048370 0.048231 1.098874 0.047414
0.048407 0.048407 0.048407 0.048407 0.048104 0.048407 0.002831 0.049328 0.047165 0.049189 0.044656 0.044656 0.044656 0.044656 0.044656 0.044656 0.050428 0.049413 0.045769 0.048557 0.049345 0.002831 0.002831 0.002831 0.002831 0.002831 0.002831 0.002831 0.002831 0.002831 0.002831 0.002831 0.002831 0.048231 0.049636 0.049636 0.002831 0.049636 0.048746 0.048746 0.045769 0.002831 0.002831 0.002831 0.045769 0.045769 0.045769 1.459866 0.845326 1.075422 1.903310 0.046675 1.831006 0.048746 0.599914 0.997487 1.298522 1.341765 0.049495 1.341765 1.230760 0.050137 2.209966
0.048407 0.048407 0.048746 0.047931 0.048104 0.049413 0.049328 0.002831 0.047970 0.048962 0.051306 0.044656 0.002831 0.002831 0.044656 0.048407 0.044656 0.048557 0.048183 0.044656 0.047920 0.002831 0.002831 0.002831 0.002831 0.002831 0.002831 0.002831 0.002831 0.002831 0.048746 0.002831 0.047152 0.048746 0.047654 0.048746 0.049636 0.048407 0.048746 0.049328 0.045769 0.045769 0.045769 0.045769 0.045769 0.049413 0.048401 0.049691 0.049345 0.599558 0.047336 0.046675 1.122345 2.193439 1.831006 0.599914 1.831006 0.997487 0.046675 0.049495 0.050428 0.044656 0.044656
0.049189 0.048407 0.048407 0.049691 0.044656 0.002831 0.044656 0.002831 0.048962 0.002831 0.002831 0.002831 0.048401 0.002831 0.002831 0.002831 0.002831 0.002831 0.002831 0.044656 0.045769 0.002831 0.002831 0.002831 0.002831 0.002831 0.002831 0.048746 0.002831 0.046954 0.048407 0.047654 0.048746 0.048407 0.047920 0.048746 0.048407 0.049691 0.048407 0.045769 0.044656 0.045769 0.045769 0.048401 0.048104 0.049413 0.049328 0.049345 0.044656 1.122345 0.049873 0.046675 0.046675 0.638358 1.831006 0.046675 0.049442 0.044656 0.047970 0.969249 0.050428 0.044656 0.050890
0.046954 0.049345 0.048407 0.049328 0.049328 0.049328 0.049670 0.002831 0.002831 0.049328 0.049328 0.049636 0.047931 0.048104 0.048003 0.002831 0.047970 0.047970 0.002831 0.047336 0.045769 0.002831 0.002831 0.002831 0.002831 0.002831 0.002831 0.048407 0.048746 0.048407 0.048407 0.048407 0.048746 0.048407 0.048407 0.048746 0.048407 0.048407 0.048407 0.045769 0.044656 0.045769 0.002831 0.045769 0.049328 0.045769 2.159216 1.459866 1.075422 0.610420 0.044656 1.656315 0.048183 0.610420 0.046675 0.048183 0.044656 0.046675 0.048003 0.049328 0.050428 0.044656 0.044656
0.047920 0.049345 0.049328 0.048407 0.002831 0.049328 0.002831 0.002831 0.048104 0.048113 0.048401 0.049328 0.047931 0.047931 0.048104 0.048104 0.049413 0.047970 0.044656 0.047254 0.002831 0.002831 0.002831 0.002831 0.049636 0.047654 0.048231 0.002831 0.048407 0.048407 0.048407 0.048407 0.048407 0.048407 0.048746 0.048746 0.048746 0.046954 0.049691 0.049636 0.049328 0.049134 0.047030 0.048401 0.002831 0.047931 0.045769 1.208715 0.599558 0.369916 0.049873 0.749277 0.599558 0.648473 0.048726 0.044656 0.044656 0.044656 0.048003 0.049328 0.047970 0.044656 0.044656
0.002831 0.046140 0.048746 0.047030 0.048407 0.049328 0.049328 0.002831 0.048113 0.048104 0.048104 0.047931 0.045769 0.047931 0.048104 0.049413 0.044656 0.044656 0.049328 0.047254 0.002831 0.002831 0.002831 0.002831 0.049328 0.048407 0.002831 0.002831 0.002831 0.048407 0.050484 0.048407 0.048104 0.048407 0.048407 0.046140 0.048746 0.049636 0.046954 0.049691 0.046954 0.002831 0.045769 0.049328 0.002831 0.044656 0.049098 1.075422 0.369916 0.049873 0.046675 0.749277 1.122345 0.749277 0.599558 0.048183 0.049513 0.044656 0.049328 0.049636 0.048746 0.044656 0.044656
0.002831 0.002831 0.048746 0.048407 0.049328 0.049328 0.049328 0.002831 0.049328 0.048401 0.048104 0.048003 0.045769 0.048003 0.002831 0.002831 0.044656 0.044656 0.049495 0.047254 0.002831 0.002831 0.002831 0.049636 0.049636 0.048407 0.048407 0.048746 0.002831 0.048407 0.047654 0.048407 0.002831 0.049328 0.048407 0.049098 0.048746 0.049636 0.046954 0.046954 0.049636 0.049328 0.049328 0.049328 0.002831 0.048104 1.062875 0.945696 1.459866 0.050428 0.044656 0.050137 0.599558 0.599558 0.047336 1.578159 0.049345 0.049328 0.048407 0.048746 0.047931 0.044656 0.044656
0.002831 0.002831 0.048746 0.049328 0.002831 0.047165 0.002831 0.002831 0.049328 0.048104 0.048104 0.048104 0.044656 0.045769 0.045769 0.002831 0.002831 0.049328 0.049328 0.002831 0.002831 0.002831 0.048746 0.049636 0.050484 0.048407 0.048407 0.002831 0.048407 0.002831 0.002831 0.002831 0.002831 0.048407 0.049328 0.045147 0.048746 0.046954 0.046954 0.049691 0.049691 0.049691 0.048407 0.049328 0.048407 0.046954 0.049328 0.048746 0.046823 0.671016 0.671016 0.049495 0.610420 0.617788 0.046675 0.049098 0.047030 0.048407 0.047970 0.049495 0.044656 0.044656 0.044656
0.002831 0.002831 0.049328 0.002831 0.047165 0.048407 0.002831 0.002831 0.049328 0.049328 0.047931 0.047931 0.047931 0.048746 0.002831 0.002831 0.047920 0.048401 0.049328 0.002831 0.002831 0.048401 0.049636 0.049636 0.050484 0.048407 0.048407 0.048407 0.048407 0.002831 0.002831 0.002831 0.048407 0.048407 0.048407 0.048746 0.048746 0.048746 0.046140 0.049691 0.049691 0.049636 0.049691 0.049691 0.048407 0.046954 0.049636 0.048104 0.046823 0.997487 0.047920 0.648473 0.545893 0.545893 0.599558 0.045769 0.048407 0.047085 0.048407 0.048407 0.047931 0.047926 0.044656
0.002831 0.002831 0.049636 0.049328 0.047165 0.047165 0.049328 0.002831 0.049328 0.049328 0.049495 0.049636 0.046954 0.002831 0.002831 0.002831 0.002831 0.049328 0.002831 0.002831 0.048370 0.048401 0.048407 0.050484 0.048407 0.048407 0.048407 0.048407 0.049098 0.002831 0.002831 0.002831 0.002831 0.048407 0.048407 0.048407 0.046954 0.047030 0.048407 0.048407 0.049691 0.049636 0.049691 0.048407 0.050484 0.049691 0.049636 1.605166 0.047902 0.046675 0.048183 0.617788 0.545893 0.648473 0.046675 0.048104 0.048407 0.048407 0.048407 0.048407 0.047902 0.044656 0.044656
0.002831 0.002831 0.002831 0.047165 0.050484 0.049328 0.002831 0.002831 0.049328 0.049328 0.049345 0.048746 0.049345 0.002831 0.002831 0.048557 0.045769 0.048746 0.048746 0.002831 0.002831 0.048370 0.048746 0.050484 0.048407 0.048407 0.048407 0.048407 0.002831 0.002831 0.002831 0.049098 0.002831 0.048407 0.048407 1.075422 0.002831 0.047030 0.049960 0.047165 0.049636 0.049636 0.049691 0.048407 0.048407 0.049691 0.956868 1.298522 1.605166 0.044656 0.049345 0.599914 0.044656 0.044656 0.048557 0.047030 0.047970 0.048407 0.048407 0.048407 0.044656 0.044656 0.044656
0.002831 0.002831 0.049328 0.002831 0.049328 0.002831 0.002831 0.048104 0.049328 0.048746 0.048746 0.048746 0.048746 0.002831 0.047920 0.049495 0.047920 0.049636 0.049328 0.002831 0.048003 0.048401 0.048746 0.048407 0.047165 0.048407 0.002831 0.002831 0.048407 0.048407 0.048407 0.048407 0.049098 0.048407 0.049691 1.298522 0.002831 0.048579 0.044656 0.044656 0.049636 0.048407 0.049691 0.049691 0.050484 0.049691 0.049691 0.632053 0.800733 0.051515 0.044656 0.051515 0.044656 0.048183 0.049328 0.048407 0.048407 0.048407 0.047030 0.048407 0.044656 0.044656 0.050137
0.049005 0.046954 0.049328 0.048104 0.048104 0.045769 0.049328 0.002831 0.048104 0.048746 0.048104 0.048003 0.048746 0.047920 0.049098 0.049098 0.049636 0.049328 0.049328 0.002831 0.048370 0.049328 0.048407 0.048407 0.047165 0.002831 0.002831 0.002831 0.048407 0.047152 0.047152 0.048407 0.048407 0.048746 0.049098 0.048407 1.605166 0.002831 0.002831 0.046140 0.049636 0.046954 0.047654 0.048407 0.047654 0.049691 0.050484 0.048407 0.796373 0.671016 1.114010 0.545893 0.369916 0.044656 0.049328 0.049691 0.047920 0.048407 0.047030 0.049328 0.048104 0.048726 0.050137
0.002831 0.048003 0.048104 0.044656 0.044656 0.002831 0.044656 0.049691 0.051306 0.048104 0.044656 0.048104 0.045769 0.049345 0.049328 0.045769 0.047920 0.049328 0.047414 0.002831 0.048370 0.048407 0.048407 0.048407 0.048407 0.002831 0.002831 0.048407 0.048407 0.048407 0.048407 0.048407 0.049098 0.049098 0.048746 0.049636 1.075422 0.002831 0.044656 0.050868 0.049691 0.049636 0.046954 0.048746 0.048746 0.048407 0.049691 0.729357 0.048407 0.369916 0.617788 0.599914 0.648473 0.671016 0.048557 0.049328 0.047920 0.048407 0.049636 0.049636 0.044656 0.044656 0.044656
0.002831 0.002831 0.044656 0.044656 0.002831 0.044656 0.044656 0.002831 0.002831 0.002831 0.044656 0.044656 0.048104 0.049328 0.045769 0.045769 0.045769 0.049328 0.002831 0.002831 0.002831 0.049328 0.048407 0.048407 0.048407 0.048407 0.048407 0.048407 0.047165 0.048407 0.048407 0.049328 0.048746 0.048746 0.049636 1.827400 0.049636 0.002831 0.044656 0.044656 0.049636 0.049636 0.049636 0.002831 0.049328 0.045769 0.049328 0.049691 0.048746 0.044656 0.545893 0.648473 0.369916 0.044656 0.045769 0.048407 0.049328 0.046342 0.049636 0.049495 0.044656 0.044656 0.050137
0.002831 0.002831 0.002831 0.002831 0.002831 0.002831 0.002831 0.002831 0.002831 0.002831 0.002831 0.002831 0.048104 0.048962 0.045769 0.049189 0.049328 0.049328 0.002831 0.002831 0.049098 0.048407 0.048407 0.048407 0.048407 0.048407 0.049328 0.048407 0.046140 0.047165 0.049328 0.049328 0.048407 0.049636 1.298522 1.208715 0.845326 0.049005 0.002831 0.044656 0.044656 0.049636 0.048746 0.047970 0.002831 0.047254 0.049691 0.632053 0.654057 0.605015 0.369916 0.369916 1.114010 0.048557 0.047931 0.045769 0.046954 0.047970 0.049636 0.047254 0.044656 0.044656 0.050428
