Big_Beef/DataInputs30m/o_10_ChemistryPools/1990_Mar2025/DON_Pool_3.asc
ncols 345
nrows 426
xllcorner 508536.40413180296
yllcorner 5265678.99790656
cellsize 30
nodata_value -9999
[rows 56 to 83 of 426, columns 63 to 125 of 345]
0.002831 0.002831 0.002831 0.002831 0.002831 0.002831 0.002831 0.002831 0.002831 0.002831 0.002831 0.002831 0.044656 0.045769 0.048401 0.050174 0.046954 0.046954 0.046954 0.047152 0.047152 0.047152 0.002831 0.049691 0.049691 0.049691 0.049691 0.049691 0.046954 0.044375 0.048407 0.049009 0.049009 0.049009 0.048407 0.002831 0.049328 0.047152 0.048407 0.048407 0.048407 0.047920 0.049009 0.047152 0.047152 0.049495 0.049495 0.002831 0.002831 0.048401 0.050174 1.666545 1.811257 0.049005 0.048370 0.046954 0.047931 0.046954 0.002831 0.002831 0.049691 0.049691 0.049691
0.002831 0.002831 0.002831 0.002831 0.002831 0.002831 0.002831 0.002831 0.002831 0.002831 0.002831 0.002831 0.044656 0.044656 0.045769 0.048401 0.047152 0.050174 0.046954 0.047152 0.047152 0.047152 0.002831 0.049691 0.002831 0.049691 0.049691 0.049691 0.046954 0.046954 0.048407 0.049009 0.049691 0.050174 0.048407 0.048407 0.002831 0.049328 0.048407 0.048407 0.048407 0.047920 0.047920 0.047152 0.047152 0.048407 0.049691 0.002831 0.049691 0.002831 0.044656 0.002831 0.048104 0.045769 0.002831 0.002831 0.002831 0.045769 0.002831 0.049691 0.049691 0.002831 0.049691
0.002831 0.002831 0.002831 0.002831 0.002831 0.002831 0.002831 0.002831 0.002831 0.002831 0.002831 0.002831 0.044656 0.045882 0.046954 0.047152 0.047152 0.050174 0.047152 0.047152 0.049009 0.047152 0.002831 0.049691 0.049691 0.047165 0.049691 0.049495 0.046954 0.046954 0.046954 0.046954 0.047152 0.049691 0.049691 0.002831 0.002831 0.048407 0.048407 0.048407 0.048407 0.047920 0.047152 0.046954 0.002831 0.002831 0.002831 0.002831 0.049691 0.002831 0.002831 0.002831 0.049413 0.048104 0.002831 0.045769 0.047254 0.047030 0.002831 0.048113 0.002831 0.044656 0.002831
0.002831 0.002831 0.002831 0.002831 0.002831 0.002831 0.002831 0.002831 0.002831 0.002831 0.002831 0.044656 0.044656 0.046954 0.049495 0.049495 0.049495 0.047152 0.047152 0.047152 0.049009 0.049009 0.002831 0.050174 0.002831 0.050174 0.049691 0.050174 0.049495 0.047152 0.046954 0.049009 0.002831 0.049691 0.049691 0.002831 0.046954 0.048407 0.048407 0.048407 0.047920 0.047920 0.048407 0.002831 0.047152 0.048407 0.002831 0.002831 0.047030 0.049691 0.956868 0.687126 3.159668 0.049691 1.811257 0.002831 0.045769 0.002831 0.045769 0.048407 0.002831 0.049691 0.002831
0.002831 0.002831 0.002831 0.002831 0.002831 0.002831 0.002831 0.002831 0.002831 0.002831 0.002831 0.044656 0.048113 0.050174 0.050174 0.050174 0.048370 0.048370 0.050174 0.047152 0.049009 0.047152 0.002831 0.050174 0.050174 0.002831 0.050174 0.050174 0.049495 0.048401 0.048401 0.049691 0.048407 0.048401 0.048407 0.002831 0.049691 0.048407 0.048407 0.048407 0.048407 0.002831 0.002831 0.002831 0.047654 0.049495 0.049495 0.002831 0.049328 0.049009 0.632053 2.398157 2.159216 0.050669 1.811257 0.002831 0.002831 0.002831 0.045769 0.048407 0.049691 0.002831 0.002831
0.002831 0.002831 0.002831 0.002831 0.002831 0.002831 0.002831 0.002831 0.002831 0.002831 0.002831 0.044656 0.047030 0.049691 0.045882 0.050174 0.050174 0.050174 0.047152 0.047152 0.049009 0.047152 0.002831 0.045769 0.046675 0.047931 0.047931 0.049495 0.047931 0.047926 0.048401 0.047926 0.045769 0.045769 0.047931 0.047926 0.002831 0.002831 0.049328 0.049495 0.050174 0.002831 0.002831 0.049691 2.398157 0.049495 0.050174 0.002831 0.047290 0.050174 1.666545 0.049005 2.388930 2.388930 0.047290 0.046897 0.002831 0.002831 0.002831 0.002831 0.002831 0.002831 0.002831
0.002831 0.002831 0.002831 0.002831 0.002831 0.002831 0.002831 0.002831 0.002831 0.002831 0.044656 0.002831 0.049691 0.049691 0.049009 0.049009 0.049009 0.049009 0.049009 0.047152 0.047152 0.002831 0.002831 0.044656 0.044656 0.044656 0.044656 0.044656 0.002831 0.044656 0.002831 0.002831 0.002831 0.044656 0.044656 0.044656 0.002831 0.002831 0.002831 0.002831 0.002831 0.002831 1.605166 1.220223 1.811257 0.048370 0.050669 0.002831 0.050174 0.049009 1.666545 0.050890 0.050890 1.153464 2.388930 0.049005 0.002831 0.002831 0.049691 0.002831 0.002831 0.002831 0.002831
0.002831 0.002831 0.002831 0.002831 0.002831 0.002831 0.002831 0.002831 0.002831 0.002831 0.044656 0.002831 0.049691 0.047152 0.049009 0.049009 0.049009 0.049009 0.049009 0.049009 0.049009 0.047152 0.002831 0.049691 0.044656 0.044656 0.044656 0.002831 0.002831 0.002831 0.002831 0.002831 0.002831 0.002831 0.002831 0.044656 0.002831 0.044656 0.048113 0.002831 0.002831 0.002831 0.002831 0.002831 1.403053 0.049345 0.050669 0.045731 0.002831 0.050174 0.050174 2.159216 1.657099 0.049005 0.049005 0.002831 0.002831 0.049691 0.049691 0.002831 0.002831 0.002831 0.002831
0.002831 0.002831 0.002831 0.002831 0.002831 0.002831 0.002831 0.002831 0.002831 0.002831 0.044656 0.044656 0.002831 0.049691 0.047152 0.049009 0.002831 0.002831 0.047152 0.047152 0.002831 0.047152 0.002831 0.044656 0.044656 0.044656 0.002831 0.002831 0.002831 0.044656 0.002831 0.044656 0.002831 0.002831 0.002831 0.044656 0.002831 0.002831 0.002831 0.002831 0.002831 0.002831 0.002831 0.002831 2.127818 0.047290 0.047902 0.048579 0.002831 0.049009 0.002831 0.002831 1.341765 0.002831 0.002831 0.002831 0.049691 0.049691 0.002831 0.002831 0.002831 0.002831 0.002831
0.002831 0.002831 0.002831 0.002831 0.002831 0.002831 0.002831 0.002831 0.002831 0.002831 0.044656 0.002831 0.049691 0.049009 0.002831 0.002831 0.002831 0.002831 0.002831 0.002831 0.002831 0.002831 0.002831 0.048183 0.045769 0.044656 0.002831 0.545893 0.369916 0.002831 0.044656 0.002831 0.044656 0.044656 0.002831 0.002831 0.002831 0.002831 0.002831 0.002831 0.002831 0.002831 0.049691 0.002831 0.002831 0.047290 0.049005 0.050174 0.002831 0.050174 0.002831 0.002831 2.555204 0.050890 0.002831 0.002831 0.002831 0.002831 0.002831 0.002831 0.002831 0.002831 0.002831
0.002831 0.002831 0.002831 0.002831 0.002831 0.002831 0.002831 0.002831 0.002831 0.002831 0.002831 0.049009 0.049009 0.002831 0.002831 0.047152 0.049009 0.047152 0.050174 0.049495 0.047152 0.047152 0.045769 0.045769 0.044656 0.044656 0.369916 0.369916 0.002831 0.002831 0.002831 0.002831 0.002831 0.044656 0.044656 0.048962 0.002831 0.002831 0.002831 0.002831 0.002831 0.048104 0.002831 0.002831 0.002831 0.002831 0.002831 0.045731 0.002831 0.050174 0.049495 0.002831 0.002831 2.555204 0.050890 0.002831 0.002831 0.002831 0.002831 0.002831 0.002831 0.002831 0.002831
0.002831 0.002831 0.002831 0.002831 0.002831 0.002831 0.002831 0.002831 0.002831 0.044656 0.002831 0.045882 0.049009 0.049009 0.002831 0.047152 0.047152 0.047152 0.049495 0.049495 0.049495 0.047152 0.045769 0.044656 0.044656 0.044656 0.044656 0.545893 0.002831 0.044656 0.044656 0.002831 0.044656 0.002831 0.044656 0.002831 0.002831 0.002831 0.002831 0.049328 0.002831 0.049345 0.002831 0.002831 0.002831 0.051306 0.002831 0.002831 0.050174 0.002831 0.049495 0.002831 0.002831 1.980453 0.002831 0.002831 0.049691 0.002831 0.002831 0.002831 0.002831 0.002831 0.002831
0.002831 0.002831 0.002831 0.002831 0.002831 0.002831 0.002831 0.002831 0.002831 0.044656 0.044656 0.049691 0.049691 0.049009 0.002831 0.047152 0.047152 0.047152 0.049009 0.049495 0.047152 0.047152 0.049691 0.048962 0.044656 0.044656 0.044656 0.044656 0.002831 0.044656 0.048962 0.044656 0.044656 0.048515 0.048104 0.048104 0.002831 0.002831 0.049691 0.002831 0.048003 0.048104 0.002831 0.002831 0.002831 0.545893 0.050484 0.050174 0.049445 0.002831 0.002831 0.002831 1.980453 0.002831 0.002831 0.002831 0.002831 0.002831 0.002831 0.002831 0.002831 0.002831 0.002831
0.002831 0.002831 0.002831 0.002831 0.002831 0.002831 0.002831 0.002831 0.002831 0.044656 0.048113 0.049691 0.049691 0.002831 0.046954 0.049009 0.049495 0.047152 0.049009 0.047152 0.047152 0.047152 0.049691 0.044656 0.044656 0.048962 0.048962 0.002831 0.044656 0.002831 0.048962 0.044656 0.044656 0.002831 0.047931 0.049691 0.002831 0.002831 0.002831 0.048104 0.002831 0.002831 0.002831 0.002831 0.002831 1.220223 0.049691 0.049691 0.002831 0.002831 0.002831 0.002831 2.152226 0.002831 0.049691 0.049691 0.002831 0.002831 0.002831 0.002831 0.002831 0.002831 0.002831
0.002831 0.002831 0.002831 0.002831 0.002831 0.002831 0.002831 0.044656 0.002831 0.047030 0.048113 0.049691 0.002831 0.002831 0.046954 0.050174 0.050174 0.046954 0.049009 0.047152 0.047152 0.049009 0.045769 0.049691 0.044656 0.044656 0.048962 0.044656 0.002831 0.002831 0.044656 0.044656 0.002831 0.047926 0.047931 0.002831 0.002831 0.002831 0.002831 0.002831 0.002831 0.002831 0.002831 0.002831 0.945696 1.220223 0.050174 0.049691 0.049691 0.002831 0.002831 0.002831 2.152226 0.002831 0.002831 0.049691 0.002831 0.002831 0.002831 0.002831 0.002831 0.002831 0.002831
0.002831 0.002831 0.002831 0.002831 0.002831 0.002831 0.002831 0.044656 0.049691 0.002831 0.048104 0.045769 0.046954 0.002831 0.050174 0.049009 0.049009 0.047152 0.047152 0.047152 0.047152 0.048407 0.045769 0.044656 0.044656 0.044656 0.044656 0.044656 0.002831 0.002831 0.002831 0.044656 0.002831 0.002831 0.044656 0.002831 0.002831 0.048104 0.044656 0.002831 0.002831 0.002831 0.002831 0.002831 0.002831 1.232063 0.050890 0.050174 0.049691 0.002831 0.002831 0.002831 0.002831 0.002831 0.049691 0.049691 0.002831 0.002831 0.002831 0.002831 0.002831 0.002831 0.002831
0.002831 0.002831 0.002831 0.002831 0.002831 0.002831 0.002831 0.044656 0.002831 0.002831 0.049691 0.049691 0.047152 0.002831 0.049009 0.049009 0.049009 0.047152 0.047152 0.047152 0.047152 0.047152 0.049691 0.044656 0.044656 0.044656 0.044656 0.044656 0.002831 0.002831 0.002831 0.002831 0.002831 0.048962 0.002831 0.002831 0.045769 0.002831 0.002831 0.002831 0.002831 0.002831 0.002831 0.002831 0.044656 1.232063 0.048255 0.050174 0.002831 0.002831 0.049691 0.050174 0.049691 0.048104 0.045769 0.002831 0.002831 0.002831 0.002831 0.002831 0.002831 0.002831 0.002831
0.002831 0.002831 0.002831 0.002831 0.002831 0.002831 0.002831 0.002831 0.002831 0.049691 0.046954 0.045882 0.050174 0.049445 0.050174 0.049009 0.050174 0.047152 0.047152 0.047152 0.047152 0.048407 0.049691 0.049691 0.049691 0.044656 0.050890 0.044656 0.002831 0.002831 0.002831 0.002831 0.048962 0.048962 0.002831 0.002831 0.049691 0.002831 0.002831 0.002831 0.048515 0.048262 0.002831 0.044656 0.895573 0.047336 0.049691 0.049691 0.002831 0.049691 0.002831 0.002831 0.002831 0.002831 1.220223 1.418436 0.002831 0.002831 0.002831 0.002831 0.002831 0.002831 0.002831
0.002831 0.002831 0.002831 0.002831 0.002831 0.044656 0.044656 0.048407 0.049691 0.045882 0.047152 0.047152 0.049495 0.046954 0.050174 0.050174 0.046954 0.046954 0.047152 0.047152 0.049009 0.049009 0.048407 0.049691 0.044656 0.044656 0.050890 0.044656 0.002831 0.044656 0.002831 0.047926 0.048962 0.002831 0.002831 0.048113 0.049691 0.049691 0.048104 0.048104 0.002831 0.048113 0.048113 0.002831 1.418436 0.048407 0.049691 0.049691 0.049691 0.002831 2.159216 1.811257 2.127818 2.159216 1.418436 1.418436 0.002831 0.002831 0.002831 0.002831 0.002831 0.002831 0.002831
0.002831 0.002831 0.002831 0.002831 0.044656 0.044656 0.048407 0.049009 0.048407 0.049009 0.047152 0.047152 0.049495 0.049495 0.049495 0.046954 0.048370 0.046954 0.050174 0.047152 0.050174 0.050174 0.049691 0.049691 0.049691 0.049691 0.048962 0.048104 0.049691 0.051306 0.048104 0.048104 0.002831 0.002831 0.049691 0.049691 0.049691 0.049691 0.049691 0.049691 0.049691 0.049691 0.049191 0.002831 0.956868 0.956868 0.049691 0.049691 0.051306 0.002831 1.220223 1.220223 0.956868 2.159216 3.159668 2.152226 0.002831 0.002831 0.002831 0.002831 0.002831 0.002831 0.002831
0.002831 0.002831 0.002831 0.002831 0.002831 0.044656 0.044656 0.048407 0.049009 0.047152 0.049495 0.049495 0.049495 0.047152 0.049495 0.050890 0.046897 0.048370 0.050174 0.049009 0.049009 0.049445 0.002831 0.002831 0.048104 0.048370 0.049328 0.048407 0.047931 0.047931 0.002831 0.048401 0.050174 0.002831 0.045769 0.002831 0.048104 0.049691 0.050174 0.049345 0.050484 0.002831 0.002831 0.002831 0.002831 0.045731 0.049691 0.045731 0.002831 0.002831 0.956868 1.418436 0.956868 0.369916 2.159216 0.002831 0.002831 0.002831 0.002831 0.002831 0.002831 0.002831 0.002831
0.002831 0.002831 0.002831 0.002831 0.044656 0.002831 0.049691 0.049495 0.049009 0.049495 0.049495 0.049495 0.049495 0.049495 0.049495 0.049005 0.046897 0.049495 0.049495 0.049495 0.050174 0.050174 0.050174 0.002831 0.002831 0.045769 0.050174 0.048370 0.046954 0.049495 0.045769 0.048104 0.002831 0.002831 0.002831 0.002831 0.044656 0.049691 0.049691 0.002831 0.048113 0.002831 0.002831 0.002831 0.049691 0.049691 0.045731 0.002831 0.002831 0.002831 0.545893 1.220223 0.002831 0.002831 0.796373 0.002831 0.002831 0.002831 0.002831 0.002831 0.002831 0.002831 0.002831
0.002831 0.002831 0.002831 0.002831 0.044656 0.044656 0.049691 0.046954 0.049009 0.049495 0.049495 0.048370 0.046954 0.049495 0.049495 0.049005 0.049005 0.049495 0.049495 0.049495 0.050890 0.049445 0.049691 0.002831 0.002831 0.048003 0.002831 0.002831 0.048370 0.002831 0.049691 0.002831 0.002831 0.002831 0.002831 0.002831 0.002831 0.002831 0.002831 0.002831 0.048113 1.364391 0.648473 0.002831 0.045731 0.049691 0.046897 0.002831 0.002831 0.002831 0.610420 1.232063 1.471792 1.471792 0.945696 0.002831 0.002831 0.002831 0.002831 0.002831 0.002831 0.002831 0.002831
0.002831 0.002831 0.002831 0.044656 0.044656 0.044656 0.046954 0.046954 0.002831 0.002831 0.002831 0.050174 0.002831 0.002831 0.049495 0.002831 0.002831 0.002831 0.049495 0.002831 0.002831 0.049495 0.002831 0.002831 0.002831 0.002831 0.049005 0.002831 0.002831 0.002831 0.002831 0.002831 0.002831 0.047152 0.002831 0.002831 0.002831 0.002831 0.048962 0.002831 0.048104 0.002831 0.002831 0.002831 0.049691 0.045731 0.002831 0.002831 0.002831 0.002831 1.220223 1.153464 1.153464 0.945696 0.002831 0.002831 0.002831 0.002831 0.002831 0.002831 0.002831 0.002831 0.002831
0.002831 0.002831 0.044656 0.044656 0.044656 0.044656 0.046954 0.046954 0.049009 0.049691 0.002831 0.002831 0.048370 0.002831 0.002831 0.049691 0.049495 0.002831 0.002831 0.049691 0.002831 0.002831 0.002831 0.049691 0.049691 0.002831 0.049691 0.049005 0.049670 0.050174 0.049189 0.002831 0.002831 0.002831 0.002831 0.002831 0.002831 0.048104 0.048104 0.048104 0.049691 0.002831 0.002831 1.418436 0.956868 0.002831 0.002831 0.895573 0.369916 0.002831 0.945696 1.033031 1.716651 1.471792 0.002831 0.002831 0.002831 0.002831 0.002831 0.002831 0.002831 0.002831 0.002831
0.002831 0.002831 0.044656 0.047030 0.002831 0.002831 0.046954 0.046954 0.049691 0.049691 0.050174 0.048370 0.050174 0.048370 0.050174 0.049495 0.049691 0.049495 0.049495 0.048407 0.048407 0.049691 0.049691 0.002831 0.049691 0.045769 0.049691 0.046897 0.048370 0.050174 0.002831 0.002831 0.047152 0.002831 0.002831 0.002831 0.002831 0.044656 0.048104 0.049691 0.048113 0.002831 2.127818 2.097492 1.429385 2.097492 0.002831 0.796373 0.895573 0.956868 0.002831 0.945696 1.033031 1.153464 0.002831 0.002831 0.002831 0.002831 0.002831 0.002831 0.002831 0.002831 0.002831
0.002831 0.002831 0.044656 0.002831 0.002831 0.045769 0.049328 0.048407 0.049495 0.049691 0.050174 0.050174 0.049445 0.048370 0.049495 0.049495 0.049691 0.049691 0.049691 0.002831 0.049691 0.048407 0.049691 0.049691 0.049691 0.046954 0.049495 0.046897 0.048370 0.048370 0.002831 0.002831 0.002831 0.002831 0.048407 0.048104 0.048104 0.044656 0.002831 0.044656 0.049691 0.049691 0.049691 2.159216 1.657099 2.388930 0.050669 0.956868 0.049691 0.002831 0.002831 1.075422 1.153464 0.002831 0.002831 0.002831 0.002831 0.002831 0.002831 0.002831 0.002831 0.002831 0.002831
0.002831 0.002831 0.047030 0.002831 0.002831 0.048113 0.049328 0.049495 0.048407 0.048407 0.049009 0.050174 0.049495 0.049495 0.049009 0.047152 0.048407 0.049691 0.049495 0.002831 0.049691 0.049009 0.049691 0.049691 0.049691 0.048407 0.048746 0.049345 0.049495 0.049495 0.002831 0.046954 0.048407 0.002831 0.048104 0.048407 0.049670 0.048104 0.044656 0.047336 0.047290 0.049495 0.049345 0.872103 1.657099 0.050669 0.050669 0.049005 0.046897 0.002831 0.956868 1.471792 1.716651 0.002831 0.002831 0.002831 0.002831 0.002831 0.002831 0.002831 0.002831 0.002831 0.002831
