Big_Beef/DataInputs30m/o_10_ChemistryPools/1990_Mar2025/DON_Pool_2.asc
ncols 345
nrows 426
xllcorner 508536.40413180296
yllcorner 5265678.99790656
cellsize 30
nodata_value -9999
[rows 392 to 419 of 426, columns 252 to 314 of 345]
0.209255 0.199563 0.211586 0.211635 0.211635 0.211635 0.215228 0.198501 0.211586 0.211586 0.211586 0.211586 0.211586 0.211635 0.211635 0.211635 0.211635 0.211635 0.211635 0.211586 0.211635 0.211635 0.012005 0.211635 0.012005 0.012005 0.012005 0.012005 0.199260 0.207210 0.211586 0.211586 0.211586 0.012005 0.211586 0.211586 0.208593 0.211635 0.211586 0.211586 0.211635 0.199065 0.211349 0.206860 0.206241 0.214412 0.012005 0.195753 0.210794 0.210794 0.217491 0.211349 0.211349 0.208593 0.210794 0.210794 0.210794 0.210794 0.210794 0.210794 0.201865 0.199176 0.210794
0.199563 0.199563 0.199563 0.211337 0.211635 0.212038 0.206833 0.206833 0.211337 0.211337 0.211586 0.211586 0.211586 0.211586 0.211586 0.211635 0.199065 0.211635 0.211635 0.211586 0.211586 0.012005 0.012005 0.204809 0.211586 0.012005 0.012005 0.012005 0.012005 0.211586 0.210794 0.211586 0.211586 0.012005 0.012005 0.012005 0.012005 0.211586 0.211586 0.211586 0.207210 0.211635 0.207210 0.206860 0.214412 0.012005 0.208522 0.195753 0.210794 0.208593 0.208593 0.211349 0.210794 0.214412 0.210794 0.210794 0.210794 0.210794 0.210794 0.210794 0.208593 0.214412 0.214412
0.220974 0.199563 0.199563 0.199563 0.211337 0.199563 0.206833 0.202860 0.211337 0.211586 0.211337 0.211586 0.211586 0.211586 0.211586 0.199065 0.199065 0.211635 0.202860 0.201902 0.012005 0.012005 0.012005 0.211586 0.211586 0.201902 0.204809 0.211586 0.012005 0.012005 0.012005 0.012005 0.211586 0.211586 0.012005 0.012005 0.211586 0.211586 0.211586 0.207210 0.206860 0.206860 0.207921 0.206860 0.207210 0.220043 0.220043 0.210794 0.206241 0.210794 0.211349 0.211349 0.211349 0.210794 0.210794 0.210794 0.210794 0.210794 0.210794 0.210794 0.210794 0.210794 0.206241
0.211337 0.199563 0.199563 0.204960 0.199563 0.199563 0.199563 0.211586 0.211586 0.198026 0.211337 0.211586 0.199065 0.211586 0.211586 0.199065 0.199065 0.211635 0.211635 0.211586 0.201902 0.201902 0.012005 0.012005 0.012005 0.012005 0.211586 0.211586 0.012005 0.012005 0.012005 0.012005 0.012005 0.012005 0.012005 0.012005 0.211586 0.199260 0.207210 0.206860 0.207921 0.206860 0.206860 0.206860 0.211635 0.206200 0.220043 0.220043 0.206241 0.210794 0.210794 0.210794 0.210794 0.210794 0.214412 0.206241 0.210794 0.214412 0.210794 0.210794 0.206241 0.206241 0.206241
0.211337 0.199563 0.199563 0.199563 0.199563 0.199563 0.199563 0.199563 0.211586 0.211337 0.211586 0.200107 0.199065 0.211635 0.211635 0.199065 0.207921 0.211586 0.211586 0.211635 0.211635 0.211586 0.199260 0.012005 0.012005 0.012005 0.012005 0.199260 0.012005 0.012005 0.012005 0.012005 0.012005 0.012005 0.012005 0.012005 0.211586 0.207210 0.207210 0.210785 0.210785 0.207921 0.210785 0.207210 0.211635 0.211635 0.195753 0.208522 0.211349 0.210794 0.210794 0.210794 0.210794 0.210794 0.214412 0.214412 0.210794 0.210794 0.214412 0.206241 0.207210 0.206241 0.206241
0.211337 0.211337 0.199563 0.199563 0.199563 0.199563 0.199563 0.211337 0.211337 0.211337 0.204960 0.200107 0.200107 0.211337 0.198026 0.216112 0.198026 0.198026 0.211586 0.211586 0.211635 0.211586 0.211586 0.012005 0.012005 0.012005 0.012005 0.199260 0.012005 0.012005 0.012005 0.012005 0.012005 0.012005 0.012005 0.012005 0.211586 0.203236 0.198629 0.206860 0.207921 0.211349 0.211349 0.211349 0.204095 0.208522 0.208522 0.195753 0.211349 0.208593 0.201099 0.210794 0.214412 0.214412 0.214412 0.214412 0.214412 0.206241 0.214412 0.191940 0.191940 0.214412 0.214412
0.221675 0.211337 0.200107 0.199563 0.199563 0.199563 0.211337 0.211586 0.211337 0.211337 0.211337 0.200107 0.200107 0.198026 0.198026 0.216112 0.216112 0.198026 0.198026 0.211586 0.198026 0.211586 0.211586 0.012005 0.012005 0.012005 0.012005 0.212750 0.199065 0.012005 0.012005 0.012005 0.012005 0.012005 0.012005 0.012005 0.211586 0.199176 0.206860 0.206860 0.206860 0.211349 0.211349 0.211635 0.204095 0.204095 0.208522 0.210794 0.211349 0.210794 0.210794 0.210794 0.210794 0.214412 0.214412 0.206241 0.206241 0.206241 0.214412 0.206241 0.214412 0.207210 0.206241
0.203236 0.212750 0.207572 0.204960 0.199563 0.199563 0.211337 0.211337 0.211337 0.199563 0.199563 0.200107 0.211337 0.204960 0.200107 0.200107 0.211586 0.211635 0.211635 0.012005 0.012005 0.012005 0.012005 0.012005 0.012005 0.012005 0.012005 0.212750 0.207921 0.012005 0.012005 0.012005 0.012005 0.012005 0.012005 0.211586 0.203236 0.199176 0.206860 0.206860 0.206860 0.211349 0.211349 0.211635 0.214958 0.211635 0.208522 0.208522 0.210794 0.211349 0.214412 0.210794 0.206241 0.210794 0.214412 0.210794 0.206241 0.214412 0.214412 0.210794 0.214412 0.207210 0.206241
0.212038 0.211337 0.204960 0.199563 0.199563 0.211337 0.199563 0.204960 0.204960 0.204960 0.199563 0.199563 0.204960 0.200107 0.200107 0.199065 0.200107 0.211586 0.012005 0.012005 0.012005 0.012005 0.012005 0.012005 0.012005 0.012005 0.209198 0.210785 0.207921 0.012005 0.012005 0.012005 0.012005 0.012005 0.012005 0.207210 0.206860 0.206860 0.210785 0.206860 0.210785 0.206860 0.211635 0.211635 0.211635 0.211349 0.204457 0.195753 0.220043 0.214412 0.214412 0.214412 0.210794 0.210794 0.214412 0.210794 0.210794 0.206241 0.210794 0.214412 0.214412 0.214412 0.214412
0.208439 0.210346 0.206833 0.206833 0.204960 0.203236 0.207210 0.212038 0.204960 0.204960 0.204960 0.204960 0.204960 0.200107 0.204960 0.199065 0.200107 0.012005 0.012005 0.012005 0.012005 0.012005 0.012005 0.012005 0.012005 0.209198 0.199065 0.199065 0.199065 0.012005 0.012005 0.012005 0.012005 0.012005 0.191940 0.207921 0.207921 0.207921 0.206860 0.206860 0.210785 0.206860 0.211635 0.211635 0.211635 0.211349 0.209645 0.220043 0.220043 0.204457 0.214412 0.210794 0.210794 0.210794 0.210794 0.210794 0.211349 0.210794 0.210794 0.210794 0.210794 0.210794 0.214412
0.195371 0.220043 0.204960 0.206833 0.204960 0.207536 0.198493 0.195371 0.204960 0.204960 0.211337 0.211337 0.200107 0.200107 0.211337 0.211337 0.012005 0.012005 0.012005 0.012005 0.012005 0.012005 0.012005 0.012005 0.012005 0.209198 0.200107 0.211586 0.199260 0.207921 0.012005 0.211586 0.211635 0.199065 0.191940 0.206860 0.210785 0.206860 0.211635 0.211635 0.211349 0.211635 0.211635 0.211586 0.211635 0.206241 0.213719 0.199563 0.211349 0.199563 0.208522 0.210794 0.210794 0.210794 0.214412 0.210794 0.210794 0.210794 0.210794 0.210794 0.210794 0.210794 0.210794
0.195371 0.195371 0.195371 0.212038 0.204960 0.208439 0.208439 0.208439 0.212750 0.212038 0.204960 0.204960 0.204960 0.204960 0.211337 0.211337 0.212750 0.012005 0.012005 0.012005 0.012005 0.012005 0.012005 0.012005 0.204960 0.212750 0.212750 0.211586 0.211586 0.213719 0.211586 0.211586 0.211635 0.199065 0.199065 0.211586 0.211586 0.211635 0.211635 0.211635 0.211635 0.211635 0.211635 0.211635 0.211586 0.206241 0.215317 0.206241 0.213719 0.209645 0.210794 0.210794 0.210794 0.206241 0.204457 0.210794 0.210794 0.210794 0.210794 0.210794 0.210794 0.210794 0.201099
0.212038 0.212750 0.212750 0.211337 0.204960 0.211337 0.208439 0.212038 0.212038 0.195371 0.204960 0.209198 0.200107 0.204960 0.204960 0.012005 0.012005 0.012005 0.012005 0.012005 0.012005 0.012005 0.012005 0.012005 0.212038 0.212750 0.200107 0.197493 0.199065 0.199065 0.211586 0.211635 0.211349 0.199065 0.199065 0.213719 0.211635 0.211635 0.211635 0.211635 0.210794 0.211586 0.211586 0.211586 0.211349 0.206241 0.213729 0.199563 0.203236 0.189564 0.220043 0.210794 0.206241 0.204095 0.211349 0.208522 0.210794 0.210794 0.210794 0.210794 0.210794 0.210794 0.210794
0.212038 0.195253 0.211337 0.211337 0.204960 0.204960 0.204960 0.205047 0.212750 0.204960 0.204960 0.209198 0.200107 0.204960 0.012005 0.012005 0.012005 0.012005 0.012005 0.012005 0.012005 0.012005 0.200107 0.012005 0.012005 0.012005 0.200107 0.200107 0.200107 0.211586 0.211586 0.211586 0.211349 0.211635 0.211635 0.211349 0.211349 0.211635 0.211635 0.211635 0.208522 0.203236 0.205132 0.206860 0.210785 0.206860 0.213729 0.012005 0.012005 0.211909 0.220043 0.208522 0.214958 0.204095 0.204095 0.209030 0.206241 0.206241 0.210794 0.206241 5.376638 5.761062 3.983287
0.204960 0.204960 0.204960 0.204960 0.204960 0.204960 0.220043 0.201678 0.204960 0.195371 0.204960 0.204960 0.200107 0.204960 0.012005 0.012005 0.012005 0.012005 0.012005 0.012005 0.012005 0.012005 0.212750 0.211586 0.012005 0.012005 0.200107 0.200107 0.199065 0.211635 0.211586 0.211586 0.211586 0.211586 0.211586 0.199065 0.211349 0.206860 0.206860 0.211635 0.210794 0.207210 0.211349 0.206860 0.206860 0.206860 0.213729 0.012005 0.012005 0.189564 0.207939 0.207193 0.220043 0.204457 0.214958 0.206241 0.206241 0.220974 6.022139 5.376638 3.763056 3.671184 2.912057
0.201678 0.201678 0.213238 0.204960 0.204960 0.012005 0.207210 0.201678 0.206833 0.204960 0.204960 0.204960 0.204960 0.204960 0.204960 0.012005 0.012005 0.012005 0.012005 0.012005 0.012005 0.012005 0.215317 0.214958 0.012005 0.209030 0.209030 0.209030 0.209198 0.211586 0.211635 0.211586 0.199065 0.199065 0.199065 0.199065 0.206860 0.206860 0.206860 0.213719 0.214958 0.214958 0.210794 0.211349 0.206860 0.206860 0.213729 0.012005 0.012005 0.200891 0.189564 0.189564 0.211022 0.209198 0.204457 0.204457 0.211942 0.208472 0.209030 3.621305 3.692090 3.763056 0.209645
0.209339 0.209339 0.214344 0.204960 0.204960 0.204960 0.193479 0.204960 0.204960 0.204960 0.212750 0.208439 0.204960 0.204960 0.200107 0.012005 0.012005 0.012005 0.012005 0.012005 0.012005 0.012005 0.012005 0.012005 0.212750 0.209030 0.209030 0.211586 0.209198 0.211635 0.199260 0.199260 0.199260 0.193882 0.210785 0.206860 0.210785 0.206860 0.213719 0.214958 0.217806 0.214958 0.203236 0.206241 0.206241 0.213729 0.012005 0.012005 0.012005 0.189564 0.189564 0.189564 0.189564 0.012005 0.012005 0.012005 0.208593 0.211022 0.211022 0.217491 0.204095 0.198629 0.201902
0.213208 0.012005 0.209339 0.207572 0.193479 0.193479 0.201678 0.220043 0.195371 0.196104 0.204960 0.208439 0.195371 0.204960 0.200107 0.012005 0.012005 0.012005 0.012005 0.012005 0.012005 0.012005 0.012005 0.012005 0.209030 0.199065 0.199065 0.204960 0.199563 0.211586 0.199260 0.211586 0.209030 0.199065 0.210785 0.210785 0.206860 0.213719 0.213719 0.213719 0.204095 0.214958 0.211635 0.206241 0.206241 0.206241 0.012005 0.012005 0.012005 0.189564 0.012005 0.012005 0.189564 0.012005 0.012005 0.012005 0.203236 0.211349 0.211349 0.211635 0.211635 0.213729 0.211635
0.212230 0.212230 0.212230 0.201678 0.193479 0.193479 0.207210 0.220043 0.208439 0.207210 0.193479 0.012005 0.012005 0.204960 0.012005 0.012005 0.012005 0.012005 0.012005 0.012005 0.012005 0.012005 0.012005 0.209030 0.209030 0.200107 0.211586 0.211586 0.211586 0.209198 0.199260 0.211586 0.209030 0.199065 0.210785 0.210785 0.199065 0.213719 0.213719 0.213719 0.204095 0.208522 0.206241 0.206241 0.206241 0.206241 0.206241 0.012005 0.012005 0.012005 0.012005 0.012005 0.012005 0.012005 0.012005 0.189564 0.206241 0.211349 0.211635 0.211349 0.211349 0.213729 0.208593
0.212230 0.206115 0.206115 0.201678 0.207572 0.193479 0.012005 0.012005 0.012005 0.012005 0.012005 0.012005 0.012005 0.012005 0.012005 0.012005 0.012005 0.012005 0.012005 0.012005 0.012005 0.012005 0.209030 0.209030 0.209030 0.200107 0.209030 0.212750 0.212750 0.209030 0.200107 0.209030 0.209030 0.207921 0.207921 0.210785 0.206860 0.207921 0.199065 0.211349 0.206860 0.214958 0.213719 0.214958 0.214958 0.215168 0.012005 0.012005 0.012005 0.012005 0.012005 0.012005 0.012005 0.012005 0.012005 0.189564 0.217491 0.211349 0.211635 0.211635 0.211635 0.208593 0.208593
0.193479 0.193479 0.193479 0.201256 0.206833 0.195371 0.198493 0.012005 0.012005 0.012005 0.012005 0.012005 0.012005 0.012005 0.012005 0.012005 0.012005 0.012005 0.012005 0.012005 0.012005 0.012005 0.209030 0.209030 0.199065 0.209030 0.203236 0.208522 0.208522 0.199065 0.209030 0.209030 0.209030 0.210785 0.210785 0.206860 0.210785 0.199065 0.211349 0.213719 0.206860 0.214958 0.208522 0.214958 0.204095 0.211942 0.012005 0.012005 0.012005 0.012005 0.012005 0.012005 0.012005 0.012005 0.206241 0.206241 0.211349 0.211349 0.211349 0.195753 0.211349 0.211349 0.211349
0.201256 0.212038 0.212038 0.206833 0.206833 0.195371 0.207210 0.012005 0.012005 0.012005 0.012005 0.012005 0.012005 0.012005 0.012005 0.012005 0.012005 0.012005 0.012005 0.197493 0.012005 0.012005 0.012005 0.209030 0.209030 0.200107 0.209030 0.209030 0.209030 0.209030 0.209030 0.209030 0.209030 0.207921 0.210785 0.210785 0.210785 0.199065 0.206241 0.191940 0.206860 0.206860 0.204960 0.204960 0.211635 0.200972 0.012005 0.012005 0.012005 0.012005 0.012005 0.012005 0.012005 0.012005 0.211349 0.211349 0.211349 0.211349 0.211586 0.214301 0.208593 0.209843 0.209843
0.204960 0.220974 0.204960 0.207572 0.220043 0.012005 0.012005 0.012005 0.012005 0.012005 0.012005 0.012005 0.012005 0.012005 0.012005 0.012005 0.012005 0.012005 0.012005 0.197493 0.012005 0.012005 0.012005 0.209030 0.209030 0.209030 0.209030 0.209030 0.209030 0.209030 0.209030 0.207921 0.207921 0.207921 0.207921 0.191940 0.191940 0.211349 0.206241 0.206241 0.206860 0.206860 0.215168 0.204095 0.213464 0.199176 0.209198 0.012005 0.012005 0.012005 0.012005 0.012005 0.012005 0.189564 0.211349 0.211349 0.211635 0.211635 0.209843 0.209843 0.208593 0.209843 0.211635
0.204960 0.201256 0.209809 0.209809 0.201256 0.012005 0.012005 0.012005 0.012005 0.012005 0.012005 0.012005 0.012005 0.012005 0.012005 0.012005 0.012005 0.212750 0.209030 0.197493 0.012005 0.012005 0.012005 0.209030 0.197493 0.199065 0.209030 0.207921 0.209030 0.207921 0.210785 0.191940 0.210785 0.206860 0.206860 0.207921 0.191940 0.211349 0.199065 0.206241 0.206241 0.206860 0.214958 0.204095 0.199176 0.209030 0.203236 0.012005 0.012005 0.012005 0.012005 0.012005 0.189564 0.206241 0.217491 0.208593 0.211349 0.211635 0.211349 0.211349 0.208593 0.209843 0.211586
0.207572 0.207572 0.201256 0.201256 0.201256 0.012005 0.012005 0.012005 0.012005 0.012005 0.012005 0.012005 0.012005 0.012005 0.012005 0.012005 0.209030 0.201256 0.211337 0.197493 0.209030 0.012005 0.012005 0.207921 0.217265 0.217265 0.207921 0.191940 0.206860 0.210785 0.207921 0.207921 0.210785 0.206860 0.210785 0.209030 0.199065 0.206241 0.206241 0.206241 0.206241 0.214412 0.214958 0.211909 0.209030 0.012005 0.012005 0.012005 0.012005 0.012005 0.012005 0.012005 0.189564 0.206241 0.217491 0.217491 0.208593 0.211349 0.211349 0.208593 0.208593 0.208593 0.211586
0.207901 0.196935 0.207572 0.212750 0.212750 0.012005 0.012005 0.012005 0.012005 0.201256 0.012005 0.012005 0.012005 0.012005 0.012005 0.012005 0.193882 0.204980 0.204980 0.196935 0.212750 0.209030 0.209030 0.197493 0.209030 0.191940 0.207921 0.206860 0.210785 0.207921 0.207921 0.191940 0.207921 0.207921 0.210785 0.206860 0.199065 0.206241 0.198544 0.206860 0.206860 0.206241 0.214958 0.211942 0.206860 0.012005 0.012005 0.012005 0.012005 0.012005 0.012005 0.189564 0.189564 0.211349 0.213729 0.217491 0.217491 0.211349 0.211349 0.208593 0.211586 0.211586 0.211586
0.201256 0.207572 0.207572 0.212750 0.212750 0.201256 0.201256 0.012005 0.012005 0.201256 0.201256 0.201256 0.201256 0.012005 0.012005 0.193882 0.193882 0.193882 0.193882 0.199065 0.204960 0.212750 0.197493 0.210785 0.191940 0.206860 0.210785 0.210785 0.207921 0.207921 0.207921 0.206860 0.206860 0.206860 0.206860 0.206860 0.206860 0.206860 0.206860 0.206241 0.206241 0.214958 0.215168 0.211942 0.206860 0.012005 0.012005 0.012005 0.012005 0.012005 0.012005 0.189564 0.217491 0.211349 0.217491 0.211349 0.208593 0.208593 0.209843 0.202816 0.211586 0.211586 0.211586
0.207901 0.207901 0.201256 0.201256 0.211337 0.209030 0.197493 0.209030 0.197493 0.196935 0.211337 0.211337 0.217265 0.192962 0.193882 0.193882 0.209030 0.209030 0.209030 0.204960 0.204960 0.209030 0.207921 0.210785 0.191940 0.191940 0.206860 0.206860 0.207921 0.207921 0.207921 0.210785 0.206860 0.206860 0.206860 0.206860 0.206860 0.206860 0.206860 0.213729 0.208522 0.215168 0.211942 0.219109 0.012005 0.012005 0.012005 0.012005 0.012005 0.012005 0.189564 0.206241 0.211349 0.217491 0.217491 0.211349 0.211349 0.211349 0.211349 0.211586 0.211586 0.211586 0.211586
