Big_Beef/DataInputs30m/o_10_ChemistryPools/1990_Mar2025/DON_Pool_3.asc
ncols 345
nrows 426
xllcorner 508536.40413180296
yllcorner 5265678.99790656
cellsize 30
nodata_value -9999
[rows 28 to 55 of 426, columns 189 to 251 of 345]
0.002831 0.002831 0.002831 0.002831 0.002831 0.002831 0.002831 0.002831 0.002831 0.002831 0.002831 0.002831 0.002831 0.044656 0.044656 0.047030 0.002831 0.002831 0.002831 0.002831 0.002831 0.002831 0.895573 0.545893 1.220223 0.047290 0.002831 0.051306 0.044656 0.044656 0.049691 0.050174 0.048104 0.047926 0.049495 0.048407 0.049495 0.048407 0.049691 0.049691 0.048407 0.049691 0.048746 0.050669 2.388930 2.388930 0.945696 1.153464 1.153464 1.153464 0.045769 0.049445 0.002831 0.048104 0.048104 0.049691 0.049005 0.049495 0.002831 0.002831 0.047931 0.050174 0.049009
0.002831 0.002831 0.002831 0.002831 0.002831 0.002831 0.002831 0.002831 0.002831 0.002831 0.002831 0.002831 0.044656 0.002831 0.044656 0.049691 0.049691 0.002831 0.002831 0.044656 0.369916 0.545893 0.545893 0.002831 0.002831 3.159668 1.418436 0.044656 0.048515 0.044656 0.049691 0.047290 0.049691 0.047931 0.047152 0.047152 0.048407 0.047152 0.048407 0.002831 0.048104 0.049691 0.049691 0.049345 1.657099 2.388930 1.471792 1.471792 1.153464 1.657099 1.716651 0.049445 0.002831 0.048104 0.045769 0.048370 0.049691 0.049691 0.048104 0.048104 0.002831 0.049009 0.049691
0.002831 0.002831 0.002831 0.002831 0.002831 0.002831 0.002831 0.002831 0.002831 0.002831 0.044656 0.044656 0.002831 0.049414 0.048113 0.049495 0.002831 0.002831 0.002831 0.002831 0.044656 0.002831 0.002831 0.002831 0.545893 2.127818 0.048104 0.048962 0.046675 0.046675 0.047152 0.048104 0.047290 0.049413 0.046954 0.047654 0.048407 0.049495 0.050174 0.047290 0.050174 0.050174 0.049636 0.049345 0.050669 1.657099 1.153464 1.153464 1.789986 1.789986 1.716651 0.050890 0.002831 0.002831 0.045769 0.049691 0.049691 0.002831 0.049691 0.002831 0.002831 0.049009 0.050174
0.002831 0.002831 0.002831 0.002831 0.002831 0.002831 0.002831 0.002831 0.002831 0.002831 0.002831 0.002831 0.002831 0.002831 0.002831 0.002831 0.047290 0.049691 0.049691 0.048962 0.048962 0.002831 0.002831 0.687126 0.895573 0.002831 0.049691 0.044656 0.048962 0.046359 0.047152 0.049691 0.047290 0.047926 0.046954 0.047152 0.047152 0.049495 0.049636 0.047290 0.048104 0.050174 0.049691 0.049345 0.046212 0.050669 1.153464 0.894447 1.789986 1.789986 1.716651 0.046897 0.044656 0.002831 0.048104 0.048104 0.049005 0.047290 0.048104 0.002831 0.002831 0.049691 0.050174
0.002831 0.002831 0.002831 0.002831 0.002831 0.002831 0.002831 0.002831 0.002831 0.002831 0.002831 0.002831 0.002831 0.002831 0.002831 0.044656 0.045769 0.049495 0.049691 0.047290 0.049691 0.051306 0.002831 0.002831 0.002831 0.049414 0.049691 0.002831 0.002831 0.002831 0.048104 0.002831 0.048104 0.047926 0.046954 0.049495 0.049636 0.048746 0.047290 0.002831 0.050174 0.050174 0.050174 0.048746 0.049345 0.045731 1.657099 1.789986 1.789986 1.153464 0.051515 0.002831 0.047336 0.002831 0.002831 0.048104 0.049691 0.048104 0.044656 0.048104 0.049691 0.049691 0.049691
0.002831 0.002831 0.002831 0.002831 0.002831 0.002831 0.044656 0.002831 0.002831 0.044656 0.002831 0.002831 0.002831 0.002831 0.002831 0.047926 0.002831 0.049691 0.049691 0.047290 0.002831 0.002831 0.044656 0.002831 0.002831 0.048515 0.049691 0.002831 0.002831 0.048104 0.002831 0.002831 0.048739 0.045769 0.048104 0.048962 0.045769 0.049005 0.049005 0.049005 0.045769 0.050174 0.049345 0.049345 0.045731 0.046897 1.657099 0.945696 1.789986 1.153464 0.945696 1.418436 0.049691 0.002831 0.002831 0.047931 0.049691 0.002831 0.002831 0.049691 0.049691 0.049691 2.159216
0.002831 0.002831 0.002831 0.002831 0.002831 0.002831 0.002831 0.002831 0.044656 0.002831 0.002831 0.002831 0.002831 0.002831 0.002831 0.002831 0.045769 0.002831 0.002831 0.002831 0.049691 0.002831 0.002831 0.046438 0.002831 0.002831 0.002831 1.418436 0.002831 0.002831 0.049691 0.002831 0.002831 0.048104 0.048104 0.051225 0.049345 0.049005 0.049005 0.050669 0.049005 0.047165 0.048746 0.045731 0.045731 0.050669 0.050669 1.657099 1.657099 1.153464 2.388930 1.220223 0.002831 0.002831 0.048104 0.045769 0.049691 0.050174 0.049691 0.049691 0.050174 2.398157 3.110058
0.002831 0.002831 0.002831 0.002831 0.002831 0.044656 0.049691 0.049691 0.044656 0.002831 0.002831 0.044656 0.002831 0.002831 0.002831 0.044656 0.049691 0.049691 0.049691 0.049691 0.046954 0.049691 0.049691 0.049691 0.049691 0.049691 0.049691 1.403053 0.049636 0.050174 0.048407 0.048407 0.048746 0.049345 0.051306 0.049005 0.048407 0.051306 0.051306 0.050669 0.049005 0.050174 0.049345 0.051225 0.049345 0.050669 2.388930 1.789986 1.657099 1.676325 1.153464 1.153464 1.418436 0.002831 0.048104 0.049691 0.048746 0.046897 0.049495 0.049495 0.050174 2.159216 2.159216
0.002831 0.002831 0.002831 0.048407 0.048113 0.002831 0.049691 0.049691 0.002831 0.002831 0.369916 0.545893 0.002831 0.002831 0.002831 0.048962 0.044656 0.047030 0.049691 0.049005 0.049005 0.049691 0.048746 0.049691 0.050174 0.049691 0.049345 1.403053 2.152226 1.922528 0.050174 0.048746 0.049191 0.051306 0.047290 0.051225 0.051306 0.051306 0.051306 0.046212 0.049005 0.046897 0.049345 0.050669 0.049345 1.657099 2.388930 2.555204 2.388930 2.413892 1.471792 0.049005 0.046897 0.002831 0.002831 0.049691 0.048746 0.049636 0.049495 0.050174 0.050174 0.046897 2.388930
0.002831 0.044656 0.002831 0.047290 0.047290 0.048401 0.002831 0.002831 0.002831 0.044656 0.545893 0.369916 0.002831 0.044656 0.048962 0.044656 0.048962 0.049691 0.049005 0.048746 0.049424 0.049691 0.050174 0.050174 0.050174 0.048746 0.049005 0.049005 2.152226 0.049691 0.048407 0.048407 0.049191 0.051306 0.051306 0.051225 0.051306 0.051225 0.051306 0.049005 0.050669 0.046897 0.050174 0.049345 0.050669 2.388930 1.657099 1.657099 2.413892 1.716651 2.159216 0.046897 0.046897 0.002831 0.045769 0.002831 0.048746 0.049495 0.049495 0.049495 0.046897 0.049345 2.388930
0.044656 0.044656 0.047290 0.046954 0.045882 0.046954 0.002831 1.418436 1.418436 0.369916 0.044656 0.002831 0.687126 0.369916 0.048962 0.048962 2.510238 0.049691 0.049005 0.049005 0.050174 0.050174 0.049495 0.049495 0.050174 0.050174 0.050174 0.049005 0.049005 0.049005 0.049636 0.050174 0.049691 0.051306 0.047548 0.050484 0.051225 0.047165 0.051225 0.050669 0.050669 0.050669 0.049636 0.049345 0.050174 0.050669 2.388930 1.657099 1.676325 1.716651 1.716651 0.049445 0.046897 0.049691 0.049691 0.002831 0.049495 0.048746 0.049495 0.048370 0.046966 0.049005 1.403053
0.002831 0.002831 0.046954 0.046954 0.047152 0.047290 0.002831 0.956868 0.796373 0.002831 0.002831 0.044656 0.369916 0.687126 0.687126 0.599914 0.599558 1.418436 2.152226 0.049345 0.050174 0.050484 0.049636 0.049495 0.050174 0.050174 1.666545 2.152226 0.049005 0.049636 0.048746 0.049636 0.049345 0.049345 0.047290 0.050484 0.050484 0.049345 0.049005 0.050669 0.050669 2.152226 1.922528 0.049328 0.045731 0.046897 1.657099 1.657099 0.872103 2.555204 0.050890 0.049445 0.049005 0.045769 0.049495 0.002831 0.049691 0.044656 0.044656 0.049005 0.049005 0.049005 0.050669
0.002831 0.002831 0.048401 0.002831 0.002831 0.002831 0.002831 1.220223 0.796373 0.002831 0.002831 0.002831 0.895573 0.687126 0.048962 0.048962 0.895573 1.418436 0.049345 0.049691 0.049691 0.049691 0.049636 0.049495 2.398157 1.471792 2.152226 0.049345 0.049005 0.050484 0.049636 0.048746 0.048407 0.048407 0.051306 0.051306 0.048003 0.050890 0.049005 0.046897 2.388930 2.388930 0.049328 0.048579 0.050174 0.046897 0.048255 1.657099 0.049345 1.314453 0.048255 0.049005 0.048003 0.002831 0.049495 0.049691 0.002831 0.002831 0.369916 0.044656 0.049005 0.049005 0.049005
0.002831 0.048515 0.046954 0.002831 0.002831 0.047152 0.729357 0.956868 0.956868 0.002831 0.687126 0.895573 0.369916 0.044656 0.048962 0.048962 0.545893 2.011376 2.152226 0.049424 0.049424 0.049691 0.049636 0.049636 1.471792 2.388930 1.471792 1.657099 1.657099 0.050669 0.049005 0.049691 0.049191 0.051306 0.051225 0.051306 0.049345 0.049691 0.049691 1.471792 1.403053 2.388930 0.050669 0.050174 0.050174 0.046897 2.413892 1.676325 0.050669 1.403053 0.046897 0.049691 0.048104 0.044656 0.049691 0.002831 0.002831 0.002831 0.002831 0.369916 1.153464 0.050890 0.049495
0.369916 0.002831 0.002831 0.002831 2.110711 3.359737 1.341765 0.049691 0.045769 1.418436 0.729357 0.895573 0.895573 0.895573 0.048962 0.044656 0.545893 1.811257 2.152226 0.049005 0.049636 0.049636 0.049636 0.048370 0.049005 2.388930 0.049005 0.048746 0.050669 0.048746 0.049636 0.047165 0.049191 0.051306 0.051306 0.051306 0.051306 0.049691 0.049691 0.049005 2.388930 2.388930 0.050174 0.050174 0.046897 0.050669 0.048255 0.048255 2.388930 3.159668 0.046897 0.049445 0.049691 0.048113 0.002831 0.002831 0.002831 0.002831 0.002831 0.545893 0.845326 0.945696 0.648473
0.002831 0.002831 0.002831 0.048407 0.046954 1.980453 0.050174 0.049691 0.048113 0.049691 0.956868 0.044656 0.044656 0.369916 0.048962 0.002831 0.545893 0.945696 0.049005 0.049005 0.049005 2.152226 0.049005 2.152226 2.152226 1.657099 1.471792 1.657099 0.049005 0.049495 0.049495 0.050174 0.049191 0.051306 0.051225 0.051306 0.051225 0.049691 0.049691 0.049005 0.049442 0.048407 0.049495 0.050174 0.046897 0.050669 1.657099 0.824393 1.270388 1.471792 2.152226 0.049005 0.002831 0.048113 0.044656 0.002831 0.002831 0.002831 0.002831 0.002831 1.232063 1.922528 1.403053
0.002831 0.002831 0.048407 0.048407 0.048407 0.049740 0.049740 0.048407 0.045769 0.049691 0.048407 0.049691 0.048962 0.369916 0.002831 0.048962 0.895573 1.220223 2.152226 2.152226 2.152226 1.403053 0.049005 0.049005 0.050669 2.152226 0.050669 0.049005 0.049636 0.048407 0.048746 0.046212 0.046212 0.049005 0.051306 0.051306 1.403053 0.852089 0.047165 0.047902 0.051225 0.051306 0.049691 0.050174 0.046897 1.657099 2.388930 1.270388 1.270388 1.716651 0.049005 2.152226 1.459866 0.002831 0.044656 0.002831 0.002831 0.002831 0.002831 0.002831 0.046675 1.471792 1.262908
0.002831 0.049445 0.045882 0.049009 0.048407 0.048407 0.045769 0.046954 0.048407 0.048407 0.045769 0.049691 0.048104 0.044656 0.895573 0.048962 0.044656 2.152226 1.471792 2.152226 2.152226 2.152226 0.050484 0.049636 0.049005 2.152226 0.049005 0.049345 0.048746 0.049636 0.048746 0.050137 0.051306 0.049495 0.051306 0.671372 0.049345 0.852089 0.051225 0.051306 0.048407 0.051225 0.050174 0.049009 0.050669 1.657099 0.050669 0.872103 2.555204 1.716651 2.388930 1.811257 1.811257 0.002831 0.044656 0.002831 0.002831 0.002831 0.002831 0.044656 0.046675 2.152226 2.152226
0.002831 0.046897 0.049445 0.049009 0.049009 0.047152 0.049691 0.048113 0.048407 0.049328 0.049691 0.049691 0.048962 0.044656 0.044656 0.049691 2.152226 2.388930 1.657099 2.388930 2.152226 0.048746 0.048746 0.048746 0.049636 0.049636 0.049345 0.049345 0.048407 0.047165 0.049636 0.047165 0.049345 0.049191 0.049005 0.051225 0.051306 0.049005 0.046823 0.049345 0.051306 0.049691 0.050174 0.050174 2.388930 0.050669 0.050669 0.872103 0.894447 0.050890 0.002831 0.002831 0.002831 0.002831 0.044656 0.002831 0.002831 0.002831 0.051515 0.044656 0.048557 1.471792 2.152226
0.048407 0.046897 0.048370 0.049009 0.049009 0.050174 0.049691 0.047931 0.632053 0.048407 0.048407 0.048407 0.049691 0.051306 0.049691 0.049691 0.049691 1.471792 0.905615 1.657099 0.049005 0.049636 0.048746 0.049636 0.049495 0.049636 0.049345 0.049005 0.049005 0.945696 1.098874 0.049636 0.048746 0.049345 0.049328 0.049005 0.051306 0.049424 0.049691 0.051306 0.051306 0.049005 0.049005 2.159216 1.657099 0.050890 0.824393 1.270388 0.046342 0.048255 0.049005 0.002831 0.002831 0.002831 0.002831 0.002831 0.002831 0.002831 0.002831 0.002831 0.045769 1.471792 0.049636
0.049691 0.046897 0.048370 0.048370 0.049009 0.050484 0.049009 0.048407 0.047030 0.997487 1.395108 0.047165 0.049345 0.048370 0.050174 1.827400 1.471792 1.657099 2.388930 0.050669 2.388930 2.152226 2.152226 0.049495 0.049495 0.048746 1.471792 2.388930 1.864737 1.864737 1.471792 0.050979 0.049636 0.049636 0.049345 0.049636 0.050174 0.049005 0.050174 0.050137 0.049345 0.049005 2.388930 0.049005 1.657099 1.657099 1.657099 1.789986 1.341765 2.388930 0.050669 0.047290 0.002831 0.002831 0.002831 0.002831 0.002831 0.002831 0.044656 0.045769 0.045769 0.050868 0.045769
0.047920 0.047920 0.049495 0.049495 0.050174 0.050484 0.049691 0.049424 0.048370 0.048746 0.945696 1.033031 1.471792 1.471792 1.471792 1.471792 1.657099 1.657099 2.152226 0.050669 0.049005 2.152226 0.049005 0.048370 0.049495 0.049345 2.388930 2.555204 2.388930 1.789986 2.388930 2.388930 0.046212 0.046212 0.049005 0.046212 0.050669 0.049345 0.046212 0.046897 0.046212 0.050669 0.050669 0.048255 0.050669 0.046212 0.872103 1.298522 0.050669 2.388930 0.050669 0.047290 0.002831 0.002831 0.002831 0.002831 0.002831 0.044656 0.044656 0.047931 2.193439 0.002831 0.049691
0.047920 0.049495 0.047152 0.049009 0.049009 0.050484 0.049345 1.471792 1.298522 0.049005 1.471792 0.049005 0.049005 1.657099 1.471792 1.471792 0.956868 2.152226 1.657099 0.049005 0.049005 0.049005 0.049636 0.049636 0.049636 1.336606 1.191737 1.191737 1.230760 2.388930 0.050669 0.046212 1.657099 0.051225 0.051225 0.824393 2.388930 0.049345 0.050174 0.050174 0.046897 0.045731 0.050669 0.048255 0.050669 0.050669 0.050669 1.716651 0.050890 0.049005 0.002831 0.049345 0.002831 0.002831 0.002831 0.002831 0.002831 0.002831 0.002831 0.002831 0.045769 0.046954 0.049495
0.047920 0.048407 0.046954 0.049495 0.050174 0.049495 2.152226 1.471792 1.471792 0.945696 1.471792 1.471792 1.657099 1.657099 0.002831 1.220223 2.152226 2.152226 0.049005 2.152226 2.152226 2.152226 0.049005 2.152226 0.049005 0.050669 1.191737 0.905615 0.824393 2.388930 2.388930 0.046212 0.048809 0.046212 0.046212 0.824393 1.270388 0.049636 0.049009 0.050174 0.047920 0.048579 0.045731 0.046897 0.045731 0.049005 2.152226 0.050669 0.046897 0.046897 0.049691 2.127818 0.044656 0.048104 0.002831 0.002831 0.002831 0.002831 0.044656 0.046954 0.046954 0.046954 0.049495
0.047152 0.048407 0.049495 0.048370 0.050174 1.075422 1.657099 1.471792 1.471792 1.471792 0.051515 0.050669 0.050669 1.657099 2.388930 1.541379 1.471792 1.471792 1.471792 1.471792 2.152226 2.388930 0.050669 2.152226 0.050669 0.048474 0.048474 0.049005 1.336606 1.845945 1.247459 0.050669 0.046212 0.048474 0.872103 0.872103 1.270388 0.048255 0.049009 0.047920 0.047165 0.050174 0.046897 0.046897 0.046897 0.049005 0.050890 0.049005 0.046897 1.471792 1.220223 0.945696 0.729357 0.002831 0.002831 0.002831 0.044656 0.044656 0.044656 0.044656 0.046954 0.047152 0.049495
0.046954 0.047152 0.049495 0.049636 0.049345 1.657099 1.471792 1.114010 1.471792 1.471792 0.051515 1.033031 0.050669 0.048474 1.403053 1.471792 1.471792 0.905615 1.657099 2.388930 2.152226 2.152226 1.230760 0.046212 0.654057 1.403053 0.049005 0.049005 0.049636 1.403053 1.230760 0.050669 0.049328 0.049328 1.270388 1.657099 1.191737 2.413892 0.050174 0.049009 0.050174 0.050174 1.471792 0.049636 0.049005 0.046897 0.046897 0.046897 0.046897 0.048746 2.152226 0.002831 0.002831 0.044656 0.048104 0.002831 0.002831 0.044656 0.044656 0.045769 0.049495 0.047152 1.232063
0.046954 0.046954 0.049495 0.049005 0.050669 1.471792 1.657099 1.656315 0.050669 0.050669 0.048809 1.657099 0.050669 0.049005 1.471792 2.555204 1.341765 2.388930 1.657099 1.471792 2.152226 2.388930 0.050669 0.051306 0.051225 0.049442 0.049328 0.049005 0.049005 0.049005 0.046212 1.230760 0.049328 0.049328 0.048474 0.824393 1.541379 1.429385 0.048579 0.048579 0.048579 0.048302 1.716651 0.046954 0.049495 0.049005 0.048370 0.049495 0.049495 0.049495 0.002831 0.002831 0.002831 0.048557 0.048104 0.002831 0.002831 0.002831 0.048557 0.045769 0.049424 0.050484 0.046897
0.049495 0.049495 0.048370 0.050669 0.050669 1.657099 1.657099 0.049328 0.048809 0.049191 1.341765 1.114010 0.049005 0.049005 0.933682 1.605166 2.152226 2.388930 2.152226 1.471792 1.471792 0.671372 1.403053 0.051306 0.051306 0.049328 0.049345 0.049005 0.049005 1.403053 0.046212 0.046212 0.050669 0.051225 0.049052 0.046212 1.230760 0.046212 1.657099 1.657099 0.050669 2.388930 0.050890 0.048370 0.049005 1.471792 0.049005 0.046897 0.048370 1.811257 0.002831 0.002831 0.002831 0.002831 0.045769 0.002831 0.002831 0.002831 0.045769 0.048003 0.049005 0.049005 0.049636
