Big_Beef/DataInputs30m/o_10_ChemistryPools/1990_Mar2025/DON_Pool_1.asc
ncols 345
nrows 426
xllcorner 508536.40413180296
yllcorner 5265678.99790656
cellsize 30
nodata_value -9999
[rows 364 to 391 of 426, columns 189 to 251 of 345]
0.806936 0.827702 0.827702 0.842486 0.844109 0.827702 0.827702 0.827702 0.843701 0.844934 0.794606 0.794606 1.782467 1.680747 5.322974 0.834232 0.808803 0.834035 0.815272 0.815272 0.815272 0.815272 0.853639 0.821564 0.050344 0.050344 0.050344 0.050344 0.859885 0.862941 0.859885 0.806936 0.862941 0.878359 2.602190 0.839804 0.810731 0.838793 19.483102 3.707458 3.489235 2.952763 3.489235 2.856026 0.797146 0.835903 0.861654 0.861654 0.854703 0.869605 0.050344 0.050344 0.050344 0.050344 0.050344 0.050344 0.050344 0.050344 0.856279 0.806947 0.050344 0.050344 0.050344
0.848951 0.848951 0.848951 0.843701 0.843701 0.864791 0.864791 0.829654 0.845013 0.838793 0.794606 0.862472 0.889382 0.893589 0.893589 0.893589 0.872950 0.872950 0.852102 0.815272 0.872950 0.872950 0.050344 0.829654 0.050344 0.050344 0.050344 0.050344 0.806936 0.859885 0.862941 0.862941 0.862941 0.862941 0.844994 0.825572 0.839804 0.848078 0.859885 0.847046 0.845013 0.883042 3.457805 2.856026 0.797146 0.854703 0.859885 0.859885 0.854726 0.854703 0.050344 0.050344 0.050344 0.050344 0.050344 0.050344 0.050344 0.050344 0.050344 0.050344 0.050344 0.050344 0.050344
0.848951 0.848951 0.877993 0.848951 0.827702 0.864791 0.864791 0.827702 0.844934 0.864088 0.885619 0.794606 0.862472 1.680747 0.839804 0.813850 0.844109 0.849355 0.050344 0.872950 0.815272 0.050344 0.050344 0.050344 0.050344 0.050344 0.050344 0.050344 0.050344 0.050344 0.862941 0.869605 0.862941 0.862941 0.838933 0.834232 0.853639 0.848078 0.847046 0.847046 0.847046 0.885498 0.893589 3.457805 22.550153 0.844810 0.824250 0.825572 0.860667 0.849655 0.050344 0.050344 0.050344 0.050344 0.050344 0.050344 0.050344 0.050344 0.050344 0.050344 0.050344 0.050344 0.050344
0.877993 0.848951 0.827702 0.827702 0.827702 0.827702 0.843701 0.827702 0.829654 0.842486 0.838793 0.794606 0.794606 0.863473 0.834232 0.863473 0.829654 0.821564 0.050344 0.815272 0.830232 0.815272 0.050344 0.050344 0.050344 0.050344 0.050344 0.050344 0.050344 0.050344 0.050344 0.878359 0.878359 0.863040 0.835903 0.824250 0.845013 0.824250 0.829194 0.859885 0.797146 0.797146 0.885498 2.952763 2.952763 3.489235 0.050344 0.050344 0.050344 0.050344 0.854703 0.859885 0.050344 0.050344 0.050344 0.050344 0.050344 0.050344 0.050344 0.050344 0.050344 0.050344 0.050344
0.806947 0.806936 0.842486 0.866473 0.827702 0.827702 0.811078 0.806936 0.843701 0.842486 0.832893 0.794606 0.794606 0.863473 0.863473 0.844109 0.829654 0.806936 0.050344 0.050344 0.050344 0.830232 0.806936 0.050344 0.050344 0.050344 0.050344 0.050344 0.050344 0.050344 0.050344 0.050344 0.050344 0.869605 0.847046 0.854703 0.848951 0.824250 0.859885 0.859885 0.861654 0.797146 0.885498 0.883042 0.869605 0.050344 0.050344 0.050344 0.050344 0.050344 0.844994 0.862941 0.050344 0.050344 0.050344 0.050344 0.050344 0.050344 0.050344 0.050344 0.050344 0.050344 0.050344
0.806947 0.835903 0.842486 0.835903 0.835903 0.835903 0.806936 0.806936 0.843701 0.842486 0.827702 0.842486 0.842486 0.844994 0.842486 0.844109 0.827702 0.827702 0.827702 0.806936 0.050344 0.050344 0.050344 0.050344 0.050344 0.050344 0.050344 0.050344 0.050344 0.050344 0.050344 0.050344 0.050344 0.050344 0.847046 0.853639 0.853639 0.825572 0.854703 0.856279 0.854703 0.797146 0.869605 0.883042 0.883042 0.050344 0.050344 0.050344 0.050344 0.050344 0.050344 0.869605 0.050344 0.050344 0.050344 0.050344 0.050344 0.050344 0.050344 0.050344 0.050344 0.050344 0.050344
0.806936 0.835903 0.842486 0.842486 0.801141 0.801141 0.835100 0.866473 0.842486 0.842486 0.863078 0.844994 0.863078 0.811078 0.811078 0.795661 0.842486 0.848951 0.806936 0.806936 0.806936 0.050344 0.050344 0.050344 0.050344 0.050344 0.050344 0.050344 0.050344 0.050344 0.050344 0.050344 0.050344 0.869605 0.839804 0.869605 0.869605 0.869605 0.844994 0.869605 0.862941 0.844994 0.050344 0.854703 0.853639 0.050344 0.050344 0.050344 0.050344 0.050344 0.050344 0.050344 14.359324 0.883042 13.101117 19.936081 0.050344 15.354918 19.936081 0.050344 0.050344 0.835903 0.050344
0.806947 0.801141 0.842486 0.842486 0.838793 0.862941 0.801141 0.842486 0.842486 0.842486 0.838793 0.842486 0.801141 0.811078 0.866473 0.863040 0.801141 0.844994 0.844994 0.844994 0.050344 0.050344 0.050344 0.050344 0.050344 0.050344 0.050344 0.050344 0.050344 0.050344 0.050344 0.050344 0.050344 0.878359 0.845013 0.810731 0.862941 0.862941 0.844994 0.839804 0.050344 0.050344 0.050344 0.050344 0.885498 0.861654 0.838979 0.050344 0.860667 16.174797 2.954461 0.050344 0.050344 15.354918 2.952763 15.354918 13.101117 13.101117 13.101117 0.825572 0.847046 0.862941 0.859885
0.835903 0.835903 0.806947 0.801141 0.841640 0.839931 0.835903 0.869081 0.842486 0.842486 0.842486 0.857500 0.806947 0.801141 0.844109 0.825767 0.806936 0.842486 0.831651 0.842486 0.050344 0.050344 0.050344 0.050344 0.050344 0.050344 0.050344 0.050344 0.050344 0.050344 0.050344 0.050344 0.050344 0.050344 0.050344 0.844994 0.854703 0.839931 0.845013 0.848951 0.050344 0.050344 0.050344 0.050344 0.854703 0.885498 0.839931 0.853639 0.835903 0.848078 15.098917 0.050344 0.050344 0.050344 0.050344 2.952763 2.952763 3.489235 2.952763 19.936081 0.825572 0.844994 0.869605
0.842486 0.839931 0.839931 0.811078 0.806936 0.842486 0.838793 0.842486 0.816225 0.835903 0.839931 0.835903 0.835903 0.806936 0.842486 0.842486 0.801141 0.050344 0.050344 0.050344 0.050344 0.050344 0.050344 0.050344 0.050344 0.050344 0.050344 0.050344 0.050344 0.050344 0.050344 0.050344 0.050344 0.050344 0.825572 0.883042 0.854703 0.825572 0.883042 0.883042 0.050344 0.050344 0.050344 0.050344 0.050344 0.885498 0.835903 0.863078 0.859885 0.848078 21.341048 2.508878 0.050344 0.050344 0.050344 0.050344 2.952763 2.952763 0.050344 0.825572 14.359324 0.825572 15.354918
0.866473 0.839931 0.842486 0.835903 0.866473 0.795661 0.842486 0.835903 0.835903 0.835903 0.866473 0.835903 0.835903 0.835903 0.842486 0.866473 0.842486 0.866473 0.863078 0.050344 0.050344 0.050344 0.050344 0.050344 0.050344 0.050344 0.050344 0.050344 0.050344 0.050344 0.050344 0.050344 0.050344 0.878359 0.878359 3.247915 2.185806 13.101117 0.050344 0.050344 0.050344 0.050344 0.050344 0.050344 0.050344 0.885498 0.859885 0.797146 0.859885 0.859885 0.855417 0.853639 0.853639 3.457805 2.374454 0.050344 0.050344 9.518198 0.050344 0.050344 0.853639 0.885498 0.825572
0.806947 0.806936 0.835903 0.835903 0.866473 0.801141 0.801141 0.806947 0.801141 0.835903 0.835903 0.842486 24.355621 0.811078 0.835100 0.868415 0.791424 0.844994 0.866473 0.842486 0.050344 0.050344 0.050344 0.050344 0.050344 0.050344 0.050344 0.050344 0.862941 0.050344 0.050344 3.635377 19.936081 0.847046 3.489235 2.952763 2.889745 0.050344 0.050344 0.050344 0.050344 0.050344 0.050344 0.050344 0.050344 0.859885 0.854703 0.859885 0.859885 0.822464 0.822464 0.838933 0.839804 2.775836 3.457805 15.201429 0.050344 0.050344 0.835903 0.853639 0.050344 0.861799 0.885498
0.835903 0.806936 0.806947 0.835903 0.806936 0.806936 0.806936 0.801141 0.866473 0.857500 0.842486 0.842486 25.235722 20.938690 0.835100 0.835100 0.811078 0.835100 0.878359 0.050344 0.050344 0.050344 0.050344 0.050344 0.050344 0.050344 0.050344 0.050344 0.878359 0.869605 15.354918 2.602190 2.952763 0.825572 2.952763 9.518198 2.954461 0.050344 0.050344 0.050344 0.050344 0.050344 0.050344 0.050344 0.050344 0.859885 0.859885 0.859885 0.859885 0.859885 0.859885 0.873722 0.845013 0.839804 2.952763 0.883042 0.050344 0.050344 0.859885 0.835903 0.849285 0.797146 21.341048
0.801141 0.861654 0.866473 0.841255 0.830322 0.830322 0.845949 0.847046 0.835903 0.835903 0.854179 0.835903 26.639304 16.064528 0.844994 0.841255 0.845949 0.848582 0.835100 0.050344 0.050344 0.050344 0.050344 0.050344 0.050344 0.050344 0.050344 0.050344 0.050344 0.878359 0.883042 0.883042 2.952763 0.838933 4.581743 0.050344 0.050344 0.050344 0.050344 0.050344 0.050344 0.050344 0.050344 0.050344 14.359324 17.277936 0.822464 0.854703 0.859885 0.829654 0.829654 0.842410 0.859885 0.859885 0.859885 0.859885 0.859885 0.050344 0.859885 0.859885 0.859885 15.201429 27.090271
0.861654 0.861654 0.856279 0.845949 0.862941 0.856279 0.866473 0.866473 0.847046 0.866473 0.835903 0.835903 12.935319 0.825249 0.858294 0.878359 0.846950 0.866473 0.835100 0.845949 0.050344 0.050344 0.050344 0.050344 0.050344 0.050344 0.050344 0.050344 0.050344 0.850139 0.825572 0.844994 0.869605 0.863036 0.050344 0.050344 0.050344 0.050344 0.050344 0.050344 0.050344 0.050344 0.050344 0.050344 0.838933 13.101117 19.936081 0.844810 0.797146 0.797146 0.797146 0.859885 0.859885 0.859885 0.797146 0.829654 0.859885 0.859885 0.859885 0.854703 0.797146 14.893339 18.681273
0.861654 0.862941 0.862941 0.835903 0.862941 0.801141 0.824250 0.849707 0.847046 0.856279 0.835903 0.841255 0.835903 0.841255 0.878359 0.878359 2.602190 0.830322 0.844994 0.835903 0.050344 0.050344 0.050344 0.050344 0.050344 0.050344 0.050344 0.862941 0.862941 0.825572 0.825572 0.825572 0.838933 0.050344 0.050344 0.050344 0.050344 0.050344 0.050344 0.050344 0.050344 0.050344 0.050344 0.050344 0.859885 0.838933 14.359324 0.797146 0.859885 0.797146 0.859885 0.862941 0.797146 0.797146 0.797146 0.797146 0.829654 0.859885 0.835903 0.835903 0.863078 0.859885 19.936081
0.806936 0.861654 0.861654 0.861654 0.861654 0.862941 0.854703 0.869605 0.861654 0.861654 0.866473 0.847046 0.862941 0.835903 0.841255 0.878359 5.572490 0.878359 0.847046 0.050344 0.050344 0.050344 0.050344 0.050344 0.050344 0.050344 0.050344 0.844994 0.883042 0.825572 0.853639 0.050344 0.050344 0.050344 0.050344 0.050344 0.050344 0.050344 0.050344 0.050344 0.050344 0.050344 0.050344 0.050344 0.854703 0.869605 0.825572 0.859885 0.859885 0.835903 0.862941 0.847046 0.797146 0.859885 0.797146 0.885498 0.797146 0.861799 0.853639 0.849285 0.863078 0.859885 0.825572
0.861654 0.861654 0.861654 0.861654 0.861654 0.862941 0.862941 0.854179 0.862941 0.862941 0.862941 0.866473 0.847046 0.844994 0.862941 0.878359 4.697498 0.847046 0.847046 0.050344 0.050344 0.050344 0.050344 0.050344 0.050344 0.852102 0.841255 0.869605 0.050344 0.050344 0.050344 0.050344 0.050344 0.050344 0.050344 0.050344 0.050344 0.050344 0.050344 0.050344 0.050344 0.050344 0.050344 0.847046 0.883042 3.247915 0.847046 0.859885 0.869605 0.844994 0.844994 0.050344 0.797146 0.844994 0.847046 0.853639 0.050344 0.050344 0.050344 0.839738 0.861799 0.854703 0.839804
0.861654 0.861654 0.861654 0.861654 0.861654 0.854703 0.862941 0.862941 0.862941 0.847046 0.844994 0.847046 0.829654 0.825572 0.829654 4.697498 3.247915 0.862941 0.050344 0.050344 0.050344 0.050344 0.050344 0.050344 0.869605 0.838933 0.893589 0.050344 0.050344 0.050344 0.050344 0.050344 0.050344 0.050344 0.050344 0.050344 0.050344 0.050344 0.050344 0.050344 0.050344 0.050344 0.050344 2.952763 0.883042 2.952763 0.825572 0.825572 0.883042 0.050344 0.050344 0.050344 5.802001 0.853639 0.885498 0.050344 0.050344 0.050344 0.050344 0.853639 0.797146 0.873722 13.101117
0.859885 0.859885 0.847046 0.859885 0.861654 0.862941 0.862941 0.862941 0.844994 0.860126 0.883042 0.883042 0.883042 0.883042 2.952763 3.489235 0.825572 0.883042 0.050344 0.050344 0.825572 0.825572 0.883042 0.825572 0.825572 0.893589 0.050344 0.050344 0.050344 0.050344 0.050344 0.050344 0.050344 0.050344 0.050344 0.050344 0.050344 0.050344 3.457805 3.457805 3.457805 3.457805 3.457805 3.457805 3.457805 13.101117 0.883042 2.775836 0.050344 3.457805 3.457805 2.952763 3.983230 0.050344 0.050344 0.050344 0.849285 0.853639 0.853639 0.885498 5.428411 2.952763 2.775836
0.873722 4.697498 0.847046 0.859885 0.859885 0.883042 0.883042 0.847046 0.883042 3.352026 10.371633 3.352026 2.374454 0.815272 8.409530 15.354918 0.854703 0.050344 0.883042 0.847046 0.883042 0.883042 0.825572 0.861654 0.050344 0.050344 0.050344 0.050344 0.050344 0.050344 0.050344 0.050344 0.050344 0.050344 0.050344 22.550153 2.775836 2.433462 2.433462 10.675237 2.433462 2.952763 2.433462 3.457805 3.457805 2.952763 2.952763 2.952763 2.952763 2.952763 2.952763 15.201429 13.101117 27.090271 0.853639 0.822464 0.860667 0.859885 0.885498 0.817416 0.817416 0.839804 0.859885
0.859885 0.893589 2.952763 3.457805 0.831326 0.893589 0.893589 0.883042 0.883042 2.374454 0.050344 0.050344 0.050344 0.050344 0.050344 0.050344 0.050344 0.050344 0.050344 0.050344 0.863473 0.050344 0.050344 0.050344 0.050344 0.050344 0.050344 0.050344 0.050344 0.050344 0.050344 13.387069 15.201429 0.839804 12.442264 2.815773 2.185806 2.433462 2.775836 9.289216 2.952763 2.815773 2.815773 3.457805 3.457805 2.952763 2.185806 2.185806 2.952763 2.185806 2.185806 2.952763 2.775836 12.310727 12.310727 17.277936 0.817416 0.859885 0.859885 0.859885 0.878359 0.859885 0.859885
4.344676 2.952763 2.952763 0.863040 0.863040 3.983230 3.457805 3.983230 2.952763 3.457805 3.457805 0.050344 0.050344 0.050344 0.050344 0.050344 0.050344 0.050344 0.050344 0.050344 0.050344 0.050344 0.050344 0.050344 0.050344 0.050344 0.050344 0.050344 0.050344 0.050344 0.050344 3.457805 2.815773 0.852991 12.310727 12.310727 2.775836 2.815773 2.775836 0.839804 2.775836 2.602190 0.852991 0.852991 0.852991 2.602190 2.952763 2.775836 2.775836 0.839804 2.185806 9.289216 3.983230 0.839804 0.839804 0.863040 0.859885 0.859885 0.859885 0.859033 0.859033 0.861654 0.861654
0.893589 3.457805 16.174797 0.859885 0.859885 0.838933 0.817416 0.863040 3.983230 3.457805 17.277936 12.310727 13.387069 0.050344 17.277936 0.050344 0.050344 0.050344 10.984043 19.854866 0.050344 17.277936 0.050344 0.050344 0.050344 17.277936 0.050344 0.050344 0.863040 0.863040 3.983230 2.815773 2.815773 0.839804 2.775836 0.839804 3.983230 0.863040 0.893589 0.817416 0.878359 0.878359 0.859885 0.860667 0.878359 0.878359 2.775836 2.775836 0.863040 0.839804 0.839804 2.775836 0.822464 0.878359 0.878359 0.817416 0.859885 0.859885 0.859885 0.859033 0.859033 0.861654 0.859033
0.863040 3.707458 0.817416 0.817416 0.838933 0.824250 0.863040 3.707458 3.707458 3.983230 2.952763 3.983230 3.983230 2.815773 2.815773 3.983230 3.983230 2.952763 17.277936 3.983230 3.707458 2.952763 2.952763 2.952763 2.815773 0.852991 2.815773 0.817416 0.817416 0.817416 0.852991 3.707458 3.707458 2.775836 0.863040 2.775836 0.839804 0.817416 0.859885 0.859885 0.859885 0.859885 0.859885 0.863473 0.859885 0.878359 2.775836 2.775836 0.863040 0.839804 12.310727 0.863040 0.822464 0.860667 0.860667 0.859885 0.860667 0.860667 0.859885 0.859033 0.859033 0.859033 0.859033
0.863040 0.841255 0.817416 0.817416 0.817416 0.863040 4.543089 0.817416 0.863040 0.817416 2.602190 0.852991 0.852991 0.817416 0.817416 2.952763 2.775836 3.983230 3.983230 3.707458 3.707458 2.775836 2.775836 2.952763 3.983230 0.863040 0.817416 0.817416 0.817416 0.863040 3.707458 0.817416 0.817416 2.775836 2.775836 4.543089 0.817416 0.859885 0.859885 0.859885 0.859885 0.859885 0.861654 0.866164 0.859885 0.803431 0.839804 0.839804 0.839804 2.775836 2.775836 0.863040 0.822464 0.859033 0.859033 0.803431 0.859033 0.859033 0.860667 0.859033 0.859033 0.859033 0.859033
0.853639 0.817416 0.817416 0.860667 0.844880 0.817416 0.824250 0.859033 0.861654 0.893589 0.854726 0.817416 0.878359 0.817416 0.817416 0.817416 2.952763 3.983230 3.707458 2.952763 2.815773 3.707458 3.707458 2.775836 0.863040 0.863040 0.817416 0.817416 0.860667 0.817416 0.817416 0.860667 0.859885 0.853639 0.817416 0.859033 0.859033 0.859885 0.859885 0.050344 0.050344 0.050344 0.859033 0.829654 0.859885 0.859033 0.860667 0.824250 2.775836 2.680326 2.775836 0.863040 0.860667 0.859033 0.859033 0.860667 0.829654 0.829654 0.859033 0.859033 0.859033 0.859885 0.859033
0.854726 0.848582 0.854726 0.815272 0.859885 0.860667 0.859885 0.859033 0.859885 0.815272 0.859033 0.815272 0.863473 0.859033 0.859885 0.893589 0.817416 0.822464 0.863040 0.893589 0.863040 0.822464 0.817416 0.863040 0.863040 0.817416 0.817416 0.817416 0.860667 0.860667 0.859885 0.860667 0.859033 0.859033 0.859033 0.859033 0.859033 0.859033 0.829654 0.050344 0.050344 0.050344 0.859033 0.859033 0.829654 0.859033 0.829654 0.859885 0.872950 0.803431 0.803431 0.803431 0.859033 0.859033 0.829654 0.829654 0.829654 0.829654 0.859033 0.860667 0.859033 0.859033 0.859033
