Big_Beef/DataInputs30m/o_10_ChemistryPools/1990_Mar2025/DON_Pool_1.asc
ncols 345
nrows 426
xllcorner 508536.40413180296
yllcorner 5265678.99790656
cellsize 30
nodata_value -9999
[rows 252 to 279 of 426, columns 63 to 125 of 345]
0.794606 0.863145 0.794606 0.881240 0.821564 0.835903 0.872136 0.856279 0.846950 0.869605 3.954823 0.869605 0.869605 0.869605 0.869605 0.050344 0.050344 0.050344 0.866473 0.869605 0.869605 0.844994 0.846950 0.866473 0.845013 0.845013 0.821564 0.854703 0.825572 17.189459 0.825572 0.869605 0.821564 0.050344 0.050344 0.050344 0.050344 0.050344 0.794606 0.846950 0.050344 0.050344 0.050344 0.050344 0.858126 0.861654 0.825572 0.050344 9.518198 16.994518 0.050344 0.050344 16.994518 0.863145 3.707458 0.050344 2.403456 2.889745 0.050344 0.050344 17.518620 0.050344 0.050344
0.794606 0.845013 0.866473 0.050344 0.838793 0.835903 0.872136 0.869605 0.869605 0.869605 3.954823 0.869605 0.869605 0.869605 0.869605 0.050344 0.050344 0.050344 0.050344 0.869605 0.869605 0.854703 0.869605 0.050344 0.845013 0.821564 0.846950 0.869605 0.869605 0.825572 0.825572 0.854703 0.050344 0.050344 0.050344 0.050344 0.050344 0.794606 0.794606 0.050344 0.825572 0.861654 0.861654 0.861654 0.861654 0.825572 0.893064 14.359324 0.805022 0.838793 0.050344 0.050344 0.050344 2.541164 0.050344 0.050344 0.050344 0.050344 0.050344 0.050344 0.856279 0.050344 0.050344
0.845013 0.854487 0.050344 0.050344 0.794606 0.849655 0.872136 0.869605 0.825572 3.954823 3.954823 0.858126 0.846950 0.866164 0.050344 0.050344 0.050344 0.050344 0.869605 0.869605 0.869605 0.869605 0.050344 0.050344 0.050344 0.854487 0.794606 0.869605 0.869605 0.805022 0.854703 0.854703 0.050344 0.050344 0.050344 0.050344 0.794606 0.794606 0.794606 0.821564 0.825572 0.841255 0.866473 0.805022 0.869605 0.825572 0.825572 14.359324 3.810764 3.247915 0.838793 0.856279 0.050344 0.050344 0.050344 0.856279 0.050344 0.050344 0.866473 0.050344 0.866473 0.050344 0.050344
0.794606 0.839931 0.821564 0.821564 0.845013 0.842486 0.872136 0.872136 0.869605 3.954823 17.189459 0.846950 0.050344 0.050344 0.050344 0.050344 0.050344 0.050344 3.247915 0.869605 0.869605 0.846950 0.050344 0.794606 0.794606 0.794606 0.794606 0.866164 0.866473 0.866473 0.821564 0.846950 0.050344 0.050344 0.050344 0.050344 0.050344 0.050344 0.866473 0.854703 0.825572 0.841255 0.805022 0.854703 0.867110 0.861654 0.805022 0.825572 3.247915 0.841255 0.869605 0.866473 0.845013 0.821564 0.842486 0.845013 0.846950 0.821564 0.866473 0.883042 0.050344 0.050344 0.856279
0.050344 0.794606 0.844880 0.866473 0.864088 0.862941 0.846950 0.869605 0.866473 0.858126 0.846950 0.846950 0.050344 0.050344 0.050344 0.050344 0.869605 3.954823 3.954823 0.869605 0.869605 0.869605 0.869605 0.854703 0.861654 0.821564 0.821564 0.824250 0.869605 0.856279 0.866473 0.838793 0.050344 0.867110 0.845013 0.841255 0.050344 0.050344 0.845013 0.866473 0.845013 0.844934 0.854487 0.853639 0.867110 0.805022 0.869605 2.215214 3.393536 0.825572 0.869605 0.805022 0.797146 0.854703 0.854703 0.854703 0.835903 0.845013 0.866473 0.883042 0.856279 0.845013 0.866473
0.050344 0.794606 0.838793 0.866473 0.050344 0.866473 0.845013 0.854487 0.858126 0.858126 0.866473 0.050344 0.050344 0.866473 0.050344 0.050344 0.869605 3.247915 3.954823 0.858126 3.489235 3.954823 0.858126 0.050344 0.866164 0.858126 0.893589 0.821564 0.825249 0.861654 0.863473 0.861654 0.050344 0.050344 0.050344 0.050344 0.050344 0.050344 0.050344 0.050344 0.050344 0.050344 0.050344 0.050344 0.050344 0.050344 0.838793 0.854703 0.825572 0.869605 0.869605 0.854703 0.797146 0.854703 0.854703 0.872136 0.835903 0.835903 0.883042 0.856279 0.863036 0.885619 0.869605
0.050344 0.794606 0.821564 0.866473 0.856279 0.866473 0.845013 0.050344 0.050344 0.050344 0.050344 0.050344 0.050344 0.842486 0.846950 0.869605 3.489235 0.858126 17.189459 3.954823 0.050344 0.050344 0.050344 0.050344 0.050344 0.050344 0.050344 0.050344 0.050344 0.050344 0.852638 0.050344 0.050344 0.050344 0.050344 0.050344 0.050344 0.050344 0.050344 0.050344 0.050344 0.050344 0.050344 0.050344 0.050344 0.845013 0.885498 0.854703 0.825572 0.825572 0.861654 0.835903 0.859885 0.869605 0.856279 0.846950 0.846950 0.854703 0.854703 0.856279 0.876889 0.876889 0.876889
0.861654 0.050344 0.050344 0.050344 0.866473 0.866473 0.050344 0.050344 0.050344 0.050344 0.050344 0.842486 0.050344 0.838793 0.821564 0.825572 3.247915 0.858126 17.189459 0.050344 0.050344 0.050344 0.050344 0.050344 0.050344 0.050344 0.050344 0.050344 0.050344 0.050344 0.050344 0.050344 0.050344 0.050344 0.050344 0.050344 0.050344 0.050344 0.050344 21.935878 0.050344 0.050344 0.050344 0.050344 0.845013 0.845013 0.885498 0.869605 3.247915 3.954823 4.910378 0.869605 0.854703 0.854703 0.854703 0.854703 0.866473 0.866473 0.854703 0.856279 0.856279 0.856279 0.856279
0.846950 0.846950 0.050344 0.050344 0.050344 0.050344 0.050344 0.050344 0.794606 0.050344 0.866473 0.845013 0.854487 0.863145 0.050344 0.050344 1.466859 0.858126 0.825249 14.466196 0.050344 0.050344 0.050344 0.050344 0.050344 0.050344 0.050344 0.050344 0.050344 0.050344 0.050344 0.050344 0.050344 0.050344 0.050344 0.050344 0.050344 0.050344 3.748773 1.782467 1.466859 0.050344 0.050344 0.854487 0.050344 0.050344 0.838979 0.838793 0.869605 1.874123 2.889745 0.858126 0.825572 0.838793 0.906204 0.876889 0.872027 0.866473 0.856279 0.854703 0.050344 0.050344 0.861654
0.845013 0.821564 0.866164 0.050344 0.821564 0.866473 0.866473 0.050344 0.050344 0.050344 0.866473 0.856279 0.856279 0.866164 0.050344 0.050344 0.854487 1.466859 15.817548 14.623937 0.050344 0.050344 0.050344 0.050344 0.050344 0.050344 0.050344 0.050344 0.050344 0.050344 0.050344 0.050344 0.050344 0.050344 0.050344 0.050344 0.050344 0.050344 2.856026 3.954823 4.910378 3.748773 0.050344 0.050344 0.050344 0.050344 0.845013 0.866473 0.893064 3.393536 3.457805 0.881240 1.466859 1.757504 0.889382 0.906204 0.906204 0.854703 0.854703 0.856279 0.050344 0.794606 0.050344
0.050344 0.050344 0.050344 0.050344 0.845013 0.821564 0.869605 0.050344 0.050344 0.815272 0.866473 0.846950 0.846950 0.846950 0.866473 0.050344 2.954461 0.050344 0.050344 0.050344 0.050344 0.050344 0.050344 0.050344 0.050344 0.050344 0.050344 0.050344 0.050344 0.050344 0.050344 0.050344 0.050344 0.050344 0.050344 0.050344 0.050344 0.050344 3.954823 3.068346 3.954823 16.994518 0.050344 0.050344 0.050344 0.838979 0.866473 0.838793 3.457805 3.247915 4.910378 0.852638 0.854487 0.906204 1.698376 0.867110 0.906204 0.863473 0.863473 0.863078 0.866473 0.050344 0.863145
0.866473 0.050344 0.050344 0.050344 0.846950 0.825572 0.846950 0.050344 0.866473 0.866473 0.856279 0.050344 0.821564 0.821564 0.050344 0.050344 0.050344 0.050344 0.050344 1.612018 0.050344 0.050344 0.050344 0.050344 0.050344 0.050344 0.050344 0.050344 0.050344 0.050344 0.050344 0.050344 0.050344 0.050344 0.050344 0.050344 0.050344 2.889745 2.889745 3.068346 4.910378 3.393536 0.050344 0.889382 0.889382 0.843701 0.866473 0.854703 0.848951 3.393536 1.927472 0.881240 0.854487 0.854703 0.906204 0.839931 2.541164 0.854703 4.317340 0.863078 0.050344 0.856279 0.050344
0.050344 0.050344 0.846950 0.846950 0.869605 0.050344 0.050344 0.866473 0.846950 0.866164 0.856279 0.856279 0.866473 0.846950 0.050344 0.050344 0.050344 0.050344 0.050344 0.050344 0.050344 0.050344 0.050344 0.050344 0.050344 0.050344 0.050344 0.050344 0.050344 0.050344 0.050344 0.050344 0.050344 0.050344 0.050344 0.050344 0.050344 2.889745 2.889745 0.050344 0.050344 0.050344 0.861654 0.839931 0.862472 0.050344 0.794606 0.866473 0.838793 4.053020 2.889745 2.271463 0.825572 0.906204 0.854703 0.853639 2.889745 2.889745 0.854703 0.821564 0.866473 0.856279 0.050344
0.050344 0.050344 0.794606 0.846950 0.050344 0.050344 0.050344 0.846950 0.869605 0.869605 0.869605 0.794606 0.794606 0.861654 0.050344 0.050344 0.050344 0.050344 0.050344 0.050344 0.050344 0.050344 0.050344 0.050344 0.050344 0.050344 0.050344 0.050344 0.050344 0.050344 0.050344 0.050344 0.050344 0.050344 0.050344 3.954823 3.068346 2.889745 2.889745 0.050344 2.889745 3.954823 3.457805 0.839931 0.854703 0.889382 0.829072 2.889745 1.757504 5.802001 2.215214 0.829072 0.867110 0.906204 0.854703 2.889745 14.359324 0.854703 0.854703 0.866473 0.839931 0.050344 0.050344
0.050344 0.050344 0.050344 0.050344 0.050344 0.050344 0.866473 0.846950 0.858126 0.825572 0.794606 0.050344 0.050344 0.050344 0.050344 0.050344 0.050344 0.050344 0.050344 0.050344 0.050344 0.050344 0.050344 0.050344 0.050344 0.050344 0.050344 0.050344 0.050344 0.050344 0.050344 0.050344 0.050344 0.050344 0.050344 0.050344 0.050344 0.050344 0.050344 2.856026 3.954823 2.856026 0.854703 0.839931 0.050344 0.845013 3.247915 2.038092 5.783337 3.247915 0.866473 0.858126 0.841255 6.360494 3.393536 3.393536 14.359324 3.748773 2.889745 11.205949 0.050344 0.864088 0.050344
0.794606 0.050344 0.794606 0.050344 0.794606 0.854487 0.861654 0.050344 0.050344 0.050344 0.050344 0.050344 0.050344 0.050344 0.050344 0.050344 0.050344 0.050344 0.050344 0.050344 0.050344 0.050344 0.050344 0.050344 0.050344 0.050344 0.050344 0.050344 0.050344 0.050344 0.050344 0.050344 0.050344 0.050344 0.050344 0.050344 3.954823 2.993437 3.954823 4.910378 2.856026 5.568446 0.838793 0.845013 0.854703 0.861654 2.889745 2.889745 2.038092 2.403456 3.393536 5.802001 0.854487 4.053020 11.205949 9.829875 19.365453 3.810764 2.856026 3.810764 0.845013 0.864088 0.050344
0.050344 0.050344 0.050344 0.050344 0.050344 0.050344 0.050344 0.050344 0.050344 0.050344 0.050344 0.050344 0.050344 0.050344 0.050344 0.050344 0.050344 0.050344 0.050344 0.050344 0.050344 0.050344 0.050344 0.050344 0.050344 0.050344 0.050344 0.050344 0.050344 0.050344 0.050344 0.050344 0.050344 0.050344 3.247915 2.541164 3.954823 3.310654 3.310654 2.889745 12.604491 0.050344 0.838793 0.906204 0.825572 0.856279 0.838979 4.543089 2.038092 2.889745 5.802001 4.910378 3.922780 2.571180 2.541164 0.050344 4.697498 18.550865 10.984043 0.794606 0.845013 0.050344 0.050344
0.050344 0.050344 0.050344 0.050344 0.050344 0.050344 0.050344 0.050344 0.050344 0.050344 0.050344 0.050344 0.050344 0.050344 0.050344 0.050344 0.050344 0.050344 0.050344 0.050344 0.050344 0.050344 0.050344 0.050344 0.050344 0.050344 3.922780 0.050344 0.050344 0.050344 0.050344 0.050344 2.680326 2.889745 3.954823 2.889745 2.403456 3.310654 1.782467 2.993437 0.050344 0.050344 0.050344 0.844934 0.863145 0.863145 0.845013 4.543089 2.889745 2.993437 2.889745 2.271463 3.605434 3.489235 2.952763 0.050344 0.050344 0.050344 0.050344 0.794606 0.794606 0.050344 0.050344
0.794606 0.050344 0.050344 0.050344 0.050344 0.050344 0.050344 0.050344 0.050344 0.050344 0.050344 0.050344 0.050344 0.050344 0.050344 0.050344 0.050344 0.050344 0.050344 0.050344 0.050344 0.050344 0.050344 0.050344 0.050344 20.768812 2.680326 3.922780 0.050344 5.802001 0.845013 3.922780 5.802001 2.889745 2.952763 3.310654 3.310654 1.466859 14.466196 11.205949 0.050344 0.050344 0.845013 0.889382 0.876889 0.863145 0.883638 2.952763 2.952763 2.889745 2.038092 2.993437 2.993437 2.271463 0.050344 0.050344 0.050344 0.050344 0.050344 0.050344 0.050344 0.050344 0.050344
0.050344 0.050344 0.050344 0.050344 0.050344 0.050344 0.050344 0.050344 0.050344 0.050344 0.050344 0.050344 0.050344 0.050344 0.050344 0.050344 0.050344 0.050344 0.050344 0.050344 0.050344 0.050344 0.050344 0.050344 14.893339 12.604491 0.050344 0.050344 0.050344 0.845013 0.839931 0.050344 3.748773 3.278838 2.889745 3.310654 0.838979 0.794606 24.081015 0.050344 0.050344 0.050344 0.839931 0.854703 0.794606 0.856279 0.903867 1.733523 2.151634 2.889745 2.889745 2.993437 2.993437 2.993437 2.271463 0.050344 0.050344 0.900664 0.050344 0.050344 0.866473 0.050344 0.866473
0.050344 0.050344 0.050344 0.050344 0.050344 0.050344 0.050344 0.050344 0.050344 0.050344 0.050344 0.050344 0.050344 0.050344 0.050344 0.050344 0.050344 0.050344 0.050344 0.869605 2.952763 2.856026 2.952763 2.856026 0.050344 0.050344 2.856026 2.856026 2.856026 11.803304 0.839931 2.680326 2.541164 0.867110 0.889382 5.179245 2.954461 2.954461 0.794606 0.050344 0.794606 0.050344 0.050344 0.845013 0.794606 0.860667 2.889745 2.541164 3.068346 4.910378 0.867110 2.889745 2.889745 2.403456 0.866164 0.050344 2.954461 0.881240 0.825572 0.050344 0.050344 0.050344 0.856279
0.050344 0.050344 0.050344 0.050344 0.050344 0.050344 0.050344 0.050344 0.050344 0.050344 0.050344 0.050344 0.050344 0.050344 0.050344 4.910378 3.393536 2.889745 11.803304 0.825572 2.680326 2.856026 2.856026 2.856026 2.889745 16.994518 0.050344 0.050344 0.050344 0.839931 0.839931 1.466859 0.838979 0.845013 0.860667 0.794606 0.794606 0.794606 0.794606 0.794606 0.794606 0.794606 0.869591 0.860667 0.876889 0.856279 3.310654 0.869605 1.698376 0.876889 0.867110 2.889745 2.680326 0.867110 0.856279 0.889382 0.889382 1.466859 0.794606 0.794606 0.050344 0.050344 0.050344
0.050344 0.050344 0.050344 0.050344 0.050344 0.050344 0.050344 0.050344 0.050344 0.050344 0.050344 0.050344 0.050344 0.050344 2.856026 3.393536 3.393536 2.889745 0.869605 4.317340 6.558595 11.803304 11.803304 0.858126 0.050344 0.050344 0.050344 0.050344 0.794606 0.867110 6.558595 0.794606 0.794606 0.794606 0.794606 0.794606 0.794606 0.794606 0.838979 0.794606 0.794606 0.794606 0.794606 0.794606 0.876889 0.876889 0.794606 0.794606 0.856279 0.794606 0.856279 0.853285 1.782467 2.856026 0.867110 0.794606 0.794606 0.794606 0.794606 0.794606 0.050344 0.050344 0.050344
0.050344 0.050344 0.050344 0.050344 0.050344 0.050344 0.050344 0.050344 0.050344 0.050344 0.050344 0.050344 2.856026 2.856026 2.680326 2.680326 13.101117 0.841255 0.869605 0.854703 1.466859 0.839931 0.845013 0.050344 0.050344 0.050344 0.050344 0.050344 0.854703 0.867110 0.050344 0.794606 0.794606 0.794606 0.794606 0.794606 0.889382 0.794606 0.794606 0.794606 0.794606 0.794606 0.890571 0.794606 0.794606 0.794606 0.794606 0.794606 0.794606 0.794606 0.860667 0.794606 0.906204 0.861654 0.889382 0.794606 0.794606 0.794606 0.794606 0.050344 0.866473 0.050344 0.050344
0.050344 0.050344 0.050344 0.050344 0.050344 0.050344 0.050344 0.050344 0.794606 0.050344 0.050344 0.050344 0.861654 3.247915 3.247915 4.910378 3.247915 2.680326 0.825572 2.889745 0.861654 0.825572 0.844934 0.050344 0.050344 0.050344 0.050344 0.845013 0.867110 0.825572 0.050344 0.050344 0.869591 0.794606 0.794606 0.794606 0.862472 0.794606 0.862472 0.794606 0.890571 0.863145 0.844880 0.869591 0.869591 0.863145 0.866473 0.794606 0.794606 0.794606 0.860667 0.860667 0.825572 0.889382 0.794606 0.794606 0.794606 0.794606 0.050344 0.839931 0.050344 0.050344 0.050344
0.050344 0.050344 0.050344 0.050344 0.050344 0.050344 0.050344 0.848951 0.050344 0.861654 0.841255 0.841255 11.803304 14.359324 3.393536 3.393536 2.889745 3.954823 0.825572 0.854703 2.856026 0.854703 0.050344 0.050344 0.050344 0.050344 0.050344 0.050344 0.050344 0.794606 0.845013 0.844934 0.866473 0.872027 0.794606 0.794606 0.794606 0.794606 0.863145 0.872821 0.872027 0.794606 0.906204 0.906204 0.906204 0.863145 0.794606 0.885619 0.794606 0.794606 0.838979 0.860667 0.825572 0.885619 0.794606 0.794606 0.794606 0.794606 0.050344 0.050344 0.050344 0.050344 0.050344
0.050344 0.050344 0.050344 0.050344 0.050344 0.050344 0.050344 0.050344 0.861654 2.856026 3.954823 3.881806 13.228706 3.393536 2.215214 4.910378 2.889745 2.680326 5.825252 0.856279 0.869605 0.856279 0.050344 0.050344 0.050344 0.050344 0.050344 0.050344 0.050344 0.845013 0.854487 0.050344 0.845013 0.889382 0.856279 0.794606 0.794606 0.890571 0.863145 0.872027 0.906204 0.885619 0.906204 0.848582 0.906204 0.906204 0.854703 0.829072 0.794606 0.794606 0.869591 0.794606 0.841255 0.885619 0.794606 0.794606 0.794606 0.794606 0.050344 0.050344 0.050344 0.050344 0.050344
0.050344 0.050344 0.050344 0.050344 0.050344 0.050344 0.050344 0.861654 0.841255 0.050344 3.393536 3.393536 14.893339 4.910378 15.354918 3.247915 3.247915 3.247915 2.889745 2.118099 9.518198 0.854703 0.856279 0.050344 0.050344 0.050344 0.050344 0.050344 0.050344 0.845013 0.881240 0.854487 0.845013 0.889382 0.856279 0.863145 0.863145 0.872027 0.872027 0.864791 0.872027 0.906204 0.844934 0.844934 0.906204 0.867110 0.889382 0.885619 0.856279 0.844880 0.794606 0.841255 0.841255 0.794606 0.889382 0.838979 0.794606 0.863145 0.050344 0.050344 0.050344 0.050344 0.806936
