Big_Beef/DataInputs30m/o_10_ChemistryPools/1990_Mar2025/DON_Pool_1.asc
ncols 345
nrows 426
xllcorner 508536.40413180296
yllcorner 5265678.99790656
cellsize 30
nodata_value -9999
[rows 140 to 167 of 426, columns 252 to 314 of 345]
0.859885 0.859885 0.858126 0.854703 0.858126 0.794606 0.821564 0.856279 0.856279 0.856279 0.856279 0.856279 0.866473 0.866473 0.872136 0.817042 0.869605 0.869605 0.869605 0.876889 0.866473 0.885619 0.869605 0.869605 0.869605 0.854703 0.854703 0.825572 0.869605 0.854703 0.854703 0.869605 0.050344 0.050344 0.050344 0.050344 0.050344 0.050344 0.050344 0.050344 0.050344 0.050344 0.050344 0.050344 0.050344 0.050344 0.825249 0.869605 0.845013 0.050344 0.845013 0.794606 0.050344 0.050344 0.863145 0.050344 0.050344 0.050344 0.050344 0.050344 0.050344 0.881240 0.845013
0.835903 0.854703 0.845013 0.846950 0.845013 0.863145 0.838793 0.869605 0.856279 0.856279 0.856279 0.856279 0.856279 0.869605 0.869605 0.869605 0.869605 0.869605 0.869605 0.854703 0.825249 0.861654 0.858126 0.794606 0.794606 0.867110 0.854703 0.825249 0.867110 0.825572 0.825249 0.867110 0.050344 0.050344 0.050344 0.050344 0.050344 0.050344 0.050344 0.050344 0.050344 0.050344 0.856279 0.839931 0.830322 5.825252 3.707458 0.858126 0.050344 0.050344 0.050344 0.050344 0.866473 0.050344 0.050344 0.050344 0.050344 0.050344 0.050344 0.856279 0.050344 0.050344 0.050344
0.838793 0.881240 0.794606 0.050344 0.050344 0.863145 0.821564 0.854703 0.856279 0.856279 0.856279 0.856279 0.856279 0.869605 0.869605 0.869605 0.869605 0.869605 0.854703 0.906204 0.854487 0.821564 0.858126 0.825249 0.794606 0.794606 0.854487 0.794606 0.825249 0.825249 0.829072 0.050344 0.050344 0.050344 0.050344 0.050344 0.050344 0.050344 0.050344 0.050344 0.050344 0.050344 0.838793 0.830322 0.830322 11.205949 16.994518 0.050344 0.050344 0.872136 0.050344 0.050344 0.869605 0.050344 0.050344 0.050344 0.050344 0.050344 0.845013 0.838793 0.866473 0.794606 0.839931
0.050344 0.794606 0.794606 0.843701 0.050344 0.050344 0.845013 0.854703 0.854703 0.856279 0.856279 0.856279 0.856279 0.854703 0.869605 0.869605 0.869605 0.869605 0.854703 0.845013 0.854487 0.845013 0.838793 0.794606 0.794606 0.794606 0.794606 0.794606 0.794606 0.794606 0.853285 0.854487 0.050344 0.050344 0.050344 0.050344 0.050344 0.050344 0.050344 0.050344 0.050344 0.050344 14.150221 0.854703 3.489235 10.984043 0.845013 0.050344 0.050344 0.856279 0.845013 0.821564 0.867110 0.872027 0.050344 0.050344 0.050344 0.050344 0.050344 0.854487 0.845013 0.050344 0.863145
0.050344 0.050344 0.050344 0.821564 0.906204 0.872027 0.854703 0.854703 0.854703 0.856279 0.863036 0.883042 0.856279 0.869605 0.869605 0.856279 0.869605 0.869605 0.854703 0.867110 0.856279 0.856279 0.854487 0.838793 0.794606 0.794606 0.794606 0.845013 0.845013 0.794606 0.853285 0.838793 0.050344 0.050344 0.050344 0.050344 0.050344 0.050344 0.050344 0.050344 0.825572 0.866473 0.883042 3.489235 1.466859 1.698376 0.845013 0.872136 0.872136 0.050344 0.866164 0.869605 0.794606 0.863145 0.866473 0.845013 0.050344 0.050344 0.050344 0.794606 0.050344 0.845013 0.854487
0.863145 0.850802 0.845013 0.845013 0.854703 0.854703 0.869605 0.866164 0.856279 0.856279 0.863036 0.856279 0.854703 0.869605 0.869605 0.869605 0.869605 0.869605 0.869605 0.854703 0.845013 0.881240 0.881240 0.881240 0.794606 0.794606 0.794606 0.867110 0.867110 0.794606 0.854487 0.869605 0.050344 0.050344 0.050344 0.050344 0.050344 0.050344 0.050344 0.854703 0.867110 0.867110 2.889745 7.741230 15.354918 0.856279 0.856279 0.845013 0.845013 0.869605 0.869605 0.854703 0.845013 0.866473 0.050344 0.794606 0.050344 0.050344 0.050344 0.050344 0.050344 0.050344 0.794606
0.835903 0.050344 0.050344 0.872136 0.854703 0.854703 0.854703 0.854703 0.856279 0.856279 0.856279 0.856279 0.863036 0.867110 0.867110 0.869605 0.869605 0.869605 0.869605 0.856279 0.863036 0.845013 0.881240 0.794606 0.794606 0.794606 0.867110 0.867110 0.825249 0.845013 0.867110 0.846950 0.856279 0.050344 0.863036 0.859885 0.050344 0.812639 0.869605 0.869605 0.867110 0.867110 17.189459 0.883042 0.812639 1.698376 0.856279 0.050344 0.842486 0.825572 0.869605 0.854703 0.050344 0.866473 0.050344 0.050344 0.050344 0.050344 0.050344 0.050344 0.050344 0.050344 0.050344
4.659548 0.866473 0.866473 0.821564 0.869605 0.854703 0.869605 0.869605 0.854703 0.856279 0.856279 0.856279 0.863036 0.867110 0.858126 0.825572 0.869605 0.869605 0.863036 0.838793 0.863036 0.845013 0.881240 0.881240 0.794606 0.794606 0.794606 0.867110 0.856279 0.845013 0.854487 0.883042 0.050344 0.050344 0.854703 0.869605 0.812639 0.869605 0.869605 0.854703 0.854703 0.867110 19.365453 0.852638 0.856279 0.856279 0.856279 0.866473 0.845013 0.825572 0.869605 0.869605 0.856279 0.869605 0.821564 0.866473 0.821564 0.050344 0.845013 0.845013 0.846950 0.866473 0.849655
0.866473 0.050344 0.794606 0.821564 0.869605 0.869605 0.869605 0.856279 0.856279 0.856279 0.856279 0.856279 0.863036 0.867110 0.867110 0.869605 0.869605 0.856279 0.856279 0.854703 0.854703 0.885619 0.845013 0.794606 0.050344 0.050344 0.794606 0.794606 0.845013 0.845013 0.854487 0.794606 0.050344 0.856279 0.885619 0.869605 0.869605 0.869605 0.869605 0.812639 0.856279 11.205949 0.852991 0.856279 0.856279 0.856279 0.856279 0.854487 0.869605 0.869605 0.869605 0.869605 0.869605 0.050344 0.050344 0.821564 0.821564 0.050344 0.050344 0.866473 0.846950 0.846950 0.856279
0.866164 0.815272 0.794606 0.869605 0.050344 0.854703 0.869605 0.856279 0.856279 0.856279 0.856279 0.856279 0.856279 0.883042 0.867110 0.867110 0.869605 0.869605 0.856279 0.854703 0.863473 0.867110 0.854487 0.050344 0.050344 0.050344 0.050344 0.794606 0.821564 0.863145 0.794606 0.794606 0.854703 0.866164 0.859885 0.839931 0.869605 0.869605 0.869605 0.869605 3.781511 2.889745 11.205949 0.856279 0.830322 0.856279 0.856279 0.858126 0.858126 0.847046 0.869605 0.846950 0.866473 0.050344 0.050344 0.050344 0.821564 0.794606 0.050344 0.794606 0.846950 0.846950 0.050344
0.794606 0.050344 0.050344 0.050344 0.050344 0.050344 0.050344 0.869605 0.856279 0.869605 0.869605 0.839931 0.876906 0.854703 0.867110 0.858126 0.854703 0.869605 0.883042 0.863036 0.866473 0.863078 0.854487 0.050344 0.050344 0.794606 0.794606 0.845013 0.858126 0.856279 0.856279 0.794606 0.794606 0.854703 0.885619 0.812639 0.869605 0.830322 0.869605 0.856279 2.403456 0.856279 0.856279 0.856279 0.856279 0.856279 0.830322 0.845013 0.838793 0.847046 0.866473 0.838793 0.050344 0.050344 0.050344 0.050344 0.050344 0.794606 0.050344 0.050344 0.866473 0.866473 0.866473
0.050344 0.050344 0.050344 0.050344 0.050344 0.050344 0.050344 0.869605 0.869605 0.869605 0.869605 0.869605 0.821564 0.854703 0.854703 0.867110 0.856279 0.863036 0.856279 0.856279 0.866473 0.858126 0.863473 0.863473 0.050344 0.050344 0.050344 0.794606 0.845013 0.854703 0.856279 0.866164 0.852991 0.906204 0.854703 0.812639 0.839931 0.876889 0.854703 1.698376 0.869605 0.869605 0.856279 0.824250 0.866473 0.856279 0.845013 0.050344 0.050344 0.846950 0.050344 0.050344 0.864088 0.050344 0.050344 0.050344 0.050344 0.050344 0.866473 0.050344 0.866473 0.050344 0.856279
0.050344 0.050344 0.050344 0.050344 0.050344 0.050344 0.866473 0.838793 0.825572 0.869605 0.869605 0.866164 0.846950 0.869605 0.854703 0.854703 0.854703 0.856279 0.863078 0.856279 0.854703 0.854703 0.856279 0.050344 0.050344 0.050344 0.050344 0.863145 0.845013 0.825249 0.856279 0.856279 0.906204 0.859885 0.812639 0.869605 0.869605 0.869605 0.869605 0.858126 0.856279 0.856279 0.856279 0.856279 0.856279 0.856279 0.869605 0.845013 0.845013 0.846950 0.050344 0.845013 0.866473 0.050344 0.050344 0.050344 0.050344 0.050344 0.842486 0.050344 0.866473 0.050344 0.050344
0.050344 0.050344 0.050344 0.050344 0.050344 0.866473 0.050344 0.906204 0.050344 0.867110 0.869605 0.866473 0.869605 0.869605 0.869605 0.854487 0.830322 0.863078 0.821564 0.856279 0.854703 0.854703 0.050344 0.854703 0.050344 0.050344 0.794606 0.863145 0.845013 0.050344 0.845013 0.866473 0.906204 0.872136 0.812639 0.812639 0.830322 0.859885 0.867110 0.858126 0.846950 0.856279 0.856279 0.872136 2.215214 12.820175 0.869605 0.821564 0.845013 0.845013 0.794606 0.050344 0.845013 0.050344 0.050344 0.050344 0.050344 0.050344 0.842486 0.050344 0.794606 0.050344 0.815272
0.863145 0.050344 0.866473 0.866473 0.821564 0.845013 0.050344 0.050344 0.050344 0.050344 0.050344 0.841255 0.050344 0.050344 0.050344 0.050344 0.050344 0.050344 0.050344 0.050344 0.050344 0.050344 0.050344 0.050344 0.050344 0.050344 0.050344 0.050344 0.050344 0.050344 0.050344 0.050344 0.050344 0.050344 0.866473 0.869605 0.869605 0.854703 0.883042 0.858126 0.866473 0.856279 0.856279 24.355621 1.698376 1.698376 0.883042 0.845013 0.866473 0.050344 0.050344 0.050344 0.050344 0.050344 0.050344 0.050344 0.050344 0.050344 0.050344 0.050344 0.050344 0.794606 0.050344
0.821564 0.050344 0.821564 0.866473 0.794606 0.845013 0.872027 0.845013 0.050344 0.856279 0.050344 0.050344 0.845013 0.838331 0.050344 0.050344 0.794606 0.856279 0.794606 0.821564 0.821564 0.872136 0.821564 0.839931 0.839931 0.906204 0.858126 0.838331 0.863036 0.856279 0.866473 0.906204 0.050344 0.050344 0.050344 0.845013 0.845013 0.847999 0.867110 0.867110 0.856279 0.856279 0.854703 5.825252 5.825252 1.698376 0.856279 0.883042 0.050344 0.845013 0.845013 0.794606 0.050344 0.794606 0.864088 0.050344 0.050344 0.845013 0.050344 0.866473 0.050344 0.845013 0.842486
0.856279 0.050344 0.821564 0.845013 0.050344 0.866473 0.866473 0.866164 0.866473 0.869605 0.869605 0.845013 0.867110 0.854703 0.854703 0.050344 0.050344 0.050344 0.050344 0.794606 0.821564 0.821564 0.821564 0.821564 0.821564 0.867110 0.858126 0.869605 0.869605 0.854703 0.830322 0.830322 0.830322 0.830322 0.050344 0.050344 0.845013 0.835903 0.867110 0.867110 0.838793 0.883042 0.856279 12.820175 0.856279 0.856279 0.856279 0.856279 0.866473 0.845013 0.794606 0.794606 0.794606 0.050344 0.050344 0.050344 0.050344 0.866473 0.856279 0.866473 0.050344 0.050344 0.866473
0.866164 0.854487 0.845013 0.845013 0.845013 0.794606 0.845013 0.050344 0.845013 0.856279 0.869605 0.854703 0.854703 0.854703 0.906204 0.794606 0.050344 0.050344 0.050344 0.906204 0.845013 0.821564 0.794606 0.842486 0.842486 0.867110 0.858126 0.869605 0.863036 0.854703 0.830322 0.872136 0.872136 0.869605 0.856279 0.830322 0.050344 0.050344 0.050344 0.821564 0.849655 0.856279 0.839931 0.856279 0.856279 0.856279 0.856279 0.050344 0.856279 0.050344 0.050344 0.050344 0.838793 0.845013 0.050344 0.817042 0.845013 0.866473 0.866164 0.869605 0.866473 0.050344 0.866473
0.821564 0.050344 0.050344 0.050344 0.050344 0.794606 0.842486 0.866473 0.821564 0.856279 0.050344 0.845013 0.845013 0.854703 0.050344 0.794606 0.794606 0.050344 0.794606 0.863145 0.866473 0.821564 0.794606 0.842486 0.842486 0.842486 0.858126 0.830322 0.869605 0.830322 0.859885 0.869605 0.869605 0.856279 0.856279 5.825252 5.825252 5.825252 0.050344 0.050344 0.821564 0.846950 0.869605 0.856279 0.866473 0.876906 0.856279 0.856279 0.794606 0.050344 0.050344 0.845013 0.845013 0.845013 0.856279 0.866473 0.866473 0.846950 0.869605 0.867110 0.844934 0.050344 0.842486
0.050344 0.050344 0.050344 0.050344 0.050344 0.863145 0.845013 0.866473 0.821564 0.821564 0.866473 0.050344 0.854703 0.867110 0.844934 0.794606 0.794606 0.794606 0.794606 0.867110 0.866473 0.845013 0.821564 0.842486 0.821564 0.825249 0.858126 0.863078 0.856279 0.830322 0.854703 0.869605 0.839931 0.839931 1.698376 0.856279 7.312515 8.963964 0.866473 0.050344 0.821564 0.856279 0.856279 0.856279 0.856279 0.856279 0.856279 0.856279 0.050344 0.866473 0.866473 0.821564 0.866473 0.866473 0.866164 0.866164 0.050344 0.869605 0.825572 0.050344 0.050344 0.050344 0.845013
0.050344 0.050344 0.866473 0.866473 0.863145 0.866473 0.845013 0.821564 0.821564 0.050344 0.845013 0.866473 0.845013 0.867110 0.821564 0.794606 0.856279 0.794606 0.854487 0.867110 0.821564 0.821564 0.821564 0.821564 0.821564 0.890877 0.858126 0.863078 0.872136 0.872136 0.872136 0.830322 0.839931 0.839931 0.883042 0.856279 0.856279 0.876889 0.863036 0.856279 0.050344 0.866473 0.856279 0.856279 0.856279 0.794606 0.794606 0.845949 0.846950 0.866164 0.845013 0.794606 0.845013 0.821564 0.846950 0.846950 0.866164 0.869605 0.825572 0.866473 0.864088 0.050344 0.863145
0.854703 0.849655 0.849655 0.866473 0.856279 0.866473 0.867110 0.050344 0.794606 0.050344 0.050344 0.050344 0.050344 0.845013 0.867110 0.839931 0.794606 0.906204 0.794606 0.867110 0.821564 0.821564 0.821564 0.821564 0.859885 0.866473 0.854703 0.856279 0.906204 0.906204 0.830322 0.830322 0.812639 0.830322 0.854703 0.869605 0.885619 0.863036 0.830322 0.872136 0.050344 0.845013 0.856279 0.794606 0.866473 0.794606 0.050344 0.845013 0.846950 0.866473 0.794606 0.794606 0.794606 0.881240 0.838793 0.845013 0.838793 0.845013 0.794606 0.845013 0.050344 0.845013 0.050344
0.854703 0.821564 0.842486 0.866473 0.866473 0.866473 0.050344 0.050344 0.863145 0.050344 0.050344 0.050344 0.050344 0.854487 0.050344 0.050344 0.050344 0.889382 0.869605 0.841255 0.821564 0.821564 0.821564 0.866164 0.869605 0.869605 0.830322 0.869605 0.830322 0.872136 0.830322 0.854703 0.859885 0.812639 0.854703 0.854703 0.869605 0.863036 0.806936 0.856279 0.050344 0.825572 0.856279 0.794606 0.866473 0.794606 0.050344 0.842486 0.845013 0.866473 0.856279 0.794606 0.845013 0.842486 0.050344 0.050344 0.866473 0.050344 0.794606 0.050344 0.050344 0.845013 0.050344
0.854703 0.821564 0.845013 0.872136 0.876906 0.821564 0.050344 0.050344 0.050344 0.050344 0.050344 0.050344 0.050344 0.050344 0.050344 0.050344 0.050344 0.869605 0.825249 0.867110 0.821564 0.821564 0.821564 0.866164 0.854703 0.869605 0.869605 0.885619 0.812639 0.863078 0.830322 0.869605 0.854703 0.876889 0.867110 0.869605 0.863036 0.856279 0.856279 0.794606 0.845013 0.050344 0.817042 0.794606 0.794606 0.794606 0.872027 0.866473 0.845013 0.845013 0.050344 0.906204 0.050344 0.845013 0.050344 0.838793 0.050344 0.866473 0.050344 0.845013 0.866473 0.866473 0.050344
0.872136 0.845013 0.821564 0.872136 0.872136 0.872136 0.050344 0.050344 0.050344 0.050344 0.050344 0.050344 0.050344 0.050344 0.050344 0.821564 0.867110 0.867110 0.883042 0.821564 0.821564 0.825249 0.854703 0.858126 0.869605 0.869605 0.854703 0.854703 0.830322 0.883042 0.858126 0.869605 0.854703 0.854703 0.854703 0.869605 0.830322 0.869605 0.794606 0.794606 0.885619 0.050344 0.825572 0.794606 0.856279 0.856279 0.866473 0.845013 0.845013 0.862472 0.850802 0.866473 0.050344 0.838793 0.050344 0.845013 0.050344 0.050344 0.845013 0.845013 0.050344 0.050344 0.050344
0.866164 0.050344 0.872136 0.867110 0.874163 0.825249 0.050344 0.050344 24.081015 5.802001 0.845013 0.845013 0.050344 0.050344 0.050344 0.867110 0.867110 0.866164 0.872136 0.866164 0.867110 0.871203 0.854703 0.869605 0.869605 0.869605 0.869605 0.859885 0.885619 0.854703 0.869605 0.869605 0.854703 0.854703 0.854703 0.847999 0.824250 0.854703 0.856279 0.794606 0.856279 0.050344 0.866473 0.856279 0.856279 0.830322 0.050344 0.050344 0.050344 0.050344 0.794606 0.866473 0.050344 0.050344 0.050344 0.050344 0.845013 0.050344 0.050344 0.050344 0.050344 0.050344 0.845013
0.866164 0.872136 0.906204 0.867110 1.782467 0.867110 0.050344 0.050344 0.050344 25.235722 25.235722 0.858126 17.189459 0.050344 0.830322 0.872136 0.866164 0.854703 0.854703 0.869605 0.854703 0.854703 0.858126 0.869605 0.863036 0.859885 0.859885 0.859885 0.866164 0.854703 0.876889 0.856279 0.869605 0.885619 0.854703 0.815272 0.856279 0.821564 0.794606 0.856279 0.856279 0.050344 0.050344 0.845013 0.856279 0.845013 0.050344 0.050344 0.794606 0.050344 0.863145 0.845013 0.050344 0.050344 0.838793 0.845013 0.050344 0.863145 0.050344 0.050344 0.050344 0.817042 0.794606
0.867110 0.867110 0.841255 0.867110 1.782467 0.858126 0.867110 0.872136 0.821564 0.821564 0.858126 0.858126 13.228706 2.744186 0.836844 0.866164 0.866164 0.859885 0.866473 0.871203 0.854703 0.869605 0.830322 0.830322 0.863036 0.830322 0.885619 0.885619 0.869605 0.869605 0.869605 0.856279 0.854703 0.854703 0.830322 0.050344 0.050344 0.050344 0.794606 0.794606 0.856279 0.866473 0.856279 0.050344 0.050344 0.050344 0.050344 0.050344 0.050344 0.050344 0.050344 0.050344 0.050344 0.050344 0.050344 0.050344 0.050344 0.050344 0.050344 0.050344 0.050344 0.050344 0.050344
