Big_Beef/DataInputs30m/o_10_ChemistryPools/1990_Mar2025/DON_Pool_2.asc
ncols 345
nrows 426
xllcorner 508536.40413180296
yllcorner 5265678.99790656
cellsize 30
nodata_value -9999
[rows 112 to 139 of 426, columns 63 to 125 of 345]
0.189564 0.189564 0.012005 0.189564 0.189564 0.189564 0.189564 0.189564 0.189564 0.012005 0.012005 0.012005 0.012005 0.207210 0.204226 0.217806 0.012005 0.012005 0.012005 0.012005 0.012005 0.207210 0.207210 0.207210 0.212499 0.203994 0.209030 0.012005 0.012005 0.012005 0.199260 0.012005 0.208593 0.207210 0.207210 0.012005 0.012005 0.214412 0.214412 5.042918 7.145724 0.213729 0.199176 0.210794 0.219239 0.204095 0.204095 0.204095 0.211942 0.212499 3.325216 0.211942 0.203595 0.203595 0.012005 0.012005 0.214412 0.214412 7.962513 3.804218 0.203994 0.012005 0.012005
0.012005 0.012005 0.012005 0.189564 0.189564 0.189564 0.189564 0.189564 0.189564 0.012005 0.012005 0.012005 0.012005 0.207210 0.012005 0.204226 0.012005 0.012005 0.012005 0.012005 0.012005 0.207210 0.207210 0.213729 3.116513 0.212499 0.211942 0.012005 0.213729 0.012005 0.210064 0.012005 0.211909 0.207210 0.210794 0.012005 0.012005 0.214412 0.214412 0.210064 0.211177 0.213729 0.199176 0.212499 0.211942 0.204095 0.211942 0.211942 0.219239 0.219239 0.211942 5.661759 0.219239 0.211942 0.203595 0.213729 0.012005 0.214412 0.204457 0.203994 0.012005 0.012005 0.012005
0.189564 0.189564 0.189564 0.189564 0.189564 0.189564 0.189564 0.189564 0.189564 0.214344 0.012005 0.204226 0.217806 0.217806 0.217806 0.217806 0.207210 0.012005 0.012005 0.012005 0.204226 0.213729 4.339434 0.210794 4.850241 0.211942 0.213729 0.207210 0.012005 0.012005 0.210064 0.209339 0.012005 0.210794 0.219787 0.012005 0.210064 0.210064 0.214412 0.213208 0.210064 0.210794 0.210794 0.210794 4.850241 4.292631 4.292631 0.211942 0.210794 0.212499 5.661759 5.661759 0.211942 0.213729 0.213729 0.213729 7.488352 7.115628 0.012005 0.012005 0.199563 0.214412 0.012005
0.210064 0.189564 0.210064 0.189564 0.189564 0.189564 0.189564 0.189564 0.189564 0.207193 0.012005 0.207210 0.207210 0.217806 0.207210 0.207210 0.217806 0.207210 0.204226 0.012005 0.207210 0.213729 4.279238 5.100768 0.211942 0.211942 0.214412 0.199563 0.012005 0.012005 0.012005 0.012005 0.208593 0.012005 0.012005 0.012005 0.012005 0.210064 0.214412 0.214412 0.210794 0.204095 0.204095 0.212499 0.012005 0.012005 5.198451 0.211942 0.212499 0.219239 2.716762 5.661759 0.209030 0.213729 0.206860 3.361679 3.361679 0.012005 0.012005 0.189564 0.876696 0.199563 0.211942
0.189564 0.189564 0.189564 0.189564 0.189564 0.189564 0.189564 0.189564 0.189564 0.189564 0.207193 0.207210 0.207210 0.204457 0.204226 0.207210 0.204457 0.214412 0.207210 0.207210 0.217806 0.213729 0.210794 0.211942 0.211942 5.100768 4.850241 0.203994 0.012005 0.012005 0.201230 0.211909 0.211909 0.012005 0.214412 0.012005 0.219787 0.208593 0.212499 0.012005 0.204095 0.212499 0.211909 0.219239 0.219787 0.012005 0.207193 0.199563 0.219239 0.219239 5.661759 0.219239 0.203595 0.203595 0.212038 0.213729 3.153328 3.325216 0.012005 0.222491 7.115628 0.202666 0.012005
0.207572 0.210064 0.189564 0.189564 0.189564 0.189564 0.189564 0.189564 0.189564 0.189564 0.207901 0.199563 0.204226 0.204457 0.012005 0.012005 0.204457 0.204457 0.207210 0.207210 0.207210 0.213729 0.213729 0.214958 0.210794 3.804218 5.100768 0.208593 0.012005 0.012005 0.211909 0.208593 0.208593 0.214412 0.210794 0.012005 0.212499 0.012005 0.208593 0.012005 0.203994 0.212499 0.219239 5.661759 2.082910 0.012005 0.189564 0.207193 0.213729 0.211942 0.219239 0.219239 0.219239 0.217265 0.212038 0.212038 3.361679 0.012005 0.012005 3.925442 0.199563 0.203994 0.208593
0.189564 0.210064 0.189564 0.189564 0.189564 0.189564 0.189564 0.189564 0.189564 0.189564 0.189564 0.189564 0.207193 0.211177 0.012005 0.012005 0.012005 0.209030 0.203236 0.204226 0.204226 0.204457 0.204457 0.213729 0.210794 0.213742 0.012005 0.012005 0.012005 0.012005 0.211909 0.012005 0.208593 0.214412 0.210794 0.198629 0.012005 0.012005 0.012005 0.208593 0.012005 0.012005 0.012005 5.460914 5.460914 5.100768 4.810941 4.021208 4.850241 0.219239 0.219239 0.219239 0.209255 0.213729 0.213729 0.214412 0.211942 0.012005 0.012005 2.495409 0.209030 4.850241 0.208593
0.189564 0.189564 0.210064 0.189564 0.189564 0.189564 0.189564 0.189564 0.189564 0.189564 0.189564 0.189564 0.207193 0.207193 0.204457 0.214958 0.012005 0.212038 0.203236 0.204226 0.204226 0.220043 0.204457 0.214958 0.210794 0.211942 0.012005 0.012005 0.012005 0.012005 0.012005 0.012005 0.212499 0.012005 0.203994 0.212499 0.212499 0.217806 0.211909 0.210794 0.212499 0.210794 0.012005 4.419375 3.804218 4.850241 5.100768 5.460914 5.460914 5.100768 0.211942 0.219239 0.209255 0.203595 0.203595 0.012005 0.012005 0.012005 0.012005 0.012005 2.035900 4.339434 5.661759
0.189564 0.189564 0.189564 0.189564 0.189564 0.189564 0.189564 0.189564 0.189564 0.189564 0.189564 0.199563 0.189564 0.207193 0.199563 0.204226 0.210794 0.204457 0.209645 0.204226 0.204226 0.204457 0.204226 0.204226 0.213729 0.214412 0.012005 0.012005 0.012005 0.012005 0.012005 0.012005 0.219787 0.189564 0.208593 0.214958 0.211942 0.214958 0.012005 0.012005 0.214958 3.116513 0.012005 5.661759 3.116513 4.850241 5.460914 5.661759 3.925442 5.100768 5.100768 5.100768 0.219239 0.213729 0.203595 0.211942 0.012005 0.012005 0.012005 0.012005 4.060227 4.240693 0.212499
0.189564 0.189564 0.189564 0.189564 0.189564 0.189564 0.189564 0.210064 0.189564 0.189564 0.199563 0.012005 0.012005 0.012005 0.012005 0.204457 0.204457 0.220043 0.203236 0.204457 0.204226 0.214958 0.213729 0.213729 0.213729 0.012005 0.012005 0.012005 0.012005 0.012005 0.012005 0.210064 0.213208 0.208593 0.208593 0.204095 0.211942 0.214958 0.012005 0.212499 0.211909 0.219239 2.716762 2.824403 5.460914 3.116513 0.212499 5.460914 3.671184 3.925442 5.661759 0.222491 0.211942 0.213729 0.213729 0.012005 0.012005 0.012005 0.012005 0.012005 1.420949 0.211942 3.925442
0.189564 0.189564 0.189564 0.189564 0.222491 0.189564 0.189564 0.189564 0.189564 0.189564 0.189564 0.012005 0.213729 0.012005 0.211349 0.211349 0.209030 0.214958 0.214958 0.204226 0.214958 0.214958 0.213729 0.214958 0.213729 0.012005 0.012005 0.012005 0.012005 0.189564 0.210064 0.211909 0.202245 0.210794 0.210794 0.210794 0.204095 0.211942 0.214958 0.212499 0.203994 0.203994 3.167725 2.716762 5.661759 5.460914 0.219239 2.716762 5.661759 5.661759 3.325216 0.211942 0.203595 0.213729 0.012005 0.012005 0.012005 0.012005 0.012005 0.012005 2.495409 0.199577 0.199577
0.189564 0.189564 0.189564 0.189564 0.189564 0.202666 0.189564 0.189564 0.189564 0.207210 0.189564 0.189564 0.211333 0.213729 0.189564 0.189564 0.212038 0.214958 0.214958 0.214958 0.211942 0.209030 0.210794 0.204114 0.207210 0.211909 0.214412 0.012005 0.012005 0.012005 0.189564 0.208593 0.012005 0.214412 0.012005 0.212499 0.204095 0.214958 0.214958 0.219239 0.219239 0.012005 0.198629 2.495409 0.219239 0.198629 0.212499 0.211909 2.495409 5.661759 5.661759 0.211942 0.203595 0.214412 3.361679 0.012005 0.012005 0.012005 0.012005 0.012005 0.012005 0.189564 0.211185
0.189564 0.189564 0.189564 0.189564 0.207210 0.189564 0.189564 0.189564 0.189564 0.212197 0.189564 0.189564 0.876696 1.590298 0.222491 0.189564 0.211333 0.211942 0.204457 0.214958 0.214958 0.199176 0.213729 0.213729 0.213729 0.207210 0.207210 0.207210 0.012005 0.012005 0.208593 0.208593 0.208593 0.012005 0.203994 0.212499 0.208593 0.212499 0.212499 0.219239 0.211942 0.212499 2.984428 5.460914 0.212499 0.212499 0.212499 3.325216 5.661759 2.916883 0.211942 5.100768 0.211942 4.339434 3.153328 0.012005 0.012005 0.012005 0.189564 0.012005 0.189564 0.207193 0.220043
0.189564 0.189564 0.189564 0.222491 0.189564 0.189564 0.189564 0.222491 0.189564 0.189564 0.189564 0.207210 0.202666 1.536873 3.325216 0.213729 0.205991 0.189564 0.207193 0.204457 0.213729 0.199176 0.204226 0.217806 0.207210 0.214958 0.207210 0.012005 0.210064 0.208593 0.012005 0.012005 0.012005 0.012005 0.012005 0.208472 0.204114 0.212499 0.212499 0.212499 0.219239 0.211909 0.212499 0.212499 0.212499 0.212499 0.219239 5.460914 5.460914 5.460914 3.544017 2.659944 1.728573 0.213729 3.361679 0.012005 0.012005 0.012005 0.189564 0.210064 0.211177 0.199563 0.211942
0.189564 0.189564 0.222491 0.189564 0.189564 0.222491 0.189564 0.209198 0.189564 0.208195 0.216019 0.199577 0.212499 0.205991 0.876696 0.189564 0.189564 0.189564 0.189564 0.204457 0.213729 0.204226 0.214958 0.214958 0.214958 0.214958 0.214958 0.207210 0.211909 0.207210 0.012005 0.012005 0.012005 0.012005 0.012005 0.204114 0.189564 0.219239 0.219239 0.214958 0.210794 0.219239 0.219239 5.661759 0.211942 0.219239 0.219239 3.116513 5.460914 5.460914 4.203276 0.213464 0.202245 0.209198 0.012005 0.012005 0.012005 0.012005 0.012005 0.012005 0.199563 0.211942 0.211635
0.189564 0.189564 1.798972 0.189564 0.189564 0.189564 0.189564 0.222491 0.189564 0.189564 0.189564 0.189564 0.189564 0.189564 0.189564 0.189564 0.189564 0.189564 0.189564 0.213729 0.213729 0.204457 0.214958 0.214958 0.210794 0.210794 0.214958 0.207210 0.207210 0.012005 0.012005 0.012005 0.012005 0.012005 0.012005 0.189564 0.208472 0.211942 0.211942 0.213729 0.212499 0.212499 5.661759 0.203994 0.203994 0.206241 0.219239 0.204095 3.325216 5.661759 3.361679 5.100768 0.202245 0.213729 0.012005 1.887393 0.012005 0.012005 0.012005 0.208593 0.203994 0.189564 0.211942
0.189564 0.189564 0.189564 0.876696 0.189564 0.876696 0.189564 0.189564 0.207939 0.199563 0.199563 0.189564 0.189564 0.012005 0.189564 0.189564 0.189564 0.189564 0.189564 0.204457 0.213729 0.204226 0.207210 0.204114 0.203994 0.214958 0.210794 0.214412 0.214412 0.012005 0.208472 0.012005 0.012005 0.012005 0.012005 0.217806 0.217806 0.203994 0.198629 0.211942 0.212499 2.716762 2.785746 2.916883 0.211909 2.716762 0.206241 0.219239 0.219239 0.012005 0.012005 0.012005 0.012005 0.012005 0.012005 0.012005 0.012005 0.012005 0.208472 0.189564 0.220974 0.208472 0.209030
0.189564 0.189564 0.189564 0.189564 0.876696 0.876696 0.876696 0.189564 0.189564 0.189564 0.211349 0.204457 0.012005 0.189564 0.189564 0.189564 0.189564 0.189564 0.213729 0.204457 0.217806 0.217806 0.214958 0.211635 0.012005 0.213464 0.212499 0.214412 0.210794 0.210794 0.212499 0.012005 0.012005 0.012005 0.212499 0.203994 0.206241 0.211909 0.198629 0.198629 0.211909 2.499541 1.993807 2.716762 4.203276 4.480379 2.716762 4.021208 4.292631 0.012005 4.850241 0.012005 5.100768 5.100768 5.100768 0.012005 0.012005 0.012005 0.189564 0.208472 0.189564 0.189564 7.115628
0.189564 0.189564 0.189564 0.189564 0.189564 1.798972 1.798972 0.207901 0.189564 0.189564 0.012005 0.012005 0.189564 0.189564 0.189564 0.189564 0.189564 0.189564 0.213729 0.217806 0.217806 0.217806 0.217806 0.207210 0.211635 0.212695 0.211635 0.214412 0.217806 0.217806 0.212499 0.211942 0.212499 0.198629 2.716762 4.339434 0.213729 0.212499 3.602752 3.167725 2.824403 2.873988 2.873988 4.203276 2.495409 6.055813 0.012005 0.203994 0.012005 0.012005 2.298444 4.556345 3.804218 3.544017 0.012005 0.012005 0.012005 0.012005 0.199563 0.208472 0.211185 0.199563 0.012005
0.189564 0.189564 0.189564 0.189564 0.876696 0.876696 0.189564 0.189564 0.189564 0.012005 0.012005 0.189564 0.189564 0.012005 0.189564 0.189564 0.189564 0.213729 0.213729 0.207210 0.217806 0.217806 0.207210 0.211635 0.217806 0.211635 0.212499 0.212499 0.217806 0.012005 0.212499 0.012005 0.211942 2.984428 4.060227 4.339434 0.211942 0.212499 0.212499 3.167725 2.824403 2.824403 2.824403 2.824403 3.925442 2.495409 3.115222 0.012005 0.212499 0.012005 0.212499 3.115222 3.115222 4.850241 0.012005 0.203994 0.203994 0.012005 0.208593 0.199563 0.199563 0.213729 3.983287
0.189564 0.189564 0.189564 0.876696 0.876696 0.211909 0.189564 0.012005 0.012005 0.189564 0.189564 0.189564 0.012005 0.012005 0.189564 0.189564 0.204226 0.204226 0.213729 0.214958 0.204226 0.217806 0.207210 0.219787 0.214412 0.212499 0.212499 0.212499 0.212499 0.012005 3.325216 0.012005 0.211942 4.850241 3.804218 4.693635 0.213729 0.198629 0.012005 0.210794 0.012005 2.785746 3.804218 0.012005 2.716762 3.115222 3.925442 0.012005 0.012005 5.100768 7.370785 0.213729 0.199176 0.219959 0.012005 0.012005 0.012005 0.012005 0.208593 0.209645 0.209645 0.209645 6.166226
0.189564 0.189564 0.189564 0.189564 0.207939 0.201099 0.207210 0.012005 0.012005 0.189564 0.189564 0.189564 0.012005 0.012005 0.189564 0.204226 0.204226 0.204226 0.214958 0.214958 0.207210 0.207210 0.214958 0.211635 0.206115 0.211635 0.211635 0.012005 0.211942 0.012005 0.012005 0.212499 0.212499 3.544017 4.850241 0.212499 0.012005 0.207921 0.210794 2.984428 2.863219 4.161874 4.850241 3.602752 2.824403 0.012005 0.012005 0.012005 3.325216 0.219109 0.213729 0.213729 0.203595 0.203595 0.212499 0.203994 0.012005 0.211942 0.208593 0.204457 0.204457 0.206241 0.210794
0.189564 0.189564 1.652358 0.211909 0.213719 0.201099 0.214412 0.012005 0.012005 0.189564 0.189564 0.189564 0.189564 0.012005 0.214412 0.204226 0.217806 0.217806 0.207210 0.207210 0.214958 0.204226 0.207210 0.210794 0.210794 0.217806 0.217806 0.212499 0.211942 0.212499 0.012005 3.544017 3.365503 4.060227 3.325216 0.012005 0.012005 0.207921 0.012005 0.012005 0.012005 4.850241 0.012005 0.012005 0.012005 0.012005 0.211942 3.671184 4.850241 0.203595 0.219109 0.213729 0.203595 0.219239 0.219239 0.189564 0.012005 0.012005 0.199563 0.204457 0.206241 0.206241 0.210794
0.189564 0.207572 0.206241 0.214412 0.206241 0.214412 0.189564 0.012005 0.012005 0.012005 0.012005 0.189564 0.204226 0.207210 0.204226 0.217806 0.207210 0.217806 0.207210 0.207210 0.204226 0.207210 0.207210 0.210794 0.210794 0.212499 0.212499 0.212499 0.012005 0.012005 0.012005 3.671184 0.012005 0.012005 0.012005 0.212499 0.012005 0.012005 0.012005 3.325216 0.012005 0.012005 0.012005 0.012005 0.012005 0.012005 0.213729 0.012005 0.012005 0.211942 0.209030 0.203595 0.219239 0.012005 0.012005 0.012005 0.012005 0.208593 0.204095 0.204457 0.214412 0.214412 0.210794
0.211909 0.211909 0.204226 0.207210 0.207210 0.204226 0.189564 0.012005 0.012005 0.012005 0.012005 0.204457 0.204226 0.207901 0.211909 0.207210 0.207210 0.217806 0.207210 0.207210 0.204457 0.217806 0.210855 0.012005 0.012005 0.212499 0.012005 0.012005 0.012005 0.012005 0.012005 0.012005 0.210794 0.211942 0.217806 0.202245 0.012005 4.556345 0.012005 3.804218 1.798972 3.544017 0.012005 0.012005 0.214958 0.209030 0.012005 0.012005 0.012005 0.209030 0.213729 0.203595 0.211942 0.211942 0.012005 0.012005 0.012005 0.012005 0.208593 0.199563 0.204457 0.217806 0.207210
0.207210 0.207210 0.217806 0.214412 0.213729 0.214958 0.189564 0.204457 0.012005 0.012005 0.204226 0.207210 0.214412 0.189564 0.208593 0.207210 0.217806 0.213729 0.212038 0.212038 0.204226 0.217806 0.210794 0.012005 0.012005 5.460914 3.804218 0.012005 5.100768 3.116513 3.116513 0.210794 0.198629 0.210794 0.217806 0.212499 0.210794 0.012005 0.012005 3.116513 0.012005 0.012005 0.012005 0.214958 0.214958 0.012005 0.012005 0.012005 0.012005 0.212750 0.212750 0.214412 0.203595 0.211942 0.012005 0.012005 0.012005 0.211909 0.211909 0.203236 0.213729 0.204226 0.217806
0.207210 0.217806 0.214412 0.204226 0.214958 0.189564 0.012005 0.204457 0.204226 0.204226 0.213729 0.207210 0.212499 0.212069 0.189564 0.207901 0.207901 0.189564 0.214412 0.212038 0.213729 0.207210 0.207210 0.204114 0.012005 4.850241 3.925442 4.693635 2.716762 5.661759 5.100768 4.556345 0.012005 0.012005 0.211635 0.212499 0.012005 0.214412 0.211635 0.012005 0.012005 0.211942 0.219239 0.211942 0.214958 0.212038 0.214412 0.211942 0.203595 0.213729 0.214412 0.210794 0.203595 0.213729 0.213729 0.012005 0.012005 0.211909 0.213729 0.203236 0.213729 0.204226 0.207210
0.217806 0.204226 0.204226 0.214412 0.214958 0.012005 0.012005 0.204457 0.204457 0.204226 0.213729 0.207210 0.214412 0.219787 0.189564 0.189564 0.189564 0.189564 0.199563 0.212038 0.212038 0.204226 0.214412 4.161874 0.212499 4.850241 4.240693 4.161874 3.804218 4.421749 3.116513 1.728573 0.217806 0.204114 0.204114 0.212499 0.012005 0.012005 0.012005 0.209030 0.212499 0.212499 0.212499 0.215996 0.213729 0.212038 0.203994 0.203595 0.213729 0.214412 0.210794 0.204095 0.211942 0.213729 0.012005 0.012005 0.207193 0.208472 0.204095 0.209030 0.204226 0.204226 0.204226
