Big_Beef/DataInputs30m/o_10_ChemistryPools/1990_Mar2025/DON_Pool_2.asc
ncols 345
nrows 426
xllcorner 508536.40413180296
yllcorner 5265678.99790656
cellsize 30
nodata_value -9999
[rows 112 to 139 of 426, columns 252 to 314 of 345]
0.207210 0.204457 0.217806 0.214958 0.207939 0.207210 0.213729 0.012005 0.012005 0.208593 0.210794 0.214412 0.208593 0.012005 0.207210 0.012005 0.199563 0.211909 0.012005 0.207210 0.208593 0.199563 0.211909 0.211909 0.012005 0.012005 0.189564 0.208593 0.214958 0.214958 0.214958 0.214958 0.207210 0.207210 0.208593 0.204457 0.209645 0.209645 0.203994 0.208593 0.207193 0.207193 0.214958 0.211909 0.211909 0.012005 0.210064 0.189564 0.189564 0.189564 0.208195 0.214595 0.189564 0.199563 0.220043 0.209645 0.206241 0.214958 0.214958 0.214958 0.207210 0.217806 0.210794
0.207210 0.214412 0.012005 0.214958 0.207210 0.207210 0.214595 0.214412 0.208593 0.208593 0.210855 0.207210 0.189564 0.207210 0.207210 0.012005 0.211909 0.211909 0.204457 0.204457 0.204457 0.214958 0.214958 0.214958 0.012005 0.208593 0.208593 0.209645 0.214958 0.214958 0.214958 0.214958 0.210794 0.210794 0.204457 0.204457 0.214958 0.214958 0.214958 0.209645 0.195753 0.204457 0.211909 0.210794 0.207210 0.207210 0.012005 0.212197 0.189564 0.189564 0.189564 0.189564 0.199563 0.210794 0.210794 0.210794 0.214958 0.214958 0.214958 0.207210 0.207210 0.214958 0.214958
0.210855 0.202245 0.012005 0.012005 0.012005 0.214958 0.210794 0.203994 0.213464 0.213729 0.211909 0.210855 0.214958 0.207210 0.207210 0.012005 0.211909 0.204457 0.214958 0.214958 0.214958 0.214958 0.214958 0.214958 0.211909 0.207210 0.204457 0.012005 0.012005 0.012005 0.012005 0.012005 0.012005 0.210794 0.012005 0.204457 0.214958 0.204457 0.204457 0.211909 0.210794 0.211635 0.210794 0.210794 0.207210 0.207210 0.012005 0.189564 0.213208 0.209809 0.211909 0.207193 0.209843 0.210794 0.207210 0.214958 0.214958 0.214958 0.214958 0.210794 0.214958 0.214958 0.214958
0.012005 0.202245 0.012005 0.012005 0.012005 0.203595 0.212499 0.212499 0.214958 0.214958 0.214958 0.214958 0.199176 0.199176 0.207210 0.012005 0.012005 0.204457 0.211909 0.211909 0.214958 0.214958 0.214958 0.214958 0.214958 0.214958 0.012005 0.012005 0.012005 0.012005 0.012005 0.012005 0.012005 0.012005 0.012005 0.012005 0.012005 0.207193 0.204457 0.211909 0.210794 0.210794 0.210794 0.204457 0.211349 0.211909 0.012005 0.208593 0.210794 0.211909 0.204457 0.204457 0.204457 0.207210 0.207210 0.207210 0.207210 0.207210 0.207210 0.207210 0.207210 0.207210 0.207210
0.012005 0.012005 0.214595 0.012005 0.012005 0.215996 0.212499 0.214958 0.209030 0.214958 0.214958 0.214958 0.214958 0.214958 0.214958 0.214958 0.211909 0.012005 0.199563 0.214958 0.199563 0.211909 0.199563 0.199563 0.208593 0.214958 0.012005 0.012005 0.012005 0.012005 0.012005 0.012005 0.012005 0.012005 0.012005 0.012005 0.012005 0.199563 0.207901 0.213719 0.209645 0.199563 0.214958 0.211349 0.189564 0.211349 0.209809 0.012005 0.210794 0.204457 0.210794 0.210794 0.213719 0.204226 0.207210 0.207210 0.207210 0.207210 0.207210 0.207210 0.207210 0.207210 0.207210
0.012005 0.012005 0.199176 0.012005 0.211635 0.207939 0.204457 0.211635 0.217806 0.012005 0.012005 0.012005 0.012005 0.012005 0.012005 0.214958 0.012005 0.012005 0.211909 0.199563 0.209645 0.210794 0.211909 0.199563 0.214958 0.214958 0.209198 0.012005 0.012005 0.012005 0.012005 0.012005 0.012005 0.012005 0.012005 0.012005 0.012005 0.012005 0.214344 0.211909 0.207901 0.199563 0.199563 0.206115 0.211349 0.189564 0.189564 0.012005 0.211909 0.210794 0.210794 0.207210 0.204457 0.207210 0.207210 0.203236 0.207210 0.214958 0.207210 0.207210 0.207210 0.207210 0.207210
0.012005 0.207210 0.199176 0.199176 0.211635 0.204809 0.012005 0.012005 0.012005 0.012005 0.211349 0.204457 0.012005 0.199563 0.012005 0.012005 0.012005 0.211909 0.212499 0.207901 0.199563 0.211909 0.199563 0.199563 0.210794 0.213742 0.210346 0.209198 0.012005 0.012005 0.012005 0.012005 0.012005 0.012005 0.012005 0.012005 0.012005 0.012005 0.199563 0.207901 0.199563 0.212695 0.206115 0.206115 0.212695 0.209030 0.209645 0.012005 0.208593 0.207210 0.207210 0.207210 0.207193 0.207210 0.214958 0.210794 0.207210 0.207210 0.207210 0.207210 0.207193 0.207210 0.207210
0.012005 0.214412 0.217806 0.012005 0.211635 0.207193 0.012005 0.210794 0.219787 0.012005 0.211349 0.204457 0.214958 0.204457 0.204457 0.012005 0.012005 0.199563 0.199563 0.199563 0.204457 0.208593 0.199563 0.207939 0.216019 0.212499 0.209198 0.209198 0.012005 0.012005 0.012005 0.012005 0.012005 0.012005 0.012005 0.012005 0.012005 0.204457 0.211909 0.207193 0.207193 0.208634 0.207939 0.199563 0.214958 0.204457 0.206241 0.012005 0.012005 0.207210 0.207210 0.208593 0.207210 0.207210 0.207210 0.207193 0.207193 0.207210 0.207210 0.207210 0.207210 0.207210 0.214958
0.012005 0.012005 0.012005 0.012005 0.012005 0.012005 0.204457 0.219787 0.212499 0.012005 0.012005 0.220043 0.217806 0.214958 0.214412 0.012005 0.012005 0.212695 0.211909 0.211909 0.211909 0.211909 0.207901 0.211909 0.211635 0.211635 0.219109 0.209198 0.012005 0.012005 0.012005 0.012005 0.012005 0.012005 0.012005 0.210794 0.207210 0.207210 0.210794 0.214344 0.208593 0.212499 0.206115 0.212695 0.202245 0.214958 0.211909 0.211909 0.012005 0.012005 0.208593 0.207193 0.207210 0.207210 0.214958 0.207210 0.207210 0.207210 0.207210 0.207210 0.207210 0.207210 0.214958
0.217806 0.217806 0.213464 0.210855 0.012005 0.208593 0.207210 0.210794 0.212499 0.012005 0.209030 0.204457 0.204226 0.204226 0.012005 0.012005 0.204226 0.204457 0.217806 0.211909 0.199563 0.211909 0.211909 0.214958 0.214958 0.211635 0.213742 0.206115 0.214958 0.012005 0.012005 0.012005 0.012005 0.012005 0.012005 0.210794 0.211909 0.214958 0.209198 0.209198 0.189564 0.214958 0.213464 0.214958 0.214958 0.214958 0.207210 0.207210 0.012005 0.012005 0.211349 0.208593 0.207193 0.207210 0.207210 0.207210 0.207210 0.207210 0.207210 0.207210 0.207210 0.214958 0.214958
0.202245 0.207210 0.202245 0.012005 0.189564 0.207210 0.213729 0.012005 0.012005 0.012005 0.220043 0.204457 0.217806 0.214958 0.012005 0.204226 0.199563 0.199563 0.210794 0.217806 0.204457 0.211909 0.211909 0.214958 0.214958 0.214958 0.213742 0.211635 0.209198 0.012005 0.012005 0.012005 0.012005 0.012005 0.012005 0.210794 0.214958 0.213742 0.213742 0.209198 0.213464 0.212695 0.214958 0.211909 0.199176 0.207210 0.204457 0.207210 0.012005 4.810941 6.022139 0.203994 0.202245 0.012005 0.012005 0.217806 0.202245 0.207210 0.207210 0.207210 0.214958 0.214958 0.214958
0.202245 0.012005 0.012005 0.012005 0.217806 0.207210 0.210794 0.210855 0.012005 0.199563 0.209645 0.204226 0.217806 0.012005 0.217806 0.204226 0.211942 0.214958 0.214958 0.217806 0.214958 0.204457 0.214958 0.214958 0.214958 0.214958 0.214958 0.219787 0.219787 0.012005 0.012005 0.012005 0.012005 0.012005 0.012005 0.214958 0.212499 0.211635 0.212499 0.199176 0.211909 0.212695 0.202245 0.207210 0.199176 0.207210 0.204226 0.204226 0.189564 0.012005 4.260923 3.983287 0.012005 0.012005 0.012005 0.207210 0.207210 0.207210 0.207210 0.214958 0.012005 0.012005 0.199563
0.212038 0.202245 0.214958 0.012005 0.214958 0.207210 0.207210 0.207210 0.212499 0.206150 0.214412 0.217806 0.214958 0.012005 0.217806 0.204457 0.214958 0.214958 0.214958 0.214412 0.214958 0.214958 0.214958 0.214958 0.214958 0.214958 0.210794 0.211909 0.212499 0.012005 0.012005 0.012005 0.012005 0.012005 0.207210 0.213742 0.213742 0.211635 0.211635 0.199176 0.212695 0.214958 0.214958 0.210794 0.210794 0.207939 0.207210 0.204457 0.214958 0.012005 4.810941 0.012005 0.012005 0.012005 0.012005 0.214958 0.207210 0.207210 0.204457 0.012005 0.012005 0.012005 0.012005
0.209030 0.214958 0.211942 0.209198 0.214958 0.207210 0.207210 0.217806 0.214958 0.214958 0.214958 0.214412 0.012005 0.012005 0.207210 0.214958 0.214958 0.214958 0.204457 0.214958 0.214958 0.214958 0.214958 0.214958 0.214958 0.214958 0.214958 0.214958 0.214958 0.214958 0.012005 0.012005 0.012005 0.012005 0.012005 0.213742 0.213742 0.212695 0.199176 0.212499 0.212695 0.212695 0.213742 0.213742 0.215168 0.214958 0.214958 0.207193 0.207193 0.012005 4.810941 0.211942 0.012005 4.850241 0.012005 0.012005 0.207210 0.207193 0.214958 0.012005 0.012005 0.012005 0.199563
0.214958 0.211909 0.211942 0.214958 0.202245 0.214958 0.214958 0.214958 0.214958 0.214958 0.214958 0.214958 0.012005 0.204457 0.204457 0.214958 0.214958 0.214958 0.214958 0.214958 0.214958 0.214958 0.214958 0.214958 0.214958 0.214958 0.214958 0.214958 0.214958 0.012005 0.012005 0.012005 0.012005 0.012005 0.217806 0.213742 0.214958 0.213742 0.208472 0.211185 0.212695 0.199563 0.205726 0.213742 0.214958 0.202245 0.207210 0.214958 0.214958 0.012005 0.012005 4.810941 4.850241 4.850241 0.214958 0.214958 0.214958 0.214958 0.012005 0.012005 0.207193 0.211177 0.209645
0.214958 0.214958 0.214958 0.217806 0.214958 0.217806 0.203236 0.214958 0.214958 0.213729 0.189564 0.204226 0.012005 0.012005 0.214958 0.213729 0.214958 0.208593 0.212499 0.214958 0.214958 0.214958 0.214958 0.204095 0.214958 0.214958 0.214958 0.214958 0.217806 0.012005 0.012005 0.012005 0.012005 0.214412 0.214958 0.214958 0.210794 0.212499 0.189564 0.214344 0.189564 0.189564 0.209198 0.213742 0.213742 0.214958 0.214958 0.210794 0.211942 0.189564 0.012005 0.211349 0.211942 0.211635 0.214958 0.214958 0.199563 0.199563 0.012005 0.207901 0.189564 0.211177 0.207193
0.214958 0.214958 0.214958 0.217806 0.217806 0.210794 0.203236 0.208593 0.212499 0.211942 0.204457 0.012005 0.012005 0.204457 0.214958 0.214958 0.210794 0.214412 0.210794 0.214958 0.214958 0.214958 0.214958 0.214958 0.214958 0.214958 0.214958 0.217806 0.214958 0.012005 0.012005 0.012005 0.012005 0.012005 0.217806 0.199176 0.216019 0.206115 0.189564 0.189564 0.195253 0.214958 0.209198 0.202245 0.210794 0.214958 0.214958 0.211942 0.012005 0.012005 0.012005 0.208593 0.211942 0.214958 0.210794 0.213464 0.212499 0.199563 0.214958 0.208593 0.211177 0.211177 0.189564
0.210794 0.214958 0.204457 0.204226 0.214958 0.217806 0.012005 0.213729 0.212499 0.189564 0.012005 0.012005 0.012005 0.208593 0.214958 0.214958 0.210794 0.012005 0.212499 0.204095 0.214958 0.212499 0.214958 0.214958 0.214958 0.214958 0.214958 0.214958 0.214958 0.012005 0.012005 0.012005 0.012005 0.012005 0.012005 0.199176 0.207865 0.189564 0.214344 0.189564 0.210794 0.213742 0.213742 0.199176 0.214958 0.214958 0.214958 0.212499 0.189564 0.208472 0.012005 0.012005 0.211942 0.212695 0.214958 0.211909 0.212499 0.214958 0.214958 0.210794 0.189564 0.189564 0.189564
0.214958 0.208522 0.203236 0.204226 0.012005 0.012005 0.012005 0.211909 0.012005 0.012005 0.012005 0.012005 0.211909 0.199563 0.214958 0.211909 0.208472 0.210794 0.212499 0.198629 0.213208 0.213742 0.213742 0.214958 0.214958 0.214958 0.217806 0.214958 0.214958 0.012005 0.012005 0.012005 0.012005 0.012005 0.012005 0.204114 0.211635 0.189564 0.189564 0.212695 0.211635 0.214595 0.199176 0.214958 0.210794 0.210794 0.213742 0.204095 0.211942 0.012005 0.211349 0.211942 0.012005 0.214958 0.214958 0.214958 0.212499 0.214958 0.214958 0.208593 0.189564 0.189564 0.189564
0.214958 0.210794 0.012005 0.012005 0.012005 0.213729 0.012005 0.012005 0.211909 0.012005 0.204457 0.211177 0.012005 0.012005 0.208593 0.012005 0.012005 0.207193 0.198629 0.198629 0.212499 0.212499 0.213742 0.210794 0.214958 0.214958 0.217806 0.217806 0.214958 0.012005 0.012005 0.012005 0.012005 0.012005 0.012005 0.204114 0.211635 0.199563 0.199563 0.214958 0.214958 0.213742 0.213742 0.202245 0.214958 0.199176 0.211942 0.189564 0.216019 0.199577 0.208593 0.214958 0.012005 0.208593 0.214412 0.199563 0.214958 0.214958 0.214958 0.208593 0.222491 0.189564 0.189564
0.214958 0.012005 0.012005 0.012005 0.012005 0.012005 0.207210 0.012005 0.214958 0.012005 0.208593 0.208593 0.207193 0.012005 0.012005 0.012005 0.211635 0.211942 0.212499 0.219239 0.211909 0.213742 0.214958 0.212499 0.214958 0.214958 0.217806 0.214958 0.012005 0.012005 0.012005 0.012005 0.012005 0.214958 0.012005 0.012005 0.210794 0.210794 0.211635 0.214958 0.213742 0.213742 0.214958 0.207210 0.214958 0.214958 0.213729 0.012005 0.208472 0.203994 0.211942 0.203994 0.012005 0.208593 0.214958 0.210794 0.214958 0.214958 0.214958 0.210794 0.208593 2.122497 0.876696
0.012005 0.199176 0.214958 0.012005 0.012005 0.189564 0.189564 0.213729 0.012005 0.012005 0.207210 0.012005 0.204457 0.211909 0.012005 0.012005 0.210794 0.212499 0.208593 0.212499 0.214958 0.213742 0.210794 0.210794 0.214958 0.207210 0.217806 0.214958 0.214958 0.012005 0.012005 0.012005 0.214412 0.012005 0.012005 0.012005 0.207210 0.211635 0.212499 0.214595 0.213742 0.210794 0.214958 0.214958 0.012005 0.214958 0.213729 0.189564 0.208593 0.211942 0.214958 0.211942 0.208472 0.012005 0.189564 0.214958 0.210794 0.214958 0.214958 0.211635 0.222491 0.876696 0.876696
0.214958 0.212499 0.214958 0.012005 0.012005 0.189564 0.012005 0.213729 0.012005 0.211909 0.207210 0.208593 0.213729 0.211909 0.012005 0.212499 0.012005 0.211635 0.012005 0.210794 0.210794 0.214958 0.214958 0.210794 0.210794 0.214958 0.214958 0.214958 0.214958 0.012005 0.214958 0.214958 0.214412 0.012005 0.012005 0.012005 0.204457 0.214595 0.212499 0.214595 0.214595 0.210794 0.210794 0.214958 0.012005 0.012005 0.214958 0.208593 0.214958 0.211942 0.214958 0.212499 0.012005 0.012005 0.212499 0.214958 0.214958 0.207210 0.214958 0.208593 0.189564 0.876696 0.189564
0.012005 0.215996 0.199563 0.209645 0.189564 0.217806 0.213729 0.213729 0.214412 0.012005 0.012005 0.214412 0.214412 0.208593 0.012005 0.012005 0.212499 0.210794 0.212499 0.212499 0.212499 0.214958 0.214958 0.210794 0.214958 0.214958 0.210794 0.214958 0.012005 0.207210 0.211909 0.204226 0.012005 0.012005 0.012005 0.012005 0.012005 0.012005 0.208593 0.204114 0.212499 0.214958 0.210794 0.012005 0.012005 0.012005 0.012005 0.211349 0.211942 0.211942 0.012005 0.210794 0.219787 0.012005 0.208593 0.214958 0.214958 0.207210 0.212499 4.810941 0.876696 0.189564 0.189564
0.012005 0.212038 0.213729 0.209645 0.215317 0.212038 0.213729 0.012005 0.012005 0.012005 0.211909 0.214412 0.214412 0.208593 0.219787 0.012005 0.210064 0.203994 0.212499 0.211909 0.213742 0.199176 0.214958 0.210794 0.214958 0.210794 0.212499 0.212499 0.213742 0.204457 0.211909 0.214958 0.214958 0.012005 0.012005 0.012005 0.012005 0.012005 0.208593 0.203994 0.214958 0.214958 0.012005 0.012005 0.012005 0.012005 0.214958 0.204095 0.211942 0.214958 0.012005 0.012005 0.012005 0.012005 0.208593 0.208593 0.212499 0.210794 0.012005 0.012005 0.208472 0.876696 0.189564
0.215317 0.212038 0.207921 0.198544 0.215317 0.212499 0.211942 0.210794 0.012005 0.208593 0.208593 0.214412 0.214412 0.208593 0.219787 0.012005 0.214412 0.208593 0.203994 0.214958 0.214958 0.213742 0.214958 0.214958 0.212499 0.199176 0.209198 0.209030 0.212499 0.212695 0.214958 0.204457 0.204226 0.012005 0.012005 0.012005 0.012005 0.012005 0.012005 0.208593 0.209645 0.012005 0.012005 0.012005 0.012005 0.214958 0.204095 0.204095 0.211909 0.214958 0.214958 0.204457 0.204226 0.012005 0.012005 0.012005 0.012005 0.012005 0.012005 0.012005 0.189564 0.876696 1.798972
0.012005 0.207921 0.212038 0.203595 0.203595 0.210794 0.211942 0.210794 0.012005 0.211909 0.208593 0.012005 0.012005 0.012005 0.189564 0.201230 0.212499 0.012005 0.208593 0.214958 0.210794 0.199176 0.214958 0.210794 0.212499 0.209198 0.212499 0.212499 0.214958 0.212695 0.214958 0.213464 0.012005 0.012005 0.012005 0.012005 0.012005 0.012005 0.012005 0.012005 0.012005 0.012005 0.012005 0.012005 0.012005 0.012005 0.012005 0.012005 0.208522 0.214958 0.214958 0.207210 0.207210 0.214958 0.012005 0.012005 0.012005 0.012005 0.012005 0.012005 0.189564 0.189564 0.189564
0.213729 0.206241 0.213282 0.211333 0.211635 0.203994 0.208593 0.210794 0.012005 0.211909 0.211909 0.211909 0.208593 0.189564 0.208593 0.012005 0.213729 0.213729 0.214958 0.212499 0.212499 0.210794 0.214958 0.214958 0.212499 0.212499 0.219787 0.210794 0.199176 0.210794 0.214958 0.204457 0.012005 0.012005 0.012005 0.012005 0.012005 0.012005 0.012005 0.012005 0.012005 0.012005 0.012005 0.012005 0.012005 0.012005 0.012005 0.012005 0.214958 0.220043 0.214958 0.012005 0.214958 0.012005 0.012005 0.012005 0.012005 0.012005 0.012005 0.208593 0.207193 0.208593 0.211177
