Big_Beef/DataInputs30m/o_10_ChemistryPools/1990_Mar2025/DON_Pool_3.asc
ncols 345
nrows 426
xllcorner 508536.40413180296
yllcorner 5265678.99790656
cellsize 30
nodata_value -9999
[rows 364 to 391 of 426, columns 0 to 62 of 345]
0.045769 0.002831 0.002831 0.002831 0.048746 0.047414 0.002831 0.545893 0.002831 0.663345 0.945696 0.945696 0.051306 0.048003 0.002831 0.002831 0.002831 2.152272 0.049098 0.049098 0.050868 0.048746 0.002831 0.002831 0.002831 0.048407 0.044656 0.002831 0.002831 0.044656 0.002831 0.048104 0.048407 0.049328 0.048407 0.048746 0.046864 0.048746 0.049636 0.048579 0.048579 0.049636 0.002831 0.002831 0.002831 0.002831 0.047970 0.002831 0.002831 0.002831 0.002831 0.002831 0.002831 0.002831 0.049636 0.002831 0.002831 0.002831 0.002831 0.002831 0.002831 0.002831 0.002831
0.048557 0.002831 0.002831 0.049328 0.048407 0.002831 0.002831 0.002831 0.002831 0.545893 0.945696 1.191737 1.811257 0.545893 0.002831 0.002831 0.002831 0.047548 1.298522 0.047414 0.047254 0.049328 0.002831 0.049413 0.044656 0.045769 0.048113 0.048262 0.049328 0.048104 0.002831 0.049328 0.049134 0.048407 0.048407 0.049636 0.049636 0.049960 0.049636 0.047254 0.047254 0.048579 0.049328 0.002831 0.044656 0.002831 0.002831 0.048104 0.002831 0.002831 0.002831 0.002831 0.002831 0.002831 0.047254 0.002831 0.002831 0.002831 0.002831 0.048407 0.047931 0.049670 0.002831
0.048104 0.002831 0.049328 0.049328 0.044656 0.002831 0.002831 0.002831 0.002831 0.002831 1.827400 0.049636 0.049328 0.048104 0.002831 0.002831 0.048003 0.049098 0.049636 0.047414 0.047414 0.049098 0.047654 0.049328 0.002831 0.048104 0.002831 0.045769 0.045769 0.048401 0.002831 0.048407 0.048746 0.049636 0.049636 1.922528 1.208715 0.049873 0.047254 0.047254 0.047254 1.640341 0.049636 0.047902 0.047902 0.002831 0.047970 0.048407 0.002831 0.002831 0.002831 0.002831 0.002831 0.002831 0.047254 0.047254 0.048370 0.002831 0.002831 0.002831 0.049495 0.045769 0.002831
0.048113 0.002831 0.002831 0.002831 0.002831 0.369916 0.369916 0.002831 0.002831 0.002831 0.545893 0.049636 0.049636 0.048746 0.002831 0.002831 0.048113 0.047414 0.049636 0.047414 0.048746 0.049098 0.048746 0.048746 0.002831 0.002831 0.002831 0.002831 0.045769 0.049328 0.002831 0.048746 0.049873 0.048746 1.520150 1.640341 0.047254 0.047254 0.048746 0.049345 0.048579 0.047254 1.797875 0.002831 0.049413 0.002831 0.048863 0.048407 0.002831 0.002831 0.002831 0.002831 0.002831 0.051515 0.049636 0.048746 0.049636 0.049636 0.047254 0.002831 0.002831 0.048370 0.002831
0.048262 0.002831 0.002831 0.002831 0.002831 0.048104 3.237241 0.895573 0.002831 0.002831 0.369916 0.047254 0.047254 0.002831 0.002831 0.002831 0.002831 0.049636 0.047254 0.049636 0.049636 0.048746 0.048746 0.048746 0.048407 0.002831 0.002831 0.002831 0.048579 0.045769 0.002831 0.048407 0.046342 0.048746 0.824393 0.049328 0.048579 0.048579 0.933682 0.049345 1.098874 0.049636 1.797875 0.049098 0.046390 0.002831 0.002831 0.047414 0.047254 0.002831 0.002831 0.002831 0.002831 0.002831 0.049636 0.002831 0.002831 0.049636 0.049636 0.002831 0.002831 0.048370 0.002831
0.002831 0.002831 0.047254 0.048262 0.049328 2.127818 0.002831 0.687126 1.578159 0.002831 0.002831 0.933682 1.797875 2.042869 0.002831 0.049328 0.002831 0.047254 0.049636 0.049636 0.049636 0.048746 0.045769 0.044656 0.002831 0.002831 0.002831 0.002831 0.048557 0.002831 0.048407 0.048407 0.046342 0.048746 0.049328 0.047254 0.048579 0.048579 0.048579 0.049345 0.945696 0.047254 0.047254 1.062875 0.002831 0.002831 0.002831 0.002831 0.002831 0.002831 0.002831 0.002831 0.002831 0.049005 0.049495 0.002831 0.048746 0.048104 0.049328 0.002831 0.002831 0.048370 0.002831
0.049328 0.002831 0.048113 0.049328 0.047920 0.049098 0.049189 1.010877 1.578159 0.002831 1.062875 1.471792 1.578159 0.002831 0.049328 0.049328 0.002831 0.048746 0.047254 0.048746 0.049636 0.045769 0.049328 0.045769 0.002831 0.002831 0.002831 0.048407 0.048557 0.002831 0.002831 0.048746 0.046342 0.047254 0.049873 0.048579 0.049616 0.048579 0.049345 0.046212 0.824393 0.049328 1.605166 2.152226 0.002831 2.011376 0.002831 0.002831 0.044656 0.002831 0.002831 0.002831 0.049191 0.049098 0.049495 0.002831 0.048104 0.048104 0.049328 0.002831 0.002831 0.002831 0.044656
0.002831 0.002831 0.002831 0.002831 0.002831 0.002831 0.002831 1.459866 1.477846 0.002831 1.062875 1.208715 0.632053 0.002831 0.002831 0.002831 0.045769 0.047414 0.046954 0.049636 0.048746 0.050428 0.049397 1.191737 0.047336 0.002831 0.002831 0.002831 0.047931 0.049328 0.002831 0.049328 0.048746 0.049873 0.049873 0.047254 0.049616 0.048579 0.047254 0.049873 1.021252 0.048746 0.047254 0.049005 0.045769 0.002831 0.002831 0.002831 0.049413 0.002831 0.002831 0.002831 0.002831 0.049098 0.049328 0.049691 0.048962 0.048104 0.048104 0.047920 0.002831 0.002831 0.002831
0.002831 0.002831 0.002831 0.002831 0.002831 0.002831 0.002831 1.946585 0.002831 0.002831 0.047920 1.098874 1.403053 0.610420 0.002831 0.002831 0.002831 0.047254 0.049636 0.048746 0.047254 0.048557 0.046954 2.643496 0.610420 0.049345 0.049345 0.044656 0.044656 0.002831 0.002831 0.049328 0.049636 0.049345 0.048746 0.049191 0.049616 0.048003 0.048746 0.047254 0.048746 0.049636 0.002831 0.002831 0.048003 0.045769 0.002831 0.045769 0.049328 0.048407 0.002831 0.002831 0.002831 0.002831 0.049636 0.049636 0.049328 0.048407 0.049691 0.044656 0.002831 0.002831 0.002831
0.047654 0.002831 0.002831 0.002831 0.002831 0.002831 0.002831 0.002831 0.049098 0.002831 1.640341 0.048746 0.796373 0.654057 0.895573 1.062875 0.002831 0.047254 0.049636 0.002831 0.047548 0.045769 0.048104 0.047152 0.824393 0.002831 0.002831 0.044656 0.044656 0.002831 0.048407 0.049328 0.047165 0.047165 0.049191 0.049189 0.047931 0.002831 1.298522 2.127818 0.002831 1.922528 1.797875 0.048579 0.048104 0.045769 0.002831 0.545893 0.047931 0.048407 0.049636 0.002831 0.002831 0.002831 0.049636 0.048746 0.002831 0.002831 0.002831 0.002831 0.002831 0.002831 0.002831
0.002831 0.002831 0.048746 0.048407 0.002831 0.047970 0.002831 0.048726 1.062875 0.047920 0.047254 0.047254 1.208715 1.208715 0.632053 1.395108 0.002831 0.046954 0.049328 0.048407 0.048104 0.045769 0.048407 0.048407 0.048401 1.403053 0.369916 0.545893 0.048739 0.045355 0.002831 0.045769 0.049636 0.002831 0.047548 0.049328 0.048104 0.047254 1.208715 0.049636 0.048746 1.605166 0.048746 0.049873 0.002831 0.047336 1.395108 0.002831 0.046864 0.050575 0.049636 0.002831 0.002831 0.002831 0.002831 0.048003 0.002831 0.048003 0.002831 0.002831 0.002831 0.002831 0.002831
0.002831 0.002831 0.050868 0.049328 0.002831 0.048104 0.002831 0.002831 0.002831 1.062875 0.049098 1.922528 1.220223 0.997487 1.797875 0.002831 0.002831 0.049328 0.048746 0.050484 0.049328 0.045769 0.048746 0.048746 0.046390 0.002831 0.002831 0.369916 0.048739 0.002831 0.002831 0.048407 0.045769 0.049098 0.049328 0.048962 0.048104 1.459866 1.797875 0.002831 0.002831 0.044656 0.046342 0.051306 0.002831 0.610420 0.648473 0.002831 0.002831 0.048746 0.048746 0.002831 0.002831 0.002831 0.002831 0.002831 0.044656 0.044656 0.002831 0.002831 0.002831 0.002831 0.047920
0.002831 0.049328 0.044656 0.046864 0.002831 0.002831 0.002831 0.002831 0.002831 0.002831 0.002831 0.002831 0.048003 0.002831 1.477846 0.002831 0.002831 0.048746 0.048746 0.050484 0.045769 0.049328 0.048407 0.047931 0.002831 0.002831 0.002831 0.369916 0.045769 0.002831 0.046390 0.047165 0.048407 0.049328 0.045769 0.002831 0.002831 1.459866 1.922528 2.127818 1.122345 0.048231 1.075422 0.945696 0.796373 2.127818 2.127818 0.048262 0.002831 0.049328 0.049328 0.002831 0.002831 0.002831 0.049098 0.002831 0.002831 0.048104 0.049328 0.002831 0.002831 0.044656 0.048370
0.049189 0.048746 0.049098 0.048407 0.048104 0.002831 0.002831 0.002831 0.002831 0.002831 0.002831 0.002831 0.002831 0.044656 0.002831 0.002831 0.047414 0.048746 0.048407 0.049328 0.050868 0.044656 0.047152 0.002831 0.002831 0.002831 0.002831 0.002831 0.048557 0.002831 0.048401 0.045769 0.045769 0.049328 0.002831 0.049636 0.049345 0.048003 0.049005 0.047254 0.049345 0.047254 1.797875 0.048579 2.152226 2.152226 0.796373 0.047336 0.048557 0.046954 0.002831 0.002831 0.002831 0.002831 0.045769 0.049328 0.002831 0.002831 0.049636 0.049636 0.049098 0.050868 0.050868
0.002831 0.002831 0.048407 0.048407 0.002831 0.002831 0.002831 0.002831 0.002831 0.002831 0.002831 0.045769 0.002831 0.045769 0.002831 0.047970 0.047414 0.049636 0.049328 0.045882 0.050484 0.048746 0.047931 0.048003 0.002831 0.002831 0.002831 0.002831 0.002831 0.002831 0.002831 0.047336 0.047970 0.045769 0.049345 0.049345 0.049005 0.049005 0.049328 0.049345 1.208715 1.208715 0.049328 0.049873 0.046875 0.047654 0.049005 0.002831 0.002831 0.048863 0.002831 0.002831 0.002831 0.002831 0.049098 0.050868 0.048746 0.002831 0.002831 0.050868 0.049636 0.002831 0.046954
0.002831 0.002831 0.048407 0.048746 1.922528 0.002831 0.002831 0.002831 0.002831 0.002831 0.002831 0.049328 1.578159 0.002831 0.002831 0.045769 0.047414 0.049636 0.002831 0.049636 0.048746 0.048746 0.002831 0.002831 0.002831 0.002831 0.002831 0.002831 0.002831 0.002831 3.237241 0.049328 0.047970 0.048104 0.049345 0.049636 0.049345 0.048746 0.049005 1.471792 0.047254 1.797875 0.047254 0.049636 0.048370 0.049191 1.403053 0.049345 0.002831 0.002831 0.044656 0.002831 0.002831 0.049098 0.050868 0.049328 0.049636 0.002831 0.002831 0.002831 0.002831 0.002831 0.044656
0.048104 1.578159 0.045769 0.049098 0.002831 0.002831 0.002831 0.002831 0.002831 0.002831 0.002831 2.152226 0.002831 1.459866 0.002831 0.049328 0.047414 0.002831 0.002831 0.002831 0.002831 0.002831 0.002831 0.002831 0.002831 0.002831 0.048407 0.002831 0.048407 0.002831 0.002831 2.643496 1.459866 0.044656 0.049345 0.050428 0.824393 0.945696 1.471792 2.152226 2.152226 0.047254 0.788252 0.047254 1.827400 1.208715 0.048746 0.051306 0.002831 0.002831 0.002831 0.002831 0.002831 0.047920 0.046954 0.049328 0.002831 0.048370 0.002831 0.002831 0.002831 0.002831 0.044656
0.002831 0.048104 0.045769 2.127818 1.578159 0.002831 0.047336 0.002831 0.002831 1.208715 1.208715 0.047254 1.864737 0.002831 0.002831 0.047254 0.002831 0.002831 0.002831 0.002831 0.002831 0.002831 0.002831 0.002831 0.002831 0.002831 0.002831 0.048104 0.047970 0.047970 0.049328 0.048407 0.048407 0.049328 0.002831 1.062875 1.141888 1.471792 1.578159 1.578159 0.049005 1.220223 1.748177 0.050137 0.048370 1.208715 0.048746 0.050428 0.002831 0.002831 0.002831 0.002831 0.002831 0.047920 0.046589 0.002831 0.002831 0.048370 0.048231 0.048231 0.002831 0.002831 0.002831
0.002831 0.047336 0.002831 0.687126 0.002831 0.002831 0.047336 0.002831 0.002831 0.047254 0.049345 0.049636 0.049636 0.002831 0.048003 0.048746 0.049345 0.049636 0.002831 0.002831 0.002831 0.002831 0.002831 0.002831 0.002831 0.045355 0.049328 0.048104 0.047654 0.047654 0.049098 0.049098 0.048407 0.687126 0.654057 1.075422 1.141888 1.262908 1.062875 1.062875 1.062875 0.050428 0.050484 0.048746 0.049873 0.046875 0.048370 0.047970 0.047336 0.045769 0.002831 0.002831 0.002831 0.048579 0.050428 0.002831 0.002831 0.048557 0.045147 0.048746 0.048746 0.002831 0.002831
0.044656 0.002831 0.002831 0.002831 0.049328 0.049670 0.048104 0.002831 0.002831 0.047254 0.047254 0.047254 0.045882 0.002831 0.002831 0.002831 0.045769 0.046954 0.002831 0.002831 0.002831 0.002831 0.002831 0.002831 0.002831 0.047152 0.047654 0.047152 0.047350 0.049191 0.049098 0.049098 0.048746 0.002831 1.220223 1.075422 1.141888 1.262908 0.997487 1.208715 1.062875 1.457066 0.047254 0.048579 0.048579 0.047254 0.997487 0.050428 0.050428 0.002831 0.002831 0.002831 0.002831 0.049098 0.048557 0.048104 0.045769 0.050868 0.047654 0.048746 0.002831 0.002831 0.002831
0.002831 0.002831 0.002831 0.002831 0.047414 0.048579 0.049345 0.002831 0.002831 0.049636 0.049636 0.049098 0.002831 0.002831 0.045882 0.002831 0.002831 0.049636 0.002831 0.002831 0.002831 0.002831 0.002831 0.002831 0.048579 0.049098 0.002831 0.002831 0.049636 0.048746 0.048746 0.048407 0.049328 0.047254 0.933682 1.075422 1.141888 1.141888 1.262908 1.208715 0.047254 1.208715 0.933682 1.208715 1.208715 1.208715 1.208715 0.047920 1.298522 0.002831 0.002831 0.002831 0.002831 0.002831 0.048557 0.048962 0.046954 0.048746 0.048746 0.002831 0.002831 0.002831 0.002831
0.049098 0.049328 0.049328 0.002831 0.049328 0.047254 0.002831 0.002831 0.545893 0.369916 0.044656 0.048104 0.002831 0.048113 0.047254 0.002831 0.002831 0.049636 0.002831 0.048407 0.002831 0.002831 0.002831 0.002831 0.002831 0.047152 0.048407 0.002831 0.002831 0.048407 0.048407 0.048407 0.048407 0.002831 1.062875 1.075422 1.605166 0.824393 0.997487 1.208715 0.047254 1.208715 1.208715 1.098874 1.827400 1.208715 1.262908 1.075422 0.002831 0.002831 0.002831 0.047920 0.002831 0.002831 0.048962 0.048407 0.048407 0.049328 0.049636 0.049636 0.002831 0.002831 0.002831
0.048104 0.048104 0.048746 0.049328 0.047414 0.002831 0.002831 0.369916 0.369916 0.002831 0.044656 0.048104 0.002831 0.049328 0.002831 0.048104 0.049636 0.047414 0.002831 0.049636 0.002831 0.002831 0.002831 0.002831 0.049636 0.048407 0.002831 0.002831 0.002831 0.048407 0.002831 0.002831 0.002831 0.002831 0.933682 0.945696 1.605166 0.758478 0.051317 0.047254 0.047254 0.048579 1.208715 1.141888 1.827400 1.262908 1.208715 1.938952 1.098874 0.002831 0.049636 0.048579 0.047920 0.049328 0.002831 0.045769 0.049636 0.047970 0.049636 0.048746 0.002831 0.002831 0.002831
0.047970 0.048104 0.049328 0.047414 0.049636 0.002831 0.002831 0.369916 1.375269 2.127818 2.127818 0.048104 0.002831 0.049098 0.049098 0.048104 0.047254 0.047414 0.002831 0.049636 0.002831 0.002831 0.002831 0.002831 0.049636 0.048407 0.002831 0.002831 0.048407 0.049328 0.002831 0.002831 0.002831 0.002831 0.002831 0.002831 0.002831 0.002831 1.444617 1.208715 0.047254 0.047254 0.047254 1.208715 1.075422 2.600383 1.208715 0.049189 0.049098 0.048231 0.048579 0.048104 0.048863 0.045769 0.002831 0.002831 0.049636 0.049636 0.049636 0.002831 0.049636 0.048746 0.048746
0.002831 0.002831 0.049328 0.048746 0.047920 0.002831 0.002831 0.545893 1.578159 1.578159 2.159216 0.002831 0.044656 0.050979 0.002831 0.049328 0.047254 0.002831 0.049636 0.002831 0.002831 0.002831 0.002831 0.002831 0.002831 0.002831 0.002831 0.002831 0.049328 0.046140 0.002831 0.002831 0.002831 0.002831 0.002831 0.002831 0.002831 0.002831 1.208715 1.208715 0.047920 0.047254 1.208715 1.208715 1.208715 1.208715 1.262908 0.047920 0.047336 0.047920 0.049328 0.049328 0.002831 0.002831 0.002831 0.002831 0.049636 0.049636 0.049636 0.045147 0.045147 0.049191 0.045147
0.002831 0.002831 0.048104 0.044656 0.044656 0.002831 0.002831 0.545893 0.821176 0.002831 0.002831 0.002831 0.049098 0.045769 0.045769 0.049098 0.047254 0.002831 0.002831 0.002831 0.002831 0.002831 0.002831 0.047254 0.002831 0.002831 0.002831 0.002831 0.002831 0.002831 0.002831 0.002831 0.002831 0.002831 0.002831 0.002831 0.002831 0.002831 1.797875 1.578159 0.049098 0.047254 0.047254 0.050484 1.075422 1.262908 1.827400 0.049636 0.049328 0.045882 0.049328 0.049328 0.045769 0.045769 0.002831 0.002831 0.002831 0.047920 0.049636 0.049636 0.049191 0.048231 0.049328
0.002831 0.044656 0.002831 0.044656 0.044656 0.002831 0.369916 0.002831 0.002831 0.002831 0.002831 0.002831 0.002831 0.002831 0.048579 0.049098 0.047254 0.002831 0.002831 0.002831 0.002831 0.002831 0.002831 0.049005 0.002831 0.002831 0.002831 0.045769 0.002831 0.002831 0.002831 0.002831 0.002831 0.002831 0.002831 0.002831 0.002831 0.002831 0.945696 1.864737 1.062875 0.047254 0.047254 1.640341 1.208715 0.997487 0.997487 0.049636 0.049636 0.046864 0.049328 0.048407 0.048962 0.048746 0.047920 0.045769 0.002831 0.046954 0.049636 0.048746 0.048746 0.048746 0.048003
0.002831 0.002831 0.002831 0.044656 0.044656 0.002831 1.831006 0.002831 0.002831 0.048104 0.044656 0.044656 0.002831 0.047970 0.002831 0.047920 0.048231 0.002831 0.002831 0.002831 0.002831 0.047254 0.048746 0.049098 0.002831 0.002831 0.002831 0.047970 0.045769 0.002831 0.002831 0.002831 0.002831 0.002831 0.002831 0.002831 0.002831 0.002831 0.002831 1.075422 1.314453 0.788252 0.048370 1.075422 0.047254 0.047254 0.047254 0.049636 0.046864 0.049328 0.049328 0.049189 0.049345 0.050428 0.045769 0.002831 0.002831 0.046954 0.048407 0.048746 0.047414 0.048746 0.047336
