Big_Beef/DataInputs30m/o_10_ChemistryPools/1990_Mar2025/DON_Pool_4.asc
ncols 345
nrows 426
xllcorner 508536.40413180296
yllcorner 5265678.99790656
cellsize 30
nodata_value -9999
[rows 364 to 391 of 426, columns 126 to 188 of 345]
0.001471 0.000099 0.000099 0.000099 0.000099 0.000099 0.001541 0.000099 0.000099 0.000099 0.000099 0.000099 0.000000 0.000099 0.000099 0.000099 0.001196 0.000099 0.000099 0.000990 0.000099 0.001644 0.000999 0.000455 0.001196 0.001366 0.001096 0.001087 0.001196 0.000000 0.001366 0.001366 0.001196 0.001520 0.001366 0.000390 0.000494 0.001213 0.001213 0.000990 0.001213 0.001248 0.000847 0.001196 0.000485 0.000485 0.000847 0.001196 0.000847 0.001106 0.001106 0.001106 0.000968 0.001106 0.001106 0.000968 0.000968 0.000968 0.000847 0.000968 0.000968 0.000968 0.000968
0.000099 0.000099 0.000099 0.000099 0.000099 0.000099 0.000099 0.000099 0.000099 0.000099 0.000099 0.000099 0.000099 0.000000 0.000000 0.000099 0.000630 0.000999 0.001213 0.001366 0.001471 0.000099 0.000484 0.001096 0.001196 0.001213 0.001196 0.001196 0.001544 0.000000 0.000000 0.000630 0.000484 0.001520 0.001520 0.000494 0.000990 0.001248 0.000494 0.000494 0.001213 0.000430 0.000847 0.001196 0.001198 0.001106 0.000847 0.001106 0.001213 0.001106 0.001106 0.000968 0.000968 0.000968 0.000968 0.000641 0.000968 0.000968 0.000968 0.000968 0.000968 0.000968 0.000968
0.000099 0.000099 0.000099 0.000099 0.000099 0.001541 0.000099 0.000099 0.000099 0.000099 0.000099 0.000099 0.000099 0.000000 0.000852 0.000099 0.000099 0.001198 0.001366 0.001366 0.001087 0.000990 0.001196 0.001196 0.001198 0.000630 0.001198 0.001213 0.001096 0.001196 0.001096 0.001087 0.001196 0.000456 0.000990 0.001198 0.000990 0.001213 0.001520 0.000494 0.000494 0.001198 0.001198 0.000847 0.000847 0.001198 0.000099 0.001198 0.001213 0.001106 0.001106 0.001106 0.000968 0.000968 0.000968 0.000968 0.000968 0.000968 0.000968 0.000968 0.000968 0.000968 0.000226
0.000099 0.000099 0.000099 0.000099 0.000099 0.001541 0.000099 0.000099 0.000099 0.000099 0.000099 0.000000 0.000099 0.000000 0.001393 0.001366 0.000099 0.000099 0.000099 0.001289 0.001213 0.001520 0.001366 0.001198 0.001198 0.001198 0.001196 0.001196 0.001289 0.001196 0.001096 0.001096 0.001096 0.001520 0.001198 0.000990 0.000990 0.001213 0.001213 0.001238 0.001520 0.001196 0.001196 0.001106 0.001248 0.001196 0.001198 0.001196 0.001196 0.001106 0.000847 0.001213 0.000968 0.000968 0.000968 0.000968 0.000226 0.000226 0.000968 0.000968 0.000968 0.000226 0.000226
0.000099 0.000099 0.000099 0.000099 0.001541 0.000099 0.000099 0.000099 0.000099 0.000099 0.000099 0.000099 0.000099 0.000000 0.000099 0.000657 0.000099 0.000099 0.000099 0.000990 0.001002 0.001289 0.001213 0.001198 0.000857 0.001196 0.001196 0.001196 0.001196 0.001198 0.001096 0.001096 0.000860 0.001520 0.000494 0.000494 0.000494 0.000990 0.000990 0.000847 0.000968 0.001196 0.001198 0.001248 0.001213 0.001198 0.000847 0.001196 0.000990 0.001213 0.000847 0.001196 0.000968 0.000968 0.000968 0.000568 0.000968 0.000453 0.000226 0.000226 0.000226 0.000226 0.000226
0.000099 0.000099 0.000099 0.000099 0.000099 0.000099 0.000099 0.000099 0.000099 0.000099 0.000099 0.000099 0.000099 0.000099 0.000099 0.000099 0.000099 0.000099 0.000099 0.001198 0.001289 0.001198 0.001289 0.001096 0.000857 0.001196 0.001196 0.001213 0.001213 0.001198 0.000860 0.001015 0.001238 0.001198 0.000494 0.001220 0.001213 0.000990 0.000847 0.001248 0.000494 0.000430 0.001198 0.000494 0.000820 0.001196 0.000485 0.000430 0.001106 0.000968 0.001213 0.000968 0.000968 0.000968 0.000968 0.000968 0.000226 0.000968 0.000226 0.000226 0.000568 0.000226 0.000226
0.000771 0.000099 0.000099 0.000099 0.000099 0.000099 0.000099 0.000099 0.000099 0.000099 0.000099 0.000099 0.000099 0.000099 0.000099 0.000099 0.000099 0.000099 0.000099 0.001198 0.001198 0.001198 0.001198 0.001289 0.001096 0.001087 0.001198 0.001289 0.001198 0.001198 0.001198 0.001196 0.001238 0.000938 0.001520 0.000494 0.000990 0.000494 0.000847 0.000847 0.000990 0.001196 0.000847 0.000968 0.000819 0.001520 0.001213 0.001213 0.001213 0.000968 0.000968 0.001213 0.000226 0.000968 0.000968 0.000968 0.000226 0.000226 0.000226 0.000226 0.000226 0.000226 0.000226
0.000099 0.000099 0.000099 0.000099 0.000099 0.000099 0.000099 0.000099 0.000099 0.000099 0.000099 0.000099 0.000099 0.000099 0.000099 0.000099 0.000099 0.000099 0.000099 0.000099 0.000099 0.001198 0.001198 0.001289 0.001289 0.001198 0.001198 0.001198 0.001198 0.001213 0.000723 0.000857 0.001366 0.001520 0.001063 0.001213 0.001198 0.000494 0.001520 0.001520 0.001198 0.001198 0.000860 0.001198 0.000847 0.001196 0.000968 0.000968 0.000968 0.001213 0.000226 0.000226 0.000968 0.000968 0.000968 0.000226 0.000226 0.000226 0.000226 0.000226 0.000226 0.000226 0.000968
0.000099 0.000099 0.000099 0.000099 0.000099 0.000099 0.000099 0.000099 0.000099 0.000099 0.000099 0.000099 0.000099 0.000099 0.000099 0.000099 0.000099 0.000099 0.000099 0.000099 0.000099 0.001198 0.001198 0.001289 0.001289 0.001289 0.001289 0.000819 0.001087 0.000000 0.000000 0.001196 0.001196 0.000494 0.001520 0.001213 0.001520 0.000494 0.001198 0.001196 0.001198 0.000968 0.000860 0.001198 0.000968 0.000968 0.000968 0.000968 0.000968 0.000968 0.000226 0.001063 0.000968 0.000968 0.000226 0.001366 0.000968 0.000226 0.000226 0.000226 0.000453 0.000226 0.000226
0.001366 0.000552 0.000099 0.000099 0.000099 0.000099 0.000099 0.000099 0.000099 0.000099 0.000099 0.000099 0.000099 0.000099 0.000099 0.000099 0.000099 0.000099 0.000099 0.000099 0.000099 0.001198 0.001198 0.001289 0.001196 0.001196 0.001198 0.001366 0.001241 0.001241 0.001241 0.001102 0.000857 0.000494 0.000494 0.001213 0.001198 0.001196 0.000456 0.001198 0.001213 0.001213 0.000456 0.000968 0.000968 0.000968 0.000968 0.000226 0.000968 0.000226 0.001063 0.001063 0.000968 0.000968 0.000968 0.000968 0.001366 0.000968 0.000226 0.000549 0.000453 0.001198 0.000568
0.001366 0.000099 0.001541 0.000990 0.000099 0.000099 0.000099 0.000099 0.000099 0.000099 0.000099 0.000099 0.000099 0.000099 0.000099 0.000099 0.000099 0.000099 0.000099 0.000000 0.000000 0.000099 0.001198 0.001196 0.001289 0.001196 0.001087 0.001196 0.001329 0.001102 0.001241 0.000819 0.000494 0.001366 0.001213 0.000990 0.000860 0.000860 0.000860 0.000857 0.001196 0.001213 0.001063 0.001063 0.001063 0.000968 0.000968 0.000968 0.000226 0.001213 0.001063 0.001063 0.000968 0.000968 0.000968 0.001520 0.001063 0.000453 0.000968 0.001366 0.001366 0.001031 0.001031
0.001196 0.001015 0.000552 0.000990 0.001366 0.001015 0.000099 0.000099 0.000099 0.000099 0.000099 0.000099 0.000099 0.000099 0.000099 0.000099 0.000099 0.000099 0.000099 0.000099 0.000000 0.000099 0.001213 0.001198 0.001198 0.001096 0.001087 0.001196 0.001196 0.001196 0.001102 0.000819 0.001366 0.000990 0.001213 0.001063 0.001520 0.001520 0.001196 0.001290 0.000857 0.000819 0.001213 0.001196 0.001063 0.000968 0.001213 0.001213 0.000968 0.001063 0.001063 0.001063 0.000968 0.000968 0.000968 0.000968 0.001198 0.001291 0.000226 0.001366 0.001198 0.001031 0.001198
0.001096 0.001366 0.001366 0.001366 0.001096 0.001087 0.001106 0.001196 0.001221 0.000099 0.000099 0.000099 0.000000 0.000099 0.000099 0.000099 0.000099 0.000099 0.000099 0.000099 0.000000 0.000099 0.001289 0.001289 0.001096 0.001096 0.001087 0.001196 0.001366 0.001366 0.001196 0.001366 0.001096 0.001366 0.000990 0.001198 0.000494 0.000494 0.001213 0.001520 0.000860 0.001520 0.001063 0.001063 0.001198 0.000968 0.001213 0.001213 0.001213 0.001198 0.000968 0.001213 0.000968 0.000968 0.001198 0.001366 0.000494 0.001198 0.001329 0.001220 0.001198 0.000453 0.001198
0.001198 0.001213 0.001106 0.001227 0.001196 0.001096 0.001196 0.001087 0.000099 0.000000 0.000099 0.000099 0.000099 0.001221 0.000099 0.000099 0.000099 0.000099 0.000099 0.000099 0.000000 0.000099 0.000560 0.001289 0.001198 0.001198 0.001196 0.001096 0.001096 0.001196 0.000819 0.001444 0.001366 0.001520 0.000968 0.000860 0.001198 0.001196 0.001198 0.000860 0.000860 0.000860 0.001063 0.001063 0.001063 0.000968 0.001196 0.001213 0.001213 0.001196 0.001196 0.001366 0.001520 0.001198 0.001198 0.001220 0.000226 0.001329 0.001329 0.001291 0.001520 0.001520 0.000968
0.001213 0.001213 0.001196 0.001520 0.001213 0.000857 0.001196 0.001096 0.000000 0.000000 0.000099 0.000099 0.000099 0.000857 0.001210 0.001220 0.001096 0.000099 0.000099 0.000099 0.000099 0.000000 0.000099 0.001196 0.001289 0.001106 0.001096 0.000819 0.000000 0.001366 0.001362 0.000819 0.001198 0.000990 0.000990 0.000494 0.001196 0.001366 0.001213 0.001520 0.001015 0.001196 0.001063 0.001063 0.001063 0.001196 0.001196 0.001213 0.001213 0.001196 0.001196 0.001366 0.001198 0.001213 0.001063 0.000968 0.001198 0.001220 0.001198 0.001520 0.001198 0.001198 0.001196
0.001213 0.001213 0.001198 0.001106 0.001227 0.001213 0.001196 0.000995 0.001196 0.001220 0.000783 0.001541 0.001196 0.000099 0.000099 0.001221 0.000099 0.000099 0.000099 0.000099 0.000099 0.001366 0.000099 0.001213 0.001213 0.000990 0.000990 0.001227 0.000000 0.001087 0.001289 0.001366 0.000857 0.001198 0.000990 0.000494 0.001289 0.001213 0.000226 0.001520 0.001238 0.001063 0.001063 0.001198 0.001198 0.001196 0.001198 0.001196 0.001196 0.001196 0.001213 0.001198 0.001198 0.001213 0.001198 0.001198 0.001520 0.001063 0.000857 0.001196 0.001213 0.001198 0.001213
0.001213 0.001520 0.001198 0.001106 0.001227 0.001213 0.001196 0.001096 0.000000 0.001106 0.001196 0.000485 0.001213 0.001213 0.000099 0.000099 0.000099 0.000099 0.000099 0.000099 0.000099 0.001106 0.000099 0.001198 0.001213 0.001198 0.001198 0.001196 0.000000 0.001087 0.001087 0.001096 0.001289 0.001213 0.000226 0.001196 0.000860 0.001213 0.001329 0.001196 0.001220 0.001196 0.001198 0.001198 0.001213 0.001213 0.001106 0.001213 0.001198 0.001196 0.001198 0.001198 0.000494 0.001213 0.001198 0.001198 0.001198 0.001063 0.001520 0.001213 0.001213 0.001198 0.001213
0.001213 0.001227 0.001106 0.000960 0.000960 0.001210 0.001096 0.000961 0.000000 0.001198 0.001541 0.001541 0.000099 0.000099 0.001213 0.000099 0.000099 0.000099 0.000099 0.000741 0.001196 0.001227 0.001366 0.000099 0.001221 0.001198 0.001198 0.001196 0.001096 0.000000 0.001196 0.001289 0.001198 0.000456 0.001198 0.001221 0.001520 0.000857 0.000857 0.001220 0.001220 0.001220 0.001198 0.001198 0.001198 0.001196 0.001106 0.001213 0.001196 0.001196 0.001198 0.001198 0.000860 0.001198 0.001198 0.001198 0.001063 0.000741 0.001213 0.001213 0.001213 0.001198 0.001213
0.001227 0.001227 0.000847 0.000485 0.000485 0.001096 0.000857 0.001096 0.001096 0.000563 0.001106 0.001106 0.000099 0.000099 0.000099 0.001106 0.001106 0.001106 0.000099 0.000099 0.000099 0.001096 0.000099 0.001213 0.001289 0.001196 0.001196 0.001227 0.001453 0.000000 0.001289 0.001289 0.001289 0.001220 0.001220 0.001520 0.001289 0.001198 0.001289 0.001220 0.001289 0.001198 0.001198 0.001198 0.001198 0.001198 0.001198 0.001198 0.001213 0.001198 0.001198 0.001196 0.001198 0.001366 0.001063 0.001063 0.001106 0.001106 0.001196 0.001106 0.001213 0.001106 0.001213
0.001096 0.001196 0.001196 0.001096 0.000847 0.001276 0.001096 0.001196 0.000968 0.001196 0.000860 0.001196 0.000099 0.000099 0.000099 0.000099 0.000099 0.001106 0.000099 0.000099 0.001087 0.001015 0.000099 0.001031 0.001196 0.001289 0.001289 0.001198 0.001196 0.001289 0.001198 0.001198 0.001198 0.001096 0.001198 0.001198 0.001198 0.001289 0.001106 0.001196 0.001198 0.001198 0.001198 0.001198 0.001198 0.001198 0.001198 0.001198 0.001198 0.001198 0.001198 0.000857 0.001196 0.001196 0.000630 0.001087 0.001196 0.001106 0.001213 0.001106 0.001106 0.001210 0.001106
0.000099 0.001196 0.000860 0.001106 0.000860 0.001096 0.001096 0.000000 0.001106 0.001196 0.000485 0.001196 0.000099 0.000099 0.000099 0.000099 0.000099 0.001106 0.001106 0.000099 0.000099 0.000000 0.000099 0.000552 0.001210 0.001198 0.000857 0.001289 0.001198 0.001198 0.001198 0.001198 0.001096 0.000867 0.001106 0.001198 0.001198 0.001198 0.001198 0.001198 0.000857 0.000857 0.000857 0.001198 0.001210 0.001196 0.000630 0.000484 0.001196 0.001063 0.000630 0.001087 0.000857 0.001196 0.001087 0.001087 0.000630 0.001196 0.001106 0.001106 0.001106 0.001210 0.000928
0.000099 0.000961 0.000000 0.000000 0.000000 0.001096 0.000000 0.000000 0.001106 0.001106 0.000860 0.000099 0.000099 0.000099 0.000099 0.000099 0.000099 0.001227 0.001196 0.001106 0.001096 0.000099 0.000000 0.000099 0.000000 0.000857 0.001087 0.001198 0.001198 0.001198 0.001096 0.001087 0.001096 0.001248 0.001196 0.001196 0.001221 0.001210 0.001198 0.001196 0.000928 0.000857 0.000867 0.001210 0.001106 0.001106 0.001422 0.001134 0.000000 0.000000 0.000000 0.001221 0.000000 0.000630 0.001422 0.001087 0.001210 0.001210 0.000867 0.001210 0.001210 0.001210 0.000741
0.000952 0.001248 0.000000 0.000000 0.001541 0.001276 0.000000 0.000000 0.001087 0.001106 0.001198 0.000099 0.000099 0.000099 0.000099 0.000099 0.000099 0.000099 0.000099 0.001106 0.001390 0.000099 0.000099 0.000099 0.000000 0.000000 0.000000 0.000857 0.000857 0.001227 0.001096 0.000857 0.000857 0.001198 0.001366 0.000847 0.000847 0.001134 0.001196 0.001210 0.001196 0.001221 0.001106 0.001210 0.001106 0.001210 0.000000 0.000000 0.000000 0.001221 0.000000 0.000000 0.000000 0.001422 0.001422 0.001210 0.000000 0.000000 0.001134 0.000000 0.000000 0.000928 0.001134
0.000847 0.000860 0.001096 0.000000 0.000000 0.000860 0.001227 0.000000 0.001087 0.001096 0.000741 0.000099 0.000099 0.000099 0.000099 0.000099 0.000099 0.000099 0.000099 0.001196 0.001196 0.001196 0.000099 0.000000 0.000000 0.000000 0.000000 0.001196 0.000385 0.000857 0.001196 0.001196 0.001213 0.001390 0.000857 0.001520 0.001198 0.001221 0.001221 0.001087 0.001196 0.001106 0.001127 0.001213 0.001106 0.000867 0.000995 0.000995 0.001106 0.001106 0.001307 0.000000 0.001196 0.000741 0.001210 0.000867 0.000000 0.000000 0.000000 0.001134 0.001134 0.000999 0.001196
0.000968 0.000000 0.001096 0.000000 0.000673 0.001106 0.000000 0.000000 0.000847 0.001210 0.000099 0.000099 0.000099 0.000099 0.000099 0.000099 0.000099 0.000099 0.001196 0.001106 0.001106 0.001276 0.000099 0.000099 0.000000 0.000000 0.000000 0.000000 0.001520 0.001213 0.001213 0.000857 0.000857 0.001390 0.001276 0.000857 0.000990 0.000952 0.001134 0.001134 0.001390 0.000857 0.001213 0.001210 0.001106 0.001106 0.001106 0.001106 0.001106 0.001106 0.000000 0.000000 0.000928 0.001106 0.001106 0.001134 0.000000 0.001210 0.000995 0.001106 0.001106 0.001106 0.000999
0.001096 0.000000 0.000000 0.000000 0.001106 0.000000 0.000000 0.001221 0.000857 0.000000 0.000099 0.000099 0.000099 0.000099 0.000099 0.000099 0.000099 0.000099 0.000099 0.001106 0.001196 0.001087 0.000560 0.000099 0.000099 0.000099 0.000099 0.000860 0.001227 0.001276 0.000819 0.000000 0.000000 0.000000 0.000000 0.001220 0.001227 0.001227 0.001106 0.000867 0.000867 0.001106 0.001213 0.001213 0.001106 0.001106 0.001106 0.001106 0.001106 0.001290 0.000000 0.000000 0.001106 0.001106 0.000867 0.000000 0.000741 0.001213 0.001106 0.000847 0.001106 0.001196 0.001196
0.000000 0.000000 0.000000 0.000960 0.001196 0.000000 0.000000 0.000000 0.000000 0.000000 0.001210 0.000099 0.000099 0.000099 0.000099 0.000099 0.000099 0.000099 0.000099 0.001106 0.000860 0.001196 0.000099 0.000099 0.000099 0.000099 0.000099 0.001196 0.001221 0.001096 0.001196 0.000000 0.000000 0.000000 0.000867 0.001087 0.001106 0.001227 0.000995 0.000995 0.001227 0.000990 0.001106 0.001106 0.001106 0.001106 0.001106 0.001106 0.000952 0.001196 0.000000 0.000000 0.001290 0.001227 0.001106 0.001106 0.001106 0.001196 0.001106 0.000847 0.000995 0.001276 0.001276
0.000000 0.001096 0.001541 0.000857 0.000847 0.000860 0.000960 0.000000 0.001196 0.001210 0.001213 0.000099 0.000099 0.000099 0.000099 0.000099 0.000099 0.000099 0.000099 0.000099 0.000847 0.001106 0.000099 0.000099 0.000099 0.001221 0.001220 0.000990 0.001106 0.001227 0.001196 0.000952 0.001087 0.000937 0.001106 0.001106 0.001106 0.000385 0.001002 0.000857 0.001213 0.001106 0.001106 0.000990 0.000990 0.001106 0.000847 0.000847 0.000847 0.000847 0.000770 0.001227 0.000847 0.001106 0.000847 0.001106 0.000770 0.000385 0.001213 0.001248 0.000847 0.000952 0.001276
