Big_Beef/DataInputs30m/o_10_ChemistryPools/1990_Mar2025/DON_Pool_4.asc
ncols 345
nrows 426
xllcorner 508536.40413180296
yllcorner 5265678.99790656
cellsize 30
nodata_value -9999
[rows 364 to 391 of 426, columns 63 to 125 of 345]
0.000099 0.000099 0.001366 0.001366 0.001366 0.001366 0.000099 0.001366 0.001544 0.001471 0.001415 0.001585 0.001585 0.001518 0.001124 0.001544 0.001471 0.001585 0.001518 0.001560 0.001127 0.001544 0.001544 0.001544 0.001544 0.001585 0.001518 0.001520 0.001518 0.001289 0.001440 0.001542 0.001542 0.001560 0.001196 0.001196 0.001289 0.000000 0.000000 0.001081 0.000000 0.000000 0.000650 0.001544 0.000650 0.001544 0.000000 0.000000 0.000099 0.001471 0.001366 0.000099 0.001393 0.000860 0.000099 0.001196 0.000099 0.000099 0.000099 0.000099 0.000099 0.000099 0.001015
0.000099 0.000552 0.000990 0.000990 0.000961 0.000552 0.001471 0.000990 0.001518 0.001544 0.001238 0.001585 0.001544 0.001518 0.001471 0.001520 0.001518 0.001124 0.001518 0.001585 0.001518 0.001196 0.001471 0.001544 0.001289 0.001544 0.001518 0.001585 0.001367 0.001414 0.001560 0.001560 0.001196 0.001238 0.001414 0.000000 0.000000 0.000000 0.000000 0.000000 0.000000 0.000000 0.001220 0.001544 0.000657 0.000099 0.000099 0.000000 0.000099 0.000099 0.000099 0.000099 0.001366 0.001366 0.000860 0.000847 0.000099 0.000099 0.000099 0.000099 0.000099 0.000099 0.000990
0.000099 0.000099 0.000990 0.001541 0.000099 0.001366 0.001366 0.001366 0.001520 0.001238 0.001544 0.001518 0.001238 0.001544 0.001585 0.001424 0.000650 0.001015 0.001518 0.001585 0.001471 0.001544 0.001541 0.001541 0.000771 0.001221 0.000657 0.001585 0.001238 0.001414 0.001238 0.001560 0.001238 0.001414 0.001414 0.000000 0.000000 0.000000 0.000099 0.000099 0.000099 0.000099 0.000099 0.001542 0.001544 0.000000 0.000000 0.000099 0.000099 0.000099 0.000099 0.001198 0.001196 0.001106 0.001520 0.000860 0.000099 0.000099 0.000099 0.000099 0.000099 0.000099 0.001366
0.001366 0.001196 0.001366 0.001366 0.000552 0.001366 0.001366 0.001520 0.001471 0.001471 0.001585 0.001238 0.001544 0.001518 0.001518 0.001415 0.000000 0.000000 0.001544 0.001542 0.001544 0.001544 0.001541 0.001541 0.001544 0.001544 0.001518 0.001518 0.001544 0.001276 0.001414 0.001414 0.001196 0.001440 0.000000 0.000000 0.000000 0.001196 0.001196 0.000099 0.000099 0.000099 0.000099 0.001544 0.001544 0.000000 0.000000 0.000099 0.000099 0.000099 0.000099 0.000847 0.001106 0.001106 0.001196 0.001196 0.000847 0.000099 0.000099 0.000099 0.000099 0.000099 0.000099
0.001366 0.001196 0.001196 0.001366 0.001366 0.000099 0.001520 0.001520 0.001585 0.001471 0.001585 0.001560 0.001518 0.000771 0.001471 0.001415 0.001585 0.001289 0.000000 0.000000 0.001537 0.001544 0.001541 0.001518 0.001544 0.001544 0.001544 0.001544 0.001289 0.001585 0.001289 0.001444 0.000819 0.001444 0.000000 0.000000 0.000000 0.001196 0.000000 0.000099 0.001196 0.000099 0.000099 0.000099 0.000099 0.000000 0.000000 0.000000 0.000099 0.000099 0.000099 0.000847 0.001520 0.001196 0.000860 0.001520 0.000099 0.000099 0.000099 0.000099 0.000099 0.000099 0.000099
0.001520 0.001196 0.001366 0.001366 0.001366 0.001366 0.001366 0.001196 0.001585 0.001585 0.001471 0.001518 0.001544 0.000657 0.001518 0.001535 0.001585 0.001585 0.000000 0.000000 0.000739 0.001544 0.001541 0.001015 0.001518 0.001544 0.000657 0.001518 0.001537 0.001213 0.001544 0.001289 0.001196 0.001444 0.000000 0.000000 0.000000 0.001102 0.000000 0.000000 0.001196 0.001196 0.000819 0.000099 0.000099 0.000099 0.000000 0.000000 0.000099 0.000099 0.000099 0.001196 0.000847 0.000860 0.000860 0.000860 0.000099 0.000099 0.000099 0.000099 0.000099 0.000099 0.001541
0.000099 0.000099 0.001366 0.001366 0.001366 0.000099 0.001366 0.001366 0.001196 0.001585 0.000819 0.001544 0.001221 0.001585 0.001585 0.001415 0.001585 0.001585 0.000000 0.000000 0.001518 0.001544 0.001542 0.001560 0.001544 0.001560 0.000657 0.001544 0.001544 0.001542 0.001127 0.001127 0.001518 0.001444 0.001444 0.000000 0.001366 0.000000 0.000000 0.001520 0.001196 0.001196 0.000099 0.001196 0.000099 0.000099 0.000000 0.000099 0.000099 0.000099 0.000847 0.001196 0.000860 0.000860 0.000847 0.001106 0.001227 0.000099 0.000099 0.000099 0.000099 0.000099 0.001241
0.000099 0.000560 0.001366 0.001366 0.001366 0.001366 0.001520 0.001366 0.001585 0.001366 0.001221 0.001544 0.001221 0.001518 0.001585 0.001289 0.001585 0.001203 0.001196 0.000000 0.000000 0.001203 0.001560 0.001544 0.001544 0.001544 0.001415 0.001518 0.001393 0.001544 0.001544 0.001289 0.001518 0.001444 0.000000 0.000000 0.000000 0.000000 0.001196 0.001289 0.000819 0.001196 0.001196 0.000099 0.000099 0.000099 0.000000 0.000099 0.000099 0.000099 0.000099 0.000673 0.001290 0.001015 0.000099 0.001520 0.000099 0.000099 0.000099 0.000099 0.000099 0.000099 0.001541
0.000099 0.001366 0.001390 0.001520 0.001520 0.001366 0.001366 0.001520 0.001585 0.001585 0.000657 0.001220 0.001518 0.001585 0.001546 0.001520 0.001546 0.001546 0.001518 0.000000 0.000000 0.001127 0.001390 0.001414 0.000657 0.001565 0.001238 0.001289 0.000657 0.001544 0.001544 0.000000 0.000961 0.001518 0.000000 0.000000 0.000000 0.000000 0.001289 0.001087 0.001087 0.001087 0.001087 0.001087 0.000000 0.000099 0.000000 0.000099 0.000099 0.000099 0.000099 0.000494 0.001227 0.000456 0.000099 0.000099 0.000099 0.000099 0.000099 0.000099 0.000099 0.000099 0.001541
0.000099 0.001366 0.001390 0.001366 0.001366 0.001366 0.001520 0.001196 0.001106 0.001585 0.001471 0.001585 0.001585 0.001585 0.001518 0.001415 0.001585 0.001518 0.001518 0.000000 0.001520 0.001520 0.001585 0.001414 0.001585 0.001560 0.001289 0.000995 0.001289 0.001544 0.001518 0.001220 0.001518 0.000000 0.000000 0.000000 0.000000 0.001241 0.001087 0.000099 0.001096 0.001196 0.001196 0.001087 0.000000 0.000000 0.000000 0.000000 0.000099 0.001471 0.000990 0.001276 0.001290 0.000968 0.000099 0.000099 0.000099 0.000099 0.000099 0.001289 0.000099 0.000099 0.001518
0.001366 0.000099 0.001366 0.001366 0.000099 0.001520 0.000783 0.001520 0.001585 0.001585 0.001585 0.001585 0.001289 0.001518 0.001518 0.001518 0.000000 0.001096 0.000000 0.000000 0.001096 0.001544 0.001544 0.001221 0.001518 0.001518 0.001585 0.001444 0.001444 0.001585 0.001585 0.001585 0.001585 0.000099 0.000000 0.000099 0.000099 0.000099 0.001289 0.000099 0.000999 0.000099 0.000099 0.000099 0.000000 0.000000 0.000000 0.000099 0.000099 0.000000 0.001220 0.001276 0.000968 0.001520 0.000990 0.000990 0.000099 0.001096 0.000968 0.001096 0.001289 0.001096 0.000560
0.000819 0.000099 0.001366 0.001366 0.000552 0.000552 0.001520 0.001366 0.001238 0.001221 0.001415 0.001585 0.001520 0.001560 0.001585 0.001544 0.001542 0.000000 0.000000 0.000000 0.001196 0.001196 0.001544 0.001544 0.001238 0.001238 0.001518 0.001560 0.001444 0.001585 0.001585 0.001520 0.001444 0.000099 0.000099 0.000099 0.000099 0.000099 0.000099 0.000099 0.000099 0.000099 0.000099 0.000099 0.000099 0.000099 0.000099 0.000099 0.000099 0.000000 0.000000 0.000771 0.000860 0.001213 0.000723 0.000099 0.001015 0.001196 0.001096 0.001096 0.001127 0.000484 0.000961
0.000099 0.000099 0.001366 0.001390 0.001196 0.001520 0.001520 0.001366 0.001585 0.001238 0.001585 0.001585 0.001585 0.001390 0.001390 0.001289 0.001585 0.001289 0.000000 0.000000 0.001106 0.001585 0.001560 0.001471 0.001585 0.001560 0.001444 0.001416 0.001416 0.001560 0.001518 0.001518 0.001518 0.000000 0.000099 0.000099 0.000099 0.000099 0.000099 0.001221 0.000099 0.000000 0.000099 0.000099 0.000099 0.000099 0.000099 0.000099 0.000099 0.001087 0.001220 0.001213 0.000860 0.000990 0.000099 0.000099 0.001196 0.001196 0.001015 0.001015 0.001127 0.001127 0.001096
0.001366 0.000099 0.000099 0.001366 0.001366 0.001520 0.001520 0.001366 0.001520 0.001390 0.000938 0.001238 0.001560 0.001560 0.001220 0.001541 0.000000 0.000000 0.000819 0.000000 0.001289 0.000938 0.001390 0.001106 0.001227 0.000099 0.000099 0.001366 0.001096 0.001087 0.001106 0.000937 0.001276 0.000000 0.000000 0.000099 0.001213 0.001196 0.000099 0.001289 0.000000 0.000000 0.000000 0.000099 0.000099 0.000099 0.000099 0.000099 0.000099 0.001196 0.001106 0.000857 0.000857 0.000494 0.001541 0.001196 0.001106 0.001087 0.001196 0.001196 0.001096 0.001096 0.001196
0.000990 0.000099 0.000099 0.001366 0.001196 0.001520 0.001520 0.001196 0.001520 0.001390 0.001414 0.001471 0.001196 0.001196 0.001541 0.001541 0.000000 0.000000 0.001221 0.001560 0.001196 0.001220 0.000099 0.000099 0.001015 0.000099 0.000099 0.000099 0.000099 0.001096 0.001096 0.001096 0.000000 0.000000 0.001087 0.000819 0.000000 0.001213 0.000560 0.001087 0.000000 0.000099 0.000099 0.001087 0.000099 0.000099 0.000099 0.000099 0.001096 0.000990 0.000000 0.001541 0.000857 0.001198 0.001520 0.001541 0.001227 0.001238 0.001127 0.001127 0.000857 0.001289 0.001198
0.000099 0.001366 0.000099 0.001366 0.001366 0.001366 0.000630 0.000990 0.001196 0.001414 0.001414 0.001585 0.000099 0.001585 0.001585 0.000099 0.001015 0.001541 0.001560 0.001087 0.001221 0.000099 0.000099 0.000099 0.000099 0.000099 0.000099 0.000099 0.000099 0.000099 0.001096 0.001096 0.000000 0.000000 0.001221 0.000819 0.001087 0.000099 0.001213 0.001087 0.000099 0.000099 0.000099 0.001087 0.001087 0.001087 0.001087 0.001096 0.001096 0.000960 0.001541 0.001541 0.001541 0.000860 0.001541 0.000860 0.001096 0.001238 0.001220 0.001127 0.001096 0.001198 0.001198
0.000560 0.001366 0.000099 0.000099 0.000099 0.000099 0.001541 0.000552 0.001471 0.000099 0.001585 0.001471 0.001541 0.001106 0.001471 0.001585 0.001393 0.001520 0.001196 0.001585 0.001289 0.000099 0.000099 0.000099 0.000099 0.000099 0.000099 0.000099 0.000099 0.000099 0.001289 0.001096 0.000000 0.000000 0.000000 0.000000 0.001289 0.001087 0.001096 0.000000 0.000999 0.000099 0.001087 0.001096 0.001096 0.001096 0.001096 0.001096 0.001196 0.000857 0.001541 0.001541 0.001541 0.000860 0.000968 0.000860 0.000860 0.001096 0.001520 0.001096 0.000960 0.001198 0.001198
0.001541 0.001366 0.000990 0.000099 0.000099 0.000099 0.001471 0.000099 0.000099 0.000552 0.001585 0.000099 0.001541 0.001471 0.001471 0.000099 0.000099 0.001031 0.000484 0.001096 0.001096 0.000099 0.000099 0.000099 0.000099 0.000099 0.000099 0.000099 0.000099 0.000099 0.000099 0.000484 0.001096 0.000000 0.000000 0.001289 0.001096 0.001289 0.001289 0.001196 0.001127 0.000099 0.001096 0.001096 0.001096 0.001096 0.001096 0.001096 0.001096 0.001096 0.001541 0.001541 0.001096 0.000630 0.001520 0.001541 0.000860 0.001520 0.001196 0.001096 0.000857 0.001198 0.001289
0.001541 0.000099 0.000990 0.000099 0.000099 0.000099 0.000099 0.001366 0.000099 0.000099 0.000657 0.001471 0.000099 0.000099 0.000099 0.001106 0.001289 0.000099 0.000990 0.001366 0.001096 0.001096 0.000099 0.000099 0.000099 0.000099 0.000099 0.001096 0.000630 0.000099 0.001096 0.000484 0.001096 0.000000 0.000819 0.001087 0.001289 0.001289 0.001087 0.001196 0.000099 0.000099 0.001213 0.001087 0.001096 0.001096 0.001096 0.001087 0.001096 0.000960 0.001541 0.000999 0.001102 0.001366 0.001520 0.001238 0.001541 0.001220 0.001127 0.000960 0.001198 0.001096 0.000385
0.000099 0.000560 0.001366 0.000099 0.000099 0.001366 0.000099 0.000099 0.001520 0.001520 0.000099 0.000099 0.000099 0.001541 0.000560 0.000650 0.000099 0.001541 0.001542 0.001087 0.000000 0.000099 0.000099 0.000099 0.000099 0.000099 0.000099 0.000857 0.001096 0.000099 0.000099 0.001213 0.001276 0.000000 0.000999 0.001087 0.000999 0.001241 0.001366 0.000819 0.001196 0.000099 0.001196 0.001087 0.001096 0.001196 0.000560 0.001087 0.000857 0.001096 0.001366 0.001196 0.001096 0.001289 0.001196 0.001238 0.001220 0.001220 0.001096 0.001106 0.001087 0.001087 0.001096
0.000099 0.000819 0.001096 0.001366 0.001541 0.000099 0.001520 0.001520 0.001196 0.001096 0.001289 0.000099 0.000657 0.001520 0.001541 0.001541 0.000099 0.000099 0.001542 0.000000 0.000000 0.000099 0.000099 0.000099 0.000099 0.000099 0.000099 0.000630 0.000484 0.000857 0.000099 0.001213 0.000560 0.000000 0.001096 0.001096 0.001289 0.001414 0.001366 0.000099 0.001096 0.000099 0.001196 0.001087 0.001096 0.000099 0.000990 0.001096 0.001096 0.000999 0.001366 0.001276 0.001096 0.001096 0.001096 0.001289 0.001220 0.000961 0.001096 0.001087 0.000999 0.000484 0.000099
0.000099 0.001096 0.001366 0.000938 0.000099 0.001366 0.001520 0.001520 0.001289 0.000990 0.000099 0.000099 0.001585 0.000099 0.000099 0.000099 0.000099 0.000000 0.000000 0.000000 0.000099 0.000099 0.000099 0.000099 0.000099 0.000099 0.000099 0.000484 0.000857 0.000857 0.000099 0.001031 0.000560 0.000000 0.001096 0.001414 0.001289 0.000819 0.001366 0.000099 0.001096 0.000099 0.001213 0.001087 0.001238 0.001366 0.001366 0.001106 0.001087 0.001096 0.001196 0.001096 0.001390 0.001096 0.001096 0.001329 0.001220 0.001127 0.001087 0.000999 0.001096 0.000099 0.000099
0.000099 0.001196 0.001520 0.001248 0.000099 0.001366 0.001221 0.001520 0.000657 0.000099 0.000000 0.000000 0.001541 0.000650 0.000990 0.000099 0.000099 0.000099 0.000000 0.000000 0.000000 0.000099 0.000099 0.000099 0.000099 0.000099 0.000099 0.001096 0.001096 0.001096 0.000484 0.001096 0.000000 0.001096 0.001096 0.001414 0.001289 0.000000 0.001087 0.000099 0.001087 0.001096 0.001366 0.001289 0.001289 0.001289 0.000000 0.001289 0.000819 0.001414 0.000999 0.000484 0.000860 0.001238 0.001096 0.001291 0.001127 0.000857 0.001290 0.000999 0.000099 0.000099 0.000000
0.000960 0.001196 0.001366 0.001520 0.001520 0.000099 0.001289 0.001520 0.000099 0.000657 0.000099 0.000099 0.000099 0.001517 0.001106 0.001414 0.000099 0.000000 0.000000 0.000000 0.000000 0.000099 0.000099 0.000099 0.000099 0.000099 0.000099 0.000099 0.000099 0.001241 0.001087 0.000000 0.001087 0.000999 0.001096 0.001096 0.000000 0.000000 0.000000 0.000000 0.000099 0.001238 0.001196 0.001087 0.001096 0.001289 0.001289 0.000000 0.000000 0.000999 0.001414 0.000484 0.000783 0.001238 0.001520 0.001220 0.001096 0.000857 0.000961 0.000099 0.000099 0.001227 0.001196
0.001289 0.001289 0.001520 0.001366 0.000099 0.000099 0.001289 0.001096 0.001096 0.001087 0.000990 0.001471 0.000099 0.000000 0.001127 0.001414 0.000000 0.000000 0.000000 0.000000 0.000099 0.000099 0.000099 0.000099 0.000099 0.000099 0.000099 0.000099 0.001096 0.000099 0.000099 0.000000 0.000000 0.000000 0.000484 0.001096 0.000000 0.000000 0.001087 0.000000 0.001213 0.001096 0.001087 0.000819 0.001096 0.001196 0.000099 0.000999 0.000000 0.001096 0.001096 0.001520 0.001520 0.001220 0.001220 0.001289 0.001227 0.001096 0.001220 0.000099 0.000099 0.001221 0.001196
0.001221 0.001520 0.001196 0.001520 0.000099 0.001520 0.001289 0.001096 0.001096 0.000484 0.001196 0.001644 0.001644 0.000000 0.001196 0.000739 0.000000 0.000000 0.000000 0.000000 0.000000 0.000099 0.000099 0.000099 0.000999 0.000099 0.000099 0.000099 0.001096 0.000000 0.000000 0.000000 0.000000 0.000000 0.001096 0.001096 0.001087 0.001096 0.001096 0.001096 0.001096 0.001096 0.001087 0.001087 0.000484 0.000484 0.000484 0.001289 0.001238 0.001127 0.001520 0.001520 0.001220 0.001220 0.001220 0.001096 0.001198 0.001520 0.000099 0.000099 0.000847 0.001106 0.000860
0.000560 0.000484 0.001366 0.001366 0.000099 0.001520 0.001366 0.001015 0.001096 0.001196 0.000099 0.001366 0.000836 0.000000 0.000000 0.000000 0.000000 0.000000 0.000000 0.000000 0.000000 0.000000 0.001087 0.000560 0.000999 0.001213 0.000099 0.000484 0.001096 0.000000 0.000000 0.000000 0.000000 0.000960 0.000484 0.001096 0.001096 0.001096 0.001096 0.001096 0.001096 0.001096 0.001096 0.001096 0.000099 0.000560 0.001096 0.001220 0.001096 0.001220 0.001220 0.001520 0.001220 0.000961 0.001127 0.001198 0.001220 0.000099 0.000099 0.000099 0.001198 0.000952 0.001198
0.001541 0.000961 0.000560 0.000099 0.001366 0.000099 0.000099 0.000099 0.000099 0.000099 0.000099 0.000099 0.000099 0.000000 0.000000 0.000000 0.000000 0.000000 0.000000 0.000000 0.000000 0.000999 0.000999 0.001520 0.001471 0.000560 0.001366 0.000484 0.000484 0.001196 0.000000 0.000000 0.000000 0.000000 0.000484 0.001198 0.001289 0.001096 0.001198 0.001096 0.001096 0.001096 0.001096 0.001096 0.001366 0.001196 0.001096 0.001096 0.001520 0.000783 0.001220 0.000783 0.001221 0.001106 0.001220 0.001127 0.000770 0.000099 0.000099 0.001196 0.001196 0.001196 0.001198
