Big_Beef/DataInputs30m/o_10_ChemistryPools/1990_Mar2025/DON_Pool_1.asc
ncols 345
nrows 426
xllcorner 508536.40413180296
yllcorner 5265678.99790656
cellsize 30
nodata_value -9999
[rows 336 to 363 of 426, columns 252 to 314 of 345]
0.869605 0.844994 0.825572 0.844994 0.844994 0.848951 0.861654 0.861654 0.852638 0.863036 0.824250 0.883042 10.984043 0.825572 0.864791 0.859885 0.859033 0.866473 0.859885 0.853639 0.839804 0.839804 0.853639 0.853639 0.854703 0.849355 0.845013 0.878359 0.869605 0.859885 0.847046 0.835903 0.835903 0.806936 0.854703 0.859033 0.859033 0.821564 0.859033 0.859033 0.824250 0.864791 0.824250 0.801141 0.848951 0.858294 0.856279 0.806947 0.806947 0.856279 0.856279 0.862941 0.835903 0.854703 0.861654 0.791424 0.835903 0.856279 0.854703 0.895562 0.895562 0.838979 0.860126
0.844994 0.883042 0.883042 0.883042 2.952763 0.850139 0.900664 4.910378 0.860667 0.825572 0.825572 0.853639 3.068346 0.861654 0.844994 0.859885 0.845013 0.815272 0.815272 0.841255 0.883042 0.841255 0.883042 0.859885 0.859885 0.863078 0.878359 0.878359 0.839804 0.845013 0.845013 0.845013 0.806936 0.835903 0.866473 0.866473 0.845013 0.821564 0.864791 0.824250 0.824250 0.859033 0.847046 0.847046 0.806947 0.806947 0.806947 0.806947 0.856279 0.856279 0.835903 0.849655 0.835903 0.835903 0.861654 0.861654 0.861654 0.854703 0.856279 0.854703 0.906204 0.862472 0.860126
0.859885 0.838933 0.839804 2.952763 0.866567 13.101117 0.861654 2.508878 0.885498 0.883042 0.883042 0.839804 0.839804 0.883042 0.862941 0.859885 0.845013 0.845013 0.815272 0.844880 0.845013 0.848582 0.890571 0.859033 0.859033 0.859885 0.853639 0.859033 0.824250 0.839804 0.858154 0.859885 0.811078 0.835903 0.866473 0.843701 0.847046 0.827702 0.827702 0.827702 0.824250 0.859033 0.859885 0.862941 0.854703 0.806936 0.806947 0.856279 0.806947 0.850139 0.846950 0.866473 0.835903 0.835903 0.806947 0.861654 0.861654 0.856279 0.856279 0.895562 0.856279 0.860126 0.889382
0.859885 0.838933 0.869605 2.952763 8.409530 2.952763 2.952763 0.050344 0.050344 0.050344 0.853639 0.852991 0.853639 0.853639 0.844810 0.861654 0.859033 0.859033 0.859033 0.854703 0.822464 0.859885 0.859885 0.843701 0.859033 0.859033 0.859033 0.859033 0.859033 0.824250 0.859033 0.844109 0.835903 0.801141 0.827702 0.866473 0.849355 0.827702 0.827702 0.827702 0.843701 0.854703 0.859033 0.859033 0.847046 0.854703 0.854703 0.856279 0.841255 0.850139 0.850139 0.866473 0.835903 0.806947 0.806947 0.861654 0.861654 0.856279 0.812639 0.895562 0.839931 0.862472 0.794606
0.854703 3.393536 2.775836 2.952763 0.883042 0.050344 0.050344 0.893589 0.859885 0.854703 0.893589 0.853639 0.844810 0.854703 0.878359 0.829194 0.845013 0.815272 0.859033 0.853639 0.845013 0.810731 0.844880 0.864791 0.859033 0.859033 0.859885 0.859033 0.859033 0.859033 0.864791 0.873722 0.844994 0.806936 0.843701 0.864791 0.864791 0.864791 0.827702 0.827702 0.863078 0.806936 0.848951 0.824250 0.847046 0.862941 0.858294 0.841255 0.841255 0.841255 0.841255 2.744186 0.835903 0.835903 0.835903 0.797146 0.859885 0.854703 0.890571 0.895562 0.895562 0.862472 0.889382
3.489235 2.952763 2.775836 2.952763 0.854703 0.883042 3.983230 12.442264 0.859885 0.883042 0.883042 0.853639 0.859885 0.859885 0.859885 0.815272 0.831651 0.845013 0.803431 0.853639 0.878359 0.878359 0.853639 0.864791 0.859033 0.859033 0.859033 0.859033 0.859033 0.859033 0.849355 0.863473 0.845013 0.847046 0.806936 0.847046 0.824250 0.827702 0.848951 0.843701 0.866473 0.859885 0.848951 0.848951 0.854703 0.841255 0.841255 0.858294 0.841255 0.841255 11.803304 3.635377 0.862941 0.844994 0.797146 0.834232 0.797146 0.854703 0.854703 0.893589 0.895562 0.889382 0.889382
0.883042 0.839804 0.844880 0.824250 0.854703 0.900664 3.393536 2.952763 0.854703 13.101117 0.855417 0.844994 0.854703 0.859885 0.859885 0.848078 0.831651 0.859033 0.803431 0.853639 0.853639 0.853639 0.853639 0.869605 0.859033 0.859033 0.859033 0.864791 0.859033 0.849355 0.845013 0.845013 0.844109 0.806936 0.806936 0.847046 0.854703 0.847046 0.806936 0.806936 0.848951 0.848951 0.806936 0.848951 0.841255 0.862941 0.862941 0.841255 0.841255 0.841255 3.489235 3.489235 0.883042 2.952763 0.883042 0.834232 0.794606 0.885498 0.854703 0.862472 0.895562 0.854703 0.862472
0.845013 0.825572 4.220580 4.053020 0.825572 0.883042 3.983230 2.952763 0.883042 13.101117 0.885498 0.854703 0.869605 0.859885 0.859885 0.831326 0.872950 0.845013 0.803431 0.859033 0.824250 0.853639 0.853639 0.844994 0.859033 0.859033 0.859033 0.859033 0.859033 0.853639 0.864791 0.824250 0.883042 0.844994 0.806936 0.847046 0.847046 0.806936 0.806936 0.848951 0.848951 0.848951 0.856279 0.848951 0.848951 0.862941 0.806936 5.802001 2.680326 3.489235 2.118099 2.952763 3.393536 2.889745 3.131473 0.853639 0.838979 0.794606 0.844934 0.889382 0.889382 0.889382 0.838979
0.859885 0.890877 0.859885 0.893064 0.859885 0.859885 0.839804 0.838793 0.853639 0.853639 0.893064 0.859885 0.869605 0.862941 0.878359 0.847046 0.866473 0.854703 0.859033 0.843701 0.824250 0.824250 0.858154 0.859885 0.859033 0.859033 0.859033 0.859033 0.829654 0.859033 0.824250 0.869605 0.883042 0.883042 0.844994 0.806947 0.848951 0.806936 0.806947 0.848951 0.848951 0.848951 0.841255 0.856279 0.841255 0.806936 0.862941 0.862941 5.802001 3.922780 0.883042 0.893589 0.853639 2.889745 0.794606 0.862472 0.794606 0.794606 0.862472 0.862472 0.863036 0.889382 0.889382
0.838933 0.838793 0.859885 0.859885 0.878554 0.876906 0.838793 0.839804 0.824250 0.883042 0.844994 0.859885 0.885498 0.862941 0.878359 0.844880 0.845013 0.859885 0.859033 0.864791 0.824250 0.859033 0.824250 0.859033 0.859033 0.829654 0.829654 0.859033 0.864791 0.824250 0.824250 0.806936 0.862941 0.834232 0.806936 0.841255 0.841255 0.806947 0.841255 0.841255 0.841255 0.841255 0.850139 0.850139 0.841255 0.806936 0.862941 0.869605 19.936081 10.984043 0.853639 0.853639 0.853639 0.859885 0.849355 0.794606 0.794606 0.794606 0.860667 0.838979 0.853639 0.794606 0.839931
0.817416 0.885498 0.854703 0.859033 0.859885 0.859033 0.838793 0.845013 0.859885 0.854703 0.859885 0.810731 0.844994 0.844810 0.824250 0.878359 0.844810 0.854703 0.854703 0.859033 0.854703 0.863078 0.854703 0.859885 0.859033 0.821564 0.829654 0.821564 0.827702 0.849707 0.827702 0.862941 0.862941 0.844994 0.862941 0.841255 0.841255 0.841255 0.841255 0.841255 0.841255 0.862941 0.806947 0.806947 0.806947 0.806947 0.806947 0.854703 0.839804 0.859033 0.859885 0.859885 0.859033 0.859033 0.854703 0.794606 0.794606 0.866567 0.860667 0.849355 0.885619 0.862472 0.794606
0.855417 3.489235 0.855417 0.844810 0.859033 0.859885 0.859033 0.859033 0.845013 0.885498 0.859885 0.859885 0.869605 0.869605 0.859885 0.864791 0.861654 0.859033 0.815272 0.864791 0.847046 0.866473 0.866473 0.806936 0.859033 0.855417 0.829654 0.830232 0.811078 0.811078 0.806936 0.862941 0.844994 0.844994 0.847046 0.841255 0.841255 0.841255 0.841255 0.806947 0.806947 0.806936 0.835903 0.835903 0.806947 0.806947 0.847046 0.797146 0.797146 0.859885 0.859885 0.859885 0.859885 0.859033 0.854703 0.844934 0.794606 0.794606 0.860667 0.861654 0.853639 0.829072 0.829072
0.824250 4.053020 0.853639 0.848078 0.861654 0.859033 0.830921 0.861654 0.861654 0.859033 0.859033 0.854703 0.859885 0.869605 0.859885 0.859033 0.829654 0.859033 0.859033 0.848582 0.845013 0.847046 0.866473 0.835903 0.857500 0.843701 0.806936 0.806947 0.830322 0.801141 0.801141 0.858294 0.869605 0.869605 0.869605 0.841255 0.841255 0.841255 0.841255 0.806947 0.806947 0.835903 0.835903 0.835903 0.806947 0.862941 0.854703 0.859885 0.859885 0.859885 0.854703 0.859885 0.859033 0.859885 0.854703 0.863145 1.846365 0.844934 0.794606 0.860667 0.872950 0.889382 0.862472
0.839804 0.803431 0.890571 0.848078 0.845013 0.845013 0.878554 0.859033 0.844810 0.861654 0.859033 0.859885 0.825249 0.859885 0.844810 0.050344 0.050344 0.815272 0.803431 0.853639 0.845013 0.859033 0.866473 0.866473 0.856279 0.827702 0.848951 0.877993 0.850139 0.841255 0.841255 0.841255 0.862941 0.824250 0.824250 0.841255 0.841255 0.806947 0.806947 0.806947 0.806947 0.806947 0.806947 0.862941 0.862941 0.797146 0.859033 0.859033 0.824250 0.824250 0.856279 0.859033 0.859033 0.859033 0.859885 0.854703 2.508878 2.215214 2.856026 0.841255 0.862472 0.794606 0.889382
0.883042 0.859033 0.839804 0.859885 0.861654 0.859033 0.859033 0.883042 0.853639 0.797146 0.859885 0.864791 0.859885 0.859033 0.815272 0.815272 0.050344 0.829654 0.815272 0.864791 0.864791 0.864791 0.872950 0.824250 0.827702 0.827702 0.801141 0.841255 0.850139 0.841255 0.862941 0.847046 0.862941 0.841255 0.841255 0.841255 0.835903 0.806947 0.806947 0.806947 0.806947 0.806947 0.806947 0.844994 0.797146 0.797146 0.859033 0.831326 0.854703 0.824250 0.824250 0.859033 0.859033 0.859033 0.854703 0.859885 0.854703 3.247915 3.393536 20.768812 0.862472 0.794606 0.794606
0.844880 0.859033 0.815272 0.859885 0.859885 0.859885 0.859885 0.883042 0.883042 0.853639 0.864791 0.864791 0.864791 0.847983 0.877993 0.050344 0.050344 0.859033 0.803431 0.859033 0.859033 0.824250 0.824250 0.827702 0.848951 0.856279 0.801141 0.850139 0.841255 0.841255 0.862941 0.862941 0.806936 0.806947 0.806947 0.841255 0.806947 0.862941 0.835903 0.835903 0.862941 0.862941 0.862941 0.797146 0.859885 0.859033 0.859033 0.834690 0.854703 0.824250 0.878359 0.878359 0.859033 0.859885 0.824250 0.797146 0.869605 2.952763 3.489235 2.889745 0.856279 0.856279 0.794606
0.853639 0.864791 0.859885 0.822464 0.859033 0.815272 0.859033 0.839804 0.856279 0.844810 0.815272 0.859033 0.856279 0.876906 0.878554 0.847983 0.050344 0.859033 0.864791 0.844109 0.849355 0.859885 0.824250 0.847046 0.848951 0.850139 0.858294 0.858294 0.801141 0.806936 0.806936 0.856279 0.862941 0.806936 0.806947 0.806936 0.861654 0.862941 0.862941 0.806936 0.869605 0.825572 0.825572 0.859885 0.859033 0.859033 0.878554 0.834690 0.859033 0.824250 0.883042 0.854703 0.878359 0.824250 0.824250 3.489235 3.489235 3.247915 2.952763 2.889745 0.866473 0.794606 0.860126
0.864791 0.853639 0.866473 0.859033 0.859033 0.815272 0.050344 0.878359 0.872950 0.845013 0.815272 0.872950 0.815272 0.876906 0.815272 0.864791 0.815272 0.859033 0.864791 0.821564 0.821564 0.864791 0.864791 0.854966 0.864791 0.848951 0.841255 0.806936 0.806936 0.806936 0.862941 0.862941 0.862941 0.806947 0.806936 0.806947 0.806936 0.859033 0.806936 0.862941 0.883042 0.847046 0.797146 0.859033 0.859033 0.834690 0.834690 0.859033 0.854703 0.824250 0.856279 0.854703 0.831326 0.883042 0.854703 0.869605 3.247915 3.247915 13.599481 0.866164 0.862472 0.794606 0.794606
0.848078 0.859033 0.861654 0.845013 0.050344 0.859033 0.050344 0.050344 0.050344 0.831326 0.825007 0.872950 0.815272 0.815272 0.861654 0.851257 0.849355 0.815272 0.872950 0.854966 0.864791 0.885619 0.848951 0.862941 0.864791 0.858294 0.806936 0.806947 0.862941 0.806947 0.806936 0.862941 0.806936 0.806947 0.806936 0.861654 0.806936 0.806936 0.862941 0.862941 0.869605 0.847046 0.862941 0.859033 0.831326 0.854703 0.831326 0.834690 0.854703 0.859033 0.824250 0.831326 0.859033 0.854703 0.854703 0.869605 0.825572 0.859885 4.910378 0.866164 0.838979 0.889382 0.862472
0.854703 0.878554 0.845013 0.815272 0.815272 0.050344 0.050344 0.050344 0.050344 0.859033 0.815272 0.815272 0.849355 0.859033 0.864791 0.859033 0.844109 0.849355 0.872950 0.848951 0.848951 0.050344 0.050344 0.050344 0.858294 0.841255 0.806947 0.806936 0.806947 0.806947 0.862941 0.862941 0.856279 0.835903 0.835903 0.806936 0.856279 0.859885 0.862941 0.825572 0.859885 0.861654 0.862941 0.854703 0.854703 0.854703 0.859033 0.859033 0.854703 0.859033 0.854703 0.845013 0.883042 0.862941 0.869605 3.489235 3.489235 0.825572 3.247915 0.854703 0.889382 1.680747 0.838979
0.878554 0.815272 0.893589 0.853639 0.815272 0.872821 0.859033 0.859033 0.859033 0.859033 0.859885 0.876906 0.849355 0.872950 0.849355 0.859033 0.806936 0.856279 0.824250 0.050344 0.050344 0.050344 0.050344 0.850139 0.850139 0.841255 0.806947 0.806947 0.862941 0.862941 0.847046 0.862941 0.806947 0.862941 0.844994 0.862941 0.862941 0.859885 0.862941 0.883042 0.847046 0.861654 0.831326 0.854703 0.854703 0.845013 0.861654 0.859033 0.831326 0.856279 0.856279 0.883042 0.856279 0.854703 0.869605 3.489235 3.247915 3.247915 2.952763 1.680747 3.748773 1.680747 0.863078
0.878554 0.849355 0.834690 0.859033 0.861654 0.849355 0.859033 0.829654 0.859033 0.849355 0.849355 0.864791 0.878359 0.824250 0.824250 0.848951 0.856279 0.856279 0.848951 0.050344 0.050344 0.050344 0.050344 0.830322 0.847046 0.858294 0.862941 0.862941 0.862941 0.845013 0.869605 0.862941 0.862941 0.859885 0.844109 0.834232 0.844994 0.862941 0.862941 0.847046 0.847046 0.862941 0.856279 0.856279 0.859033 0.877993 0.854703 0.872136 0.854703 0.883042 0.806936 0.831326 0.869605 0.844994 0.869605 3.247915 3.393536 2.952763 2.889745 0.859885 0.861654 0.841255 0.848951
0.845013 0.849355 0.859033 0.859033 0.815272 0.859033 0.843701 0.849355 0.859033 0.824250 0.848951 0.864791 0.878359 0.878359 0.848951 0.050344 0.854703 0.854703 0.848951 0.050344 0.050344 0.050344 0.850139 0.812639 0.878359 0.862941 0.862941 0.806936 0.862941 0.824250 0.862941 0.869605 0.854703 0.859885 0.797146 0.847046 0.847046 0.847046 0.862941 0.862941 0.869605 0.835903 0.854703 0.854703 0.861654 0.856279 0.859033 0.854703 0.859033 0.856279 0.883042 0.869605 0.869605 0.869605 2.889745 3.247915 2.889745 2.952763 2.889745 0.859885 0.900664 0.900664 0.900664
0.864791 0.872950 0.805976 0.812639 0.872950 0.854966 0.848951 0.854703 0.847046 0.848951 0.848951 0.848951 0.848951 0.878359 0.050344 0.848951 0.848951 0.848951 0.050344 0.050344 0.050344 0.050344 0.050344 0.869605 0.862941 0.862941 0.806936 0.835903 0.835903 0.854703 0.862941 0.862941 0.854703 0.854703 0.854703 0.859885 0.847046 0.847046 0.847046 0.854703 0.797146 0.872136 0.854703 0.854703 0.861654 0.883042 0.878554 0.878554 0.834690 0.861654 0.854703 0.869605 0.854703 0.810731 0.847046 0.854703 3.247915 3.068346 0.854703 0.848951 0.825572 0.859885 0.869605
0.824250 0.847046 0.845949 0.863078 0.812639 0.854966 0.845949 0.845949 0.856279 0.848951 0.856279 0.848951 0.848951 0.830322 0.878359 0.848951 0.856279 0.050344 0.050344 0.050344 0.050344 0.050344 0.830322 0.847046 0.831651 0.806936 0.806936 0.862941 0.847046 0.862941 0.862941 0.862941 0.862941 0.854703 0.835903 0.835903 0.862941 0.847046 0.869605 0.854703 0.854703 0.854703 0.861654 0.861654 0.854703 0.856279 0.854703 0.859885 0.861654 0.859033 0.854703 0.854703 0.854703 0.859033 0.856279 0.869605 2.889745 0.900664 0.848951 0.825572 0.825572 0.825572 0.806936
0.824250 0.844994 0.830322 0.863078 0.830322 0.830322 0.856279 0.845949 0.854703 0.848951 0.850139 0.858294 0.824250 0.830322 0.830322 0.830322 0.847046 0.050344 0.050344 0.050344 0.050344 0.850139 0.830322 0.847046 0.806936 0.806947 0.806936 0.862941 0.847046 0.806936 0.862941 0.844994 0.835903 0.835903 0.861654 0.835903 0.862941 0.869605 0.847046 0.797146 0.797146 0.855417 0.845013 0.883042 0.854703 0.883042 0.872136 0.883042 0.856279 0.854703 0.869605 0.847046 0.883042 0.835903 0.866473 0.869605 0.854703 0.869605 0.900664 0.883042 0.869605 0.824250 0.806936
0.856279 0.856279 0.830322 0.845949 0.806947 0.806947 0.806947 0.856279 0.856279 0.847046 0.856279 0.856279 0.850139 0.850139 0.850139 0.812639 0.847046 0.050344 0.850139 0.050344 0.050344 0.850139 0.858294 0.862941 0.859033 0.859885 0.862941 0.797146 0.797146 0.806936 0.862941 0.847046 0.862941 0.862941 0.835903 0.835903 0.835903 0.862941 0.869605 0.835903 0.861654 0.845013 0.861654 0.859885 0.883042 0.883042 0.854703 0.854703 0.856279 0.872136 0.854703 0.862941 0.861654 0.854703 0.854703 0.825572 0.854703 0.869605 0.848951 0.893589 0.825572 0.869605 0.806936
0.847046 0.841255 0.830322 0.850139 0.845949 0.791424 0.846950 0.856279 0.862941 0.847046 0.856279 0.856279 0.856279 0.806947 0.850139 0.830322 0.869605 0.841255 0.858294 0.841255 0.841255 0.835903 0.862941 0.856279 0.854703 0.854703 0.854703 0.859885 0.854703 0.861654 0.862941 0.797146 0.797146 0.859885 0.835903 0.835903 3.635377 0.869605 0.825572 0.844994 0.835903 0.845013 0.856279 0.859033 0.883042 0.872136 0.856279 0.883042 0.855417 0.856279 0.856279 0.854703 0.846950 0.872136 0.856279 0.854703 2.993437 0.893589 0.869605 0.825572 0.805022 0.869605 0.883042
