Big_Beef/DataInputs30m/o_10_ChemistryPools/1990_Mar2025/N_g_BgStem.asc
ncols        345
nrows        426
xllcorner    508536.404131802963
yllcorner    5265678.997906560078
cellsize     30.000000000000
NODATA_value -9999
[rows 153 to 169 of 426, columns 120 to 159 of 345]
4.5922360420227050781 4.9208521842956542969 4.6912708282470703125 8.067119598388671875 5.4401612281799316406 4.0660772323608398438 3.48758697509765625 6.9429450035095214844 6.9429450035095214844 5.8877058029174804688 5.32448577880859375 7.6050992012023925781 8.5943851470947265625 5.6605730056762695312 3.6713271141052246094 14.241239547729492188 14.071057319641113281 3.6713271141052246094 0.20851600170135498047 3.5462560653686523438 4.7818408012390136719 3.48758697509765625 14.241239547729492188 0.44580000638961791992 8.5943851470947265625 3.7331950664520263672 4.0660772323608398438 1.6116869449615478516 0.20851600170135498047 0.44580000638961791992 0.44580000638961791992 0.44580000638961791992 7.3961920738220214844 7.3961920738220214844 4.0660772323608398438 5.4777021408081054688 4.9208521842956542969 4.9208521842956542969 4.9208521842956542969 3.48758697509765625
3.48758697509765625 6.5703139305114746094 5.4777021408081054688 4.9208521842956542969 8.067119598388671875 8.6729869842529296875 4.5922360420227050781 5.9133548736572265625 4.6912708282470703125 1.7563569545745849609 13.497076034545898438 6.5262689590454101562 5.8877058029174804688 3.6713271141052246094 6.3566632270812988281 8.5943851470947265625 6.9156069755554199219 2.8540620803833007812 4.9208521842956542969 3.48758697509765625 14.692347526550292969 1.6116869449615478516 14.129669189453125 13.497076034545898438 0.44580000638961791992 7.5736632347106933594 8.23587799072265625 6.8130578994750976562 0.44580000638961791992 0.30709999799728393555 14.706265449523925781 15.129193305969238281 8.5943851470947265625 7.5736632347106933594 4.5922360420227050781 3.7331950664520263672 4.9208521842956542969 4.9208521842956542969 4.5922360420227050781 4.0660772323608398438
3.48758697509765625 3.8432629108428955078 1.6116869449615478516 2.7823629379272460938 4.9208521842956542969 4.9208521842956542969 5.4777021408081054688 5.4777021408081054688 5.4777021408081054688 5.4777021408081054688 4.2389569282531738281 0.44580000638961791992 0.44580000638961791992 0.44580000638961791992 1.5234090089797973633 3.6671419143676757812 8.0127782821655273438 7.2750368118286132812 7.1850180625915527344 14.747778892517089844 5.4777021408081054688 3.48758697509765625 1.6116869449615478516 14.692347526550292969 14.041436195373535156 7.1850180625915527344 6.068325042724609375 6.5703139305114746094 14.987901687622070312 14.692347526550292969 1.6116869449615478516 1.6116869449615478516 7.6834850311279296875 7.6834850311279296875 4.9208521842956542969 3.7331950664520263672 5.9927320480346679688 5.4777021408081054688 6.5703139305114746094 3.48758697509765625
2.0032479763031005859 2.1522579193115234375 3.48758697509765625 2.6503589153289794922 3.48758697509765625 5.4777021408081054688 0.44580000638961791992 0.44580000638961791992 0.44580000638961791992 7.870391845703125 0.44580000638961791992 0.44580000638961791992 0.44580000638961791992 0.44580000638961791992 1.9205429553985595703 5.9133548736572265625 4.1784977912902832031 14.692347526550292969 15.139365196228027344 14.467161178588867188 7.1850180625915527344 15.019489288330078125 4.9208521842956542969 1.5234090089797973633 0.015058999881148338318 0.015058999881148338318 0.015058999881148338318 8.23587799072265625 4.7818408012390136719 14.747778892517089844 3.48758697509765625 6.5703139305114746094 7.3771209716796875 7.6050992012023925781 8.067119598388671875 8.067119598388671875 8.067119598388671875 3.48758697509765625 3.48758697509765625 4.5922360420227050781
4.0660772323608398438 2.6503589153289794922 3.48758697509765625 2.6503589153289794922 1.6116869449615478516 0.44580000638961791992 7.2079539299011230469 8.5943851470947265625 0.44580000638961791992 0.44580000638961791992 3.2348248958587646484 4.6374039649963378906 1.6116869449615478516 0.44580000638961791992 1.6116869449615478516 1.6116869449615478516 1.6116869449615478516 3.48758697509765625 1.5234090089797973633 14.734404563903808594 5.9787859916687011719 4.9208521842956542969 3.48758697509765625 3.48758697509765625 0.015058999881148338318 0.015058999881148338318 1.6116869449615478516 1.5234090089797973633 6.5703139305114746094 7.2750368118286132812 7.2750368118286132812 4.0101761817932128906 7.870391845703125 6.1724362373352050781 8.067119598388671875 0.44580000638961791992 0.30709999799728393555 4.0101761817932128906 5.4401612281799316406 8.067119598388671875
3.2348248958587646484 2.6503589153289794922 4.0660772323608398438 2.6503589153289794922 2.6503589153289794922 0.44580000638961791992 0.44580000638961791992 7.870391845703125 7.870391845703125 15.009496688842773438 14.987901687622070312 14.101778030395507812 1.6116869449615478516 0.44580000638961791992 1.6116869449615478516 1.5234090089797973633 1.6116869449615478516 1.1079590320587158203 0.015058999881148338318 0.015058999881148338318 1.5234090089797973633 1.5234090089797973633 2.2986369132995605469 2.8540620803833007812 6.5703139305114746094 0.015058999881148338318 0.015058999881148338318 1.6116869449615478516 1.6116869449615478516 1.6831409931182861328 6.1614828109741210938 3.7331950664520263672 8.067119598388671875 6.1724362373352050781 8.067119598388671875 8.067119598388671875 4.5922360420227050781 2.8540620803833007812 1.9205429553985595703 2.8540620803833007812
2.7823629379272460938 2.4364860057830810547 1.5234090089797973633 1.6116869449615478516 0.44580000638961791992 0.44580000638961791992 7.6050992012023925781 7.870391845703125 7.6692261695861816406 7.08605194091796875 15.019489288330078125 3.6671419143676757812 0.44580000638961791992 0.44580000638961791992 1.6116869449615478516 1.5234090089797973633 1.6116869449615478516 1.6116869449615478516 0.49529999494552612305 0.49529999494552612305 0.015058999881148338318 0.015058999881148338318 3.48758697509765625 3.6671419143676757812 3.48758697509765625 2.6503589153289794922 3.48758697509765625 1.6116869449615478516 0.49529999494552612305 0.49529999494552612305 3.7331950664520263672 3.7331950664520263672 7.6406660079956054688 7.6406660079956054688 5.4401612281799316406 0.44580000638961791992 4.0660772323608398438 7.5651750564575195312 5.1440019607543945312 1.3522169589996337891
3.48758697509765625 3.48758697509765625 2.6503589153289794922 0.44580000638961791992 0.44580000638961791992 7.3961920738220214844 7.6050992012023925781 7.638195037841796875 7.08605194091796875 7.08605194091796875 14.692347526550292969 1.6116869449615478516 0.44580000638961791992 1.6116869449615478516 1.6116869449615478516 0.30709999799728393555 1.6116869449615478516 3.48758697509765625 1.6831409931182861328 0.49529999494552612305 0.49529999494552612305 0.49529999494552612305 0.49529999494552612305 0.015058999881148338318 6.5703139305114746094 4.0660772323608398438 1.6116869449615478516 1.6116869449615478516 0.49529999494552612305 1.6831409931182861328 3.7331950664520263672 5.4401612281799316406 5.4401612281799316406 5.4401612281799316406 5.4401612281799316406 5.4401612281799316406 0.44580000638961791992 3.7331950664520263672 0.44580000638961791992 5.1440019607543945312
2.6503589153289794922 3.6671419143676757812 3.6671419143676757812 0.44580000638961791992 6.8130578994750976562 7.3961920738220214844 8.5943851470947265625 7.638195037841796875 15.139365196228027344 14.987901687622070312 15.139365196228027344 1.6116869449615478516 1.6831409931182861328 0.44580000638961791992 0.44580000638961791992 0.17339999973773956299 0.17339999973773956299 3.48758697509765625 4.333126068115234375 0.49529999494552612305 0.49529999494552612305 0.49529999494552612305 0.49529999494552612305 0.49529999494552612305 0.015058999881148338318 0.49529999494552612305 4.9208521842956542969 1.5234090089797973633 0.49529999494552612305 0.49529999494552612305 4.6912708282470703125 1.3522169589996337891 1.9205429553985595703 5.9133548736572265625 3.48758697509765625 3.48758697509765625 7.6406660079956054688 3.48758697509765625 5.4401612281799316406 0.30709999799728393555
1.5234090089797973633 4.0660772323608398438 4.0660772323608398438 3.48758697509765625 0.44580000638961791992 7.3961920738220214844 7.3961920738220214844 7.870391845703125 7.5900158882141113281 6.9156069755554199219 5.4777021408081054688 4.1784977912902832031 3.6671419143676757812 0.44580000638961791992 0.44580000638961791992 0.44580000638961791992 0.44580000638961791992 0.44580000638961791992 3.48758697509765625 0.49529999494552612305 0.49529999494552612305 0.49529999494552612305 0.49529999494552612305 0.49529999494552612305 0.49529999494552612305 0.49529999494552612305 1.5234090089797973633 1.6831409931182861328 0.49529999494552612305 3.48758697509765625 3.48758697509765625 4.1784977912902832031 7.6406660079956054688 0.20851600170135498047 3.48758697509765625 4.0101761817932128906 1.6116869449615478516 3.48758697509765625 0.44580000638961791992 0.44580000638961791992
4.0660772323608398438 4.0660772323608398438 1.5234090089797973633 0.44580000638961791992 7.3961920738220214844 14.830171585083007812 7.3961920738220214844 7.6834850311279296875 5.7796950340270996094 14.830171585083007812 5.4777021408081054688 4.1784977912902832031 3.6671419143676757812 4.0660772323608398438 0.44580000638961791992 1.6116869449615478516 1.5234090089797973633 0.44580000638961791992 0.44580000638961791992 0.49529999494552612305 0.49529999494552612305 0.49529999494552612305 0.49529999494552612305 0.49529999494552612305 0.49529999494552612305 0.49529999494552612305 0.49529999494552612305 1.6831409931182861328 3.48758697509765625 3.48758697509765625 3.48758697509765625 4.1784977912902832031 5.4401612281799316406 0.30709999799728393555 3.48758697509765625 4.5922360420227050781 3.48758697509765625 4.0660772323608398438 0.30709999799728393555 7.6406660079956054688
4.0660772323608398438 4.0660772323608398438 0.44580000638961791992 0.44580000638961791992 7.6050992012023925781 14.830171585083007812 7.3961920738220214844 7.5736632347106933594 4.9208521842956542969 7.5900158882141113281 14.830171585083007812 4.0660772323608398438 4.0660772323608398438 3.48758697509765625 3.48758697509765625 1.6116869449615478516 0.44580000638961791992 1.6116869449615478516 0.44580000638961791992 0.44580000638961791992 0.49529999494552612305 0.49529999494552612305 0.49529999494552612305 0.49529999494552612305 0.49529999494552612305 0.49529999494552612305 0.49529999494552612305 1.6831409931182861328 2.1522579193115234375 4.7818408012390136719 3.48758697509765625 1.6831409931182861328 1.6831409931182861328 5.4401612281799316406 5.4401612281799316406 4.5922360420227050781 3.48758697509765625 1.5234090089797973633 0.44580000638961791992 1.6831409931182861328
1.5234090089797973633 0.44580000638961791992 0.44580000638961791992 1.5234090089797973633 7.3961920738220214844 7.6050992012023925781 7.3961920738220214844 14.9474639892578125 4.1784977912902832031 5.309368133544921875 14.830171585083007812 2.0792798995971679688 3.5462560653686523438 0.015058999881148338318 0.015058999881148338318 1.6116869449615478516 1.1079590320587158203 1.6116869449615478516 0.44580000638961791992 0.49529999494552612305 0.49529999494552612305 0.49529999494552612305 0.49529999494552612305 0.49529999494552612305 0.49529999494552612305 0.015058999881148338318 0.015058999881148338318 1.9205429553985595703 1.6831409931182861328 1.6831409931182861328 3.48758697509765625 1.6116869449615478516 1.9205429553985595703 2.8540620803833007812 4.9208521842956542969 5.9133548736572265625 3.48758697509765625 5.4401612281799316406 3.48758697509765625 0.44580000638961791992
0.44580000638961791992 4.0660772323608398438 2.6503589153289794922 1.5234090089797973633 7.3961920738220214844 7.08605194091796875 4.5922360420227050781 7.870391845703125 7.6834850311279296875 6.0192441940307617188 4.0660772323608398438 1.6116869449615478516 3.48758697509765625 0.015058999881148338318 0.17339999973773956299 1.6116869449615478516 1.6116869449615478516 1.6116869449615478516 0.44580000638961791992 0.49529999494552612305 0.49529999494552612305 0.49529999494552612305 0.49529999494552612305 0.49529999494552612305 0.015058999881148338318 0.015058999881148338318 0.015058999881148338318 0.015058999881148338318 1.6831409931182861328 1.6831409931182861328 4.1784977912902832031 1.6116869449615478516 4.0660772323608398438 4.5922360420227050781 3.48758697509765625 0.44580000638961791992 7.6834850311279296875 7.7873530387878417969 0.44580000638961791992 0.44580000638961791992
1.5234090089797973633 4.0660772323608398438 2.6503589153289794922 4.0660772323608398438 15.019489288330078125 4.6912708282470703125 7.5736632347106933594 7.870391845703125 7.6834850311279296875 4.0660772323608398438 4.7818408012390136719 5.4777021408081054688 1.6831409931182861328 1.6116869449615478516 1.6116869449615478516 4.5446009635925292969 4.0660772323608398438 1.6116869449615478516 1.1079590320587158203 0.44580000638961791992 0.49529999494552612305 0.49529999494552612305 0.49529999494552612305 0.49529999494552612305 0.49529999494552612305 0.015058999881148338318 0.015058999881148338318 0.015058999881148338318 1.6831409931182861328 1.6831409931182861328 1.9205429553985595703 2.8540620803833007812 4.0660772323608398438 4.5922360420227050781 6.0192441940307617188 3.48758697509765625 3.48758697509765625 14.9474639892578125 0.44580000638961791992 7.6406660079956054688
2.0032479763031005859 2.0032479763031005859 5.5988101959228515625 15.163318634033203125 5.7796950340270996094 4.9208521842956542969 7.5736632347106933594 7.5736632347106933594 2.8540620803833007812 4.0660772323608398438 4.0660772323608398438 5.4777021408081054688 1.6831409931182861328 3.48758697509765625 1.5234090089797973633 4.0660772323608398438 1.6116869449615478516 3.48758697509765625 0.44580000638961791992 4.1784977912902832031 1.1079590320587158203 1.6116869449615478516 1.1079590320587158203 0.015058999881148338318 0.015058999881148338318 0.015058999881148338318 0.015058999881148338318 0.015058999881148338318 3.48758697509765625 3.48758697509765625 3.48758697509765625 1.9205429553985595703 5.9133548736572265625 4.0660772323608398438 4.9208521842956542969 4.9208521842956542969 6.5703139305114746094 5.4777021408081054688 0.44580000638961791992 1.6831409931182861328
4.0660772323608398438 1.5234090089797973633 8.2797117233276367188 8.2797117233276367188 4.9208521842956542969 4.0660772323608398438 5.4777021408081054688 5.9787859916687011719 3.6671419143676757812 3.6671419143676757812 3.48758697509765625 4.7818408012390136719 2.8540620803833007812 1.5234090089797973633 1.5234090089797973633 1.5234090089797973633 2.6503589153289794922 1.1079590320587158203 0.44580000638961791992 4.39006805419921875 3.8432629108428955078 1.1079590320587158203 1.1079590320587158203 0.015058999881148338318 0.015058999881148338318 0.015058999881148338318 0.015058999881148338318 0.015058999881148338318 1.6116869449615478516 3.48758697509765625 1.6116869449615478516 1.5234090089797973633 5.9133548736572265625 4.9208521842956542969 4.9208521842956542969 7.5736632347106933594 7.1850180625915527344 5.4777021408081054688 0.44580000638961791992 0.44580000638961791992
