Big_Beef/DataInputs30m/o_10_ChemistryPools/1990_Mar2025/N_g_root_2.asc
ncols        345
nrows        426
xllcorner    508536.404131802963
yllcorner    5265678.997906560078
cellsize     30.000000000000
NODATA_value -9999
[rows 306 to 323 of 426, columns 156 to 194 of 345]
0.0053280000574886798859 0.0053280000574886798859 0.0053280000574886798859 3.018383026123046875 3.018383026123046875 3.018383026123046875 3.018383026123046875 3.1479549407958984375 3.1175360679626464844 3.1516869068145751953 3.1441850662231445312 3.1441850662231445312 3.1441850662231445312 3.0663878917694091797 3.127223968505859375 3.1441850662231445312 2.9463219642639160156 3.018383026123046875 3.018383026123046875 3.1386399269104003906 3.1386399269104003906 3.1441850662231445312 3.1516869068145751953 3.1060819625854492188 3.1386399269104003906 3.1441850662231445312 3.1386399269104003906 2.9463219642639160156 3.1441850662231445312 3.0744600296020507812 3.1386399269104003906 2.8981609344482421875 0.0053280000574886798859 0.0053280000574886798859 0.0053280000574886798859 0.0053280000574886798859 0.0053280000574886798859 0.0053280000574886798859 3.1060819625854492188
0.0053280000574886798859 0.0053280000574886798859 3.0744600296020507812 3.018383026123046875 3.018383026123046875 3.0599749088287353516 3.1441850662231445312 3.1806941032409667969 3.1175360679626464844 3.1566879749298095703 3.1441850662231445312 3.1441850662231445312 3.1561639308929443359 3.0691869258880615234 3.127223968505859375 3.1441850662231445312 3.1415929794311523438 3.1644999980926513672 3.1441850662231445312 3.1386399269104003906 3.1441850662231445312 3.1644999980926513672 3.1516869068145751953 3.1644999980926513672 3.1561639308929443359 3.0599749088287353516 3.1561639308929443359 3.1386399269104003906 3.1516869068145751953 3.1386399269104003906 0.0053280000574886798859 0.0053280000574886798859 0.0053280000574886798859 0.0053280000574886798859 3.1060819625854492188 3.1516869068145751953 0.0053280000574886798859 0.0053280000574886798859 3.1060819625854492188
0.0053280000574886798859 3.1644999980926513672 3.0384209156036376953 3.018383026123046875 3.018383026123046875 3.1479549407958984375 3.1644999980926513672 3.1441850662231445312 3.1516869068145751953 2.8981609344482421875 3.1441850662231445312 5.3672308921813964844 3.1709549427032470703 3.0882050991058349609 3.0744600296020507812 3.0384209156036376953 3.0384209156036376953 3.1644999980926513672 3.1441850662231445312 3.0744600296020507812 2.9463219642639160156 3.1644999980926513672 3.1644999980926513672 3.1644999980926513672 3.1386399269104003906 3.1386399269104003906 3.1060819625854492188 2.8981609344482421875 0.0053280000574886798859 0.0053280000574886798859 0.0053280000574886798859 0.0053280000574886798859 0.0053280000574886798859 3.1386399269104003906 3.0952351093292236328 3.1386399269104003906 3.0936861038208007812 3.1441850662231445312 0.0053280000574886798859
0.0053280000574886798859 3.1644999980926513672 3.018383026123046875 3.018383026123046875 3.1441850662231445312 3.1441850662231445312 3.1441850662231445312 3.1806941032409667969 3.1516869068145751953 3.1441850662231445312 3.1441850662231445312 5.3675370216369628906 5.3675370216369628906 3.1644999980926513672 3.1441850662231445312 3.1441850662231445312 3.0384209156036376953 3.1644999980926513672 3.0744600296020507812 3.0744600296020507812 3.0744600296020507812 3.1429040431976318359 3.1441850662231445312 3.1386399269104003906 3.1644999980926513672 3.1516869068145751953 3.1441850662231445312 3.1516869068145751953 3.1516869068145751953 0.0053280000574886798859 0.0053280000574886798859 3.1386399269104003906 3.1516869068145751953 3.1386399269104003906 3.1060819625854492188 3.1386399269104003906 0.0053280000574886798859 0.0053280000574886798859 0.0053280000574886798859
0.0053280000574886798859 3.1644999980926513672 3.0599749088287353516 3.0599749088287353516 3.1441850662231445312 3.1441850662231445312 2.8981609344482421875 2.8981609344482421875 2.8981609344482421875 3.1441850662231445312 3.1441850662231445312 5.3674688339233398438 5.3675370216369628906 3.0663878917694091797 3.1491310596466064453 3.0744600296020507812 3.0384209156036376953 3.1644999980926513672 3.1644999980926513672 3.0744600296020507812 3.1415929794311523438 3.1441850662231445312 3.1441850662231445312 3.1441850662231445312 3.1516869068145751953 3.0259680747985839844 3.1561639308929443359 3.1386399269104003906 0.0053280000574886798859 0.0053280000574886798859 0.0053280000574886798859 3.1806941032409667969 3.1386399269104003906 3.1386399269104003906 3.1060819625854492188 3.1060819625854492188 0.0053280000574886798859 0.0053280000574886798859 0.0053280000574886798859
0.0053280000574886798859 3.1644999980926513672 3.1044340133666992188 3.0599749088287353516 3.0645680427551269531 3.1441850662231445312 3.1441850662231445312 3.1441850662231445312 2.8981609344482421875 3.1441850662231445312 3.1441850662231445312 3.1441850662231445312 3.1441850662231445312 3.127223968505859375 3.1491310596466064453 3.0384209156036376953 3.0384209156036376953 3.1441850662231445312 3.0744600296020507812 3.0744600296020507812 3.1644999980926513672 3.1441850662231445312 3.173191070556640625 3.1441850662231445312 3.1644999980926513672 3.1516869068145751953 3.1441850662231445312 3.1441850662231445312 0.0053280000574886798859 2.9463219642639160156 3.1643319129943847656 0.0053280000574886798859 0.0053280000574886798859 3.0599749088287353516 3.1386399269104003906 0.0053280000574886798859 0.0053280000574886798859 0.0053280000574886798859 0.0053280000574886798859
3.1644999980926513672 3.018383026123046875 3.0645680427551269531 3.0645680427551269531 3.1441850662231445312 3.1441850662231445312 3.1516869068145751953 3.1441850662231445312 3.1644999980926513672 3.1441850662231445312 3.1441850662231445312 3.1441850662231445312 3.1441850662231445312 3.127223968505859375 3.1300530433654785156 3.1561639308929443359 3.1491310596466064453 3.1644999980926513672 3.0744600296020507812 3.1441850662231445312 3.1441850662231445312 3.1441850662231445312 3.0744600296020507812 3.173191070556640625 3.127223968505859375 2.8981609344482421875 3.0744600296020507812 0.0053280000574886798859 3.1386399269104003906 3.1386399269104003906 3.1386399269104003906 3.1491310596466064453 0.0053280000574886798859 0.0053280000574886798859 3.0259680747985839844 3.0259680747985839844 0.0053280000574886798859 0.0053280000574886798859 3.1643319129943847656
3.1644999980926513672 3.0599749088287353516 3.0645680427551269531 3.0645680427551269531 3.1644999980926513672 3.1644999980926513672 3.1441850662231445312 3.1516869068145751953 3.1175360679626464844 3.1644999980926513672 3.1441850662231445312 3.1386399269104003906 3.1386399269104003906 3.1441850662231445312 3.1441850662231445312 3.0936861038208007812 3.1415929794311523438 3.10597991943359375 3.1060690879821777344 3.0645680427551269531 3.1644999980926513672 3.1441850662231445312 3.173191070556640625 3.1491310596466064453 3.1441850662231445312 2.8981609344482421875 3.1386399269104003906 0.0053280000574886798859 3.1386399269104003906 3.1516869068145751953 2.8981609344482421875 3.0209031105041503906 0.0053280000574886798859 0.0053280000574886798859 0.0053280000574886798859 0.0053280000574886798859 0.0053280000574886798859 0.0053280000574886798859 3.1175360679626464844
3.1670489311218261719 3.0599749088287353516 3.0645680427551269531 3.0645680427551269531 3.1644999980926513672 3.1644999980926513672 3.1441850662231445312 3.1441850662231445312 3.1441850662231445312 3.1644999980926513672 2.8981609344482421875 3.1441850662231445312 3.1441850662231445312 3.1441850662231445312 3.1441850662231445312 3.1441850662231445312 2.9463219642639160156 3.1709549427032470703 3.1060690879821777344 3.1644999980926513672 3.0744600296020507812 3.1441850662231445312 3.1644999980926513672 3.1644999980926513672 3.1748640537261962891 2.8981609344482421875 0.0053280000574886798859 0.0053280000574886798859 3.1386399269104003906 3.1386399269104003906 0.0053280000574886798859 3.1386399269104003906 0.0053280000574886798859 0.0053280000574886798859 2.8981609344482421875 3.1643319129943847656 3.0645680427551269531 3.0599749088287353516 3.1643319129943847656
3.0645680427551269531 3.0645680427551269531 3.0645680427551269531 3.0645680427551269531 3.0645680427551269531 3.1644999980926513672 3.1644999980926513672 3.1386399269104003906 3.1441850662231445312 3.1561639308929443359 3.1441850662231445312 3.1441850662231445312 3.1441850662231445312 3.173191070556640625 3.1441850662231445312 3.0259680747985839844 2.6861820220947265625 3.1709549427032470703 3.1060690879821777344 3.1386399269104003906 3.0744600296020507812 3.0744600296020507812 3.1060690879821777344 3.1644999980926513672 3.1644999980926513672 3.1806941032409667969 0.0053280000574886798859 3.1386399269104003906 0.0053280000574886798859 3.1386399269104003906 0.0053280000574886798859 0.0053280000574886798859 0.0053280000574886798859 3.0349071025848388672 3.1254448890686035156 3.0645680427551269531 3.0645680427551269531 3.0882050991058349609 3.1644999980926513672
3.0599749088287353516 3.0645680427551269531 3.0645680427551269531 3.0645680427551269531 3.1254448890686035156 3.0645680427551269531 3.0645680427551269531 3.1441850662231445312 3.1516869068145751953 3.1516869068145751953 3.1441850662231445312 3.1441850662231445312 3.1441850662231445312 3.1254448890686035156 3.0744600296020507812 3.0663878917694091797 5.3675370216369628906 2.4839339256286621094 3.1709549427032470703 3.1644999980926513672 3.1386399269104003906 2.8981609344482421875 2.9463219642639160156 3.1254448890686035156 3.1522340774536132812 3.1441850662231445312 0.0053280000574886798859 0.0053280000574886798859 3.1441850662231445312 0.0053280000574886798859 0.0053280000574886798859 3.173191070556640625 3.173191070556640625 3.1443619728088378906 3.1453509330749511719 3.1254448890686035156 0.87599998712539672852 0.87599998712539672852 0.87599998712539672852
3.0599749088287353516 3.1254448890686035156 3.1254448890686035156 3.1254448890686035156 3.1254448890686035156 3.0645680427551269531 3.0645680427551269531 3.1441850662231445312 3.0349071025848388672 3.0349071025848388672 3.0349071025848388672 3.0645680427551269531 3.1254448890686035156 3.1060690879821777344 5.3674688339233398438 5.3674688339233398438 5.3675370216369628906 5.3673310279846191406 3.1561639308929443359 3.1644999980926513672 3.1441850662231445312 3.1386399269104003906 3.1441850662231445312 3.1441850662231445312 2.8981609344482421875 0.0053280000574886798859 0.0053280000574886798859 0.0053280000574886798859 3.1386399269104003906 2.8981609344482421875 2.8981609344482421875 0.0053280000574886798859 3.1254448890686035156 3.0645680427551269531 3.1522340774536132812 0.07196000218391418457 0.87599998712539672852 0.87599998712539672852 0.87599998712539672852
3.1386399269104003906 3.1254448890686035156 3.1254448890686035156 3.1254448890686035156 3.1254448890686035156 3.1441850662231445312 3.0645680427551269531 3.0645680427551269531 3.0645680427551269531 3.0645680427551269531 3.0645680427551269531 3.0645680427551269531 3.173191070556640625 3.0691869258880615234 0.87599998712539672852 0.87599998712539672852 5.3668031692504882812 5.3673310279846191406 3.0384209156036376953 3.1441850662231445312 3.0599749088287353516 3.1566879749298095703 3.1386399269104003906 3.1386399269104003906 3.10597991943359375 0.0053280000574886798859 3.1523311138153076172 2.8981609344482421875 2.8981609344482421875 0.0053280000574886798859 0.0053280000574886798859 3.0599749088287353516 3.1443619728088378906 3.0599749088287353516 3.0744600296020507812 3.1415929794311523438 0.07196000218391418457 2.9463219642639160156 3.1491310596466064453
3.1441850662231445312 3.1441850662231445312 3.1644999980926513672 3.1441850662231445312 3.1441850662231445312 3.1441850662231445312 3.1441850662231445312 3.1441850662231445312 3.0645680427551269531 3.1441850662231445312 3.1254448890686035156 3.1254448890686035156 3.0691869258880615234 0.87599998712539672852 0.87599998712539672852 0.87599998712539672852 5.3674688339233398438 0.0053280000574886798859 3.0384209156036376953 3.1441850662231445312 3.1441850662231445312 3.1441850662231445312 3.1441850662231445312 3.1386399269104003906 0.0053280000574886798859 3.1386399269104003906 3.1386399269104003906 3.1175360679626464844 0.0053280000574886798859 0.0053280000574886798859 0.0053280000574886798859 3.1443619728088378906 3.0645680427551269531 3.1254448890686035156 3.1644999980926513672 3.0384209156036376953 3.0384209156036376953 3.1536250114440917969 3.1644999980926513672
3.1441850662231445312 3.1441850662231445312 3.0599749088287353516 3.0599749088287353516 3.1441850662231445312 3.0645680427551269531 3.1441850662231445312 3.1441850662231445312 3.1441850662231445312 3.1561639308929443359 3.0691869258880615234 3.0259680747985839844 3.0691869258880615234 3.0691869258880615234 0.87599998712539672852 0.87599998712539672852 5.3674688339233398438 5.3675370216369628906 0.0053280000574886798859 3.1372470855712890625 3.1491310596466064453 3.0744600296020507812 3.0744600296020507812 3.1441850662231445312 3.127223968505859375 3.0349071025848388672 3.1386399269104003906 2.8981609344482421875 3.0744600296020507812 3.1254448890686035156 3.0599749088287353516 3.0744600296020507812 3.1644999980926513672 3.1644999980926513672 3.1441850662231445312 3.1644999980926513672 3.1644999980926513672 3.1516869068145751953 3.1441850662231445312
3.1441850662231445312 3.1254448890686035156 3.0645680427551269531 3.0645680427551269531 3.018383026123046875 3.0645680427551269531 3.0645680427551269531 3.1441850662231445312 3.1441850662231445312 3.1254448890686035156 3.1254448890686035156 3.0691869258880615234 3.0691869258880615234 3.0691869258880615234 3.0691869258880615234 5.3674688339233398438 5.3675370216369628906 3.0259680747985839844 3.1561639308929443359 3.1220180988311767578 3.0384209156036376953 3.0384209156036376953 3.0384209156036376953 3.1060690879821777344 3.0349071025848388672 3.0599749088287353516 3.1561639308929443359 3.0744600296020507812 3.0645680427551269531 3.0645680427551269531 3.0599749088287353516 3.1491310596466064453 3.1644999980926513672 3.1644999980926513672 3.1441850662231445312 3.1441850662231445312 3.0645680427551269531 3.1441850662231445312 3.1441850662231445312
3.1441850662231445312 3.1441850662231445312 3.018383026123046875 3.0645680427551269531 3.0645680427551269531 3.0645680427551269531 3.1386399269104003906 3.1386399269104003906 3.1386399269104003906 3.1386399269104003906 3.1254448890686035156 3.0259680747985839844 3.0691869258880615234 3.0259680747985839844 3.0691869258880615234 5.3675370216369628906 5.3675370216369628906 3.1441850662231445312 2.9463219642639160156 3.1372470855712890625 3.1415929794311523438 2.8895471096038818359 3.0384209156036376953 3.1060690879821777344 3.1441850662231445312 3.1386399269104003906 3.1386399269104003906 3.0744600296020507812 3.0744600296020507812 3.0645680427551269531 3.018383026123046875 3.1522340774536132812 3.1644999980926513672 3.1441850662231445312 3.1441850662231445312 3.1441850662231445312 3.1386399269104003906 3.1386399269104003906 3.1386399269104003906
3.0599749088287353516 3.0599749088287353516 3.0645680427551269531 3.0645680427551269531 3.0645680427551269531 3.0645680427551269531 3.1386399269104003906 3.1386399269104003906 3.1386399269104003906 3.1386399269104003906 3.1254448890686035156 3.1441850662231445312 3.1441850662231445312 3.0936861038208007812 5.3674688339233398438 3.0663878917694091797 5.3683061599731445312 3.1491310596466064453 3.1491310596466064453 3.10597991943359375 3.1644999980926513672 3.1644999980926513672 3.0744600296020507812 3.1415929794311523438 3.1561639308929443359 3.1132719516754150391 2.8895471096038818359 2.8895471096038818359 3.0645680427551269531 3.1644999980926513672 3.0384209156036376953 3.1441850662231445312 3.1441850662231445312 3.1441850662231445312 3.0599749088287353516 3.1516869068145751953 3.1386399269104003906 3.1441850662231445312 3.1516869068145751953
