Big_Beef/DataInputs30m/o_10_ChemistryPools/1990_Mar2025/N_g_leaf.asc
ncols        345
nrows        426
xllcorner    508536.404131802963
yllcorner    5265678.997906560078
cellsize     30.000000000000
NODATA_value -9999
[rows 68 to 84 of 426, columns 120 to 159 of 345]
0.065600000321865081787 0.065600000321865081787 0.022560000419616699219 0.022560000419616699219 0.022560000419616699219 0.022560000419616699219 0.022560000419616699219 0.022560000419616699219 0.022560000419616699219 0.022560000419616699219 0.022560000419616699219 0.022560000419616699219 0.022560000419616699219 0.022560000419616699219 0.022560000419616699219 0.022560000419616699219 0.022560000419616699219 0.022560000419616699219 0.022560000419616699219 0.022560000419616699219 0.022560000419616699219 0.022560000419616699219 0.0065999999642372131348 0.0065999999642372131348 0.023000000044703483582 0.023000000044703483582 0.065600000321865081787 0.52308499813079833984 0.52308499813079833984 13.251070976257324219 13.251070976257324219 13.150813102722167969 13.298814773559570312 13.204046249389648438 13.124251365661621094 13.255539894104003906 13.08798980712890625 13.08798980712890625 3.1411130428314208984 13.08798980712890625
0.040699999779462814331 0.065600000321865081787 0.065600000321865081787 0.022560000419616699219 0.022560000419616699219 0.022560000419616699219 0.022560000419616699219 0.022560000419616699219 0.022560000419616699219 0.022560000419616699219 0.022560000419616699219 0.022560000419616699219 0.022560000419616699219 0.022560000419616699219 0.022560000419616699219 0.022560000419616699219 0.022560000419616699219 0.022560000419616699219 0.022560000419616699219 0.022560000419616699219 0.022560000419616699219 0.065600000321865081787 0.0065999999642372131348 0.0065999999642372131348 0.52308499813079833984 0.065600000321865081787 0.022560000419616699219 0.52308499813079833984 0.52308499813079833984 13.000093460083007812 0.0074999998323619365692 0.0074999998323619365692 3.1405780315399169922 13.204046249389648438 13.124251365661621094 13.204046249389648438 13.204046249389648438 0.0074999998323619365692 3.1413569450378417969 13.08798980712890625
0.040699999779462814331 3.1400001049041748047 0.022560000419616699219 0.022560000419616699219 0.022560000419616699219 0.022560000419616699219 0.022560000419616699219 0.022560000419616699219 0.022560000419616699219 0.022560000419616699219 0.022560000419616699219 0.022560000419616699219 0.022560000419616699219 0.022560000419616699219 0.022560000419616699219 0.022560000419616699219 0.022560000419616699219 0.022560000419616699219 0.022560000419616699219 0.022560000419616699219 0.022560000419616699219 0.023000000044703483582 0.023000000044703483582 0.023000000044703483582 0.52308499813079833984 0.52308499813079833984 0.52308499813079833984 0.52308499813079833984 0.059000000357627868652 0.059000000357627868652 0.0074999998323619365692 0.059000000357627868652 0.0074999998323619365692 13.298814773559570312 13.204046249389648438 13.124251365661621094 0.022560000419616699219 0.0074999998323619365692 0.0074999998323619365692 13.000093460083007812
3.1400001049041748047 3.1400001049041748047 0.022560000419616699219 0.022560000419616699219 0.022560000419616699219 0.022560000419616699219 0.022560000419616699219 0.022560000419616699219 0.022560000419616699219 0.022560000419616699219 0.022560000419616699219 0.022560000419616699219 0.022560000419616699219 0.022560000419616699219 0.022560000419616699219 0.022560000419616699219 0.022560000419616699219 0.022560000419616699219 0.022560000419616699219 0.022560000419616699219 0.0065999999642372131348 0.52308499813079833984 0.065600000321865081787 0.065600000321865081787 0.52308499813079833984 0.065600000321865081787 0.040699999779462814331 0.52308499813079833984 3.1425709724426269531 3.1399600505828857422 0.0074999998323619365692 3.1425709724426269531 0.0074999998323619365692 13.298814773559570312 13.298814773559570312 13.298814773559570312 0.022560000419616699219 0.022560000419616699219 3.1425709724426269531 12.863812446594238281
3.1400001049041748047 0.065600000321865081787 0.022560000419616699219 0.022560000419616699219 0.022560000419616699219 0.022560000419616699219 0.022560000419616699219 0.022560000419616699219 0.022560000419616699219 0.022560000419616699219 0.022560000419616699219 0.022560000419616699219 0.022560000419616699219 0.022560000419616699219 0.022560000419616699219 0.022560000419616699219 0.022560000419616699219 0.022560000419616699219 0.065600000321865081787 0.023000000044703483582 0.023000000044703483582 0.059000000357627868652 0.040699999779462814331 0.023000000044703483582 0.065600000321865081787 0.040699999779462814331 13.113272666931152344 13.113272666931152344 3.1399600505828857422 0.023000000044703483582 0.0074999998323619365692 13.255539894104003906 13.129378318786621094 13.298814773559570312 13.209287643432617188 13.298814773559570312 13.204046249389648438 0.022560000419616699219 0.022560000419616699219 0.022560000419616699219
3.1400001049041748047 3.1400001049041748047 0.022560000419616699219 0.022560000419616699219 0.022560000419616699219 0.022560000419616699219 0.022560000419616699219 0.022560000419616699219 0.022560000419616699219 0.022560000419616699219 0.022560000419616699219 0.022560000419616699219 0.022560000419616699219 0.022560000419616699219 0.022560000419616699219 0.022560000419616699219 0.022560000419616699219 0.023000000044703483582 0.023000000044703483582 0.0065999999642372131348 0.065600000321865081787 0.059000000357627868652 0.065600000321865081787 0.065600000321865081787 0.065600000321865081787 0.023000000044703483582 13.117323875427246094 13.255539894104003906 13.255539894104003906 13.255539894104003906 13.255539894104003906 13.224376678466796875 13.150813102722167969 13.209287643432617188 13.209287643432617188 13.298814773559570312 0.022560000419616699219 13.298814773559570312 3.1409499645233154297 13.000093460083007812
3.1400001049041748047 0.065600000321865081787 0.022560000419616699219 0.022560000419616699219 0.022560000419616699219 0.022560000419616699219 0.022560000419616699219 0.022560000419616699219 0.022560000419616699219 0.022560000419616699219 0.022560000419616699219 0.022560000419616699219 0.022560000419616699219 0.022560000419616699219 0.022560000419616699219 0.022560000419616699219 0.022560000419616699219 0.065600000321865081787 0.023000000044703483582 0.065600000321865081787 0.040699999779462814331 0.52308499813079833984 0.040699999779462814331 0.065600000321865081787 0.023000000044703483582 0.52308499813079833984 0.52308499813079833984 13.224376678466796875 13.255539894104003906 13.150813102722167969 13.224376678466796875 13.150813102722167969 13.150813102722167969 13.209287643432617188 13.298814773559570312 0.022560000419616699219 13.347741127014160156 0.022560000419616699219 0.0074999998323619365692 13.150813102722167969
0.065600000321865081787 0.022560000419616699219 0.022560000419616699219 0.022560000419616699219 0.022560000419616699219 0.022560000419616699219 0.022560000419616699219 0.065600000321865081787 0.065600000321865081787 0.022560000419616699219 0.022560000419616699219 0.022560000419616699219 0.022560000419616699219 0.022560000419616699219 0.022560000419616699219 0.022560000419616699219 0.065600000321865081787 0.023000000044703483582 0.040699999779462814331 0.040699999779462814331 0.059000000357627868652 0.065600000321865081787 0.065600000321865081787 0.52308499813079833984 0.52308499813079833984 13.117323875427246094 13.209287643432617188 13.043679237365722656 13.150813102722167969 13.150813102722167969 13.150813102722167969 13.209287643432617188 13.209287643432617188 13.150813102722167969 13.150813102722167969 0.022560000419616699219 0.022560000419616699219 0.065600000321865081787 0.065600000321865081787 13.000093460083007812
0.065600000321865081787 3.1400001049041748047 0.065600000321865081787 0.022560000419616699219 0.022560000419616699219 0.065600000321865081787 0.065600000321865081787 0.022560000419616699219 0.065600000321865081787 0.065600000321865081787 0.022560000419616699219 0.022560000419616699219 0.022560000419616699219 0.022560000419616699219 0.065600000321865081787 0.065600000321865081787 0.023000000044703483582 0.040699999779462814331 0.065600000321865081787 0.059000000357627868652 0.059000000357627868652 0.065600000321865081787 0.52308499813079833984 0.52308499813079833984 0.52308499813079833984 13.117323875427246094 13.209287643432617188 13.150813102722167969 13.209287643432617188 13.209287643432617188 13.150813102722167969 13.150813102722167969 13.298814773559570312 13.298814773559570312 13.130984306335449219 13.153680801391601562 0.022560000419616699219 0.065600000321865081787 0.040699999779462814331 0.022560000419616699219
0.065600000321865081787 3.1400001049041748047 0.065600000321865081787 0.065600000321865081787 0.022560000419616699219 0.065600000321865081787 0.065600000321865081787 0.022560000419616699219 0.065600000321865081787 0.022560000419616699219 0.065600000321865081787 0.022560000419616699219 0.065600000321865081787 0.065600000321865081787 0.065600000321865081787 0.023000000044703483582 0.040699999779462814331 0.065600000321865081787 0.059000000357627868652 0.065600000321865081787 0.065600000321865081787 0.065600000321865081787 0.52308499813079833984 0.059000000357627868652 13.255539894104003906 13.224376678466796875 13.209287643432617188 13.150813102722167969 13.150813102722167969 13.209287643432617188 13.150813102722167969 13.209287643432617188 13.150813102722167969 13.130984306335449219 13.153680801391601562 0.022560000419616699219 0.022560000419616699219 0.065600000321865081787 0.065600000321865081787 13.000093460083007812
0.065600000321865081787 3.1400001049041748047 3.1400001049041748047 0.065600000321865081787 0.065600000321865081787 0.065600000321865081787 0.065600000321865081787 0.065600000321865081787 0.065600000321865081787 0.065600000321865081787 0.065600000321865081787 0.022560000419616699219 0.022560000419616699219 0.022560000419616699219 0.065600000321865081787 0.040699999779462814331 0.040699999779462814331 0.0074999998323619365692 0.0074999998323619365692 0.065600000321865081787 0.52308499813079833984 0.52308499813079833984 0.52308499813079833984 13.08798980712890625 13.08798980712890625 13.150813102722167969 13.209287643432617188 13.150813102722167969 13.043679237365722656 13.150813102722167969 13.130984306335449219 13.150813102722167969 13.298814773559570312 13.124251365661621094 0.022560000419616699219 0.022560000419616699219 0.022560000419616699219 0.022560000419616699219 0.022560000419616699219 13.298814773559570312
3.1400001049041748047 3.1400001049041748047 3.1400001049041748047 0.065600000321865081787 3.1400001049041748047 0.065600000321865081787 0.065600000321865081787 0.065600000321865081787 0.065600000321865081787 0.065600000321865081787 0.065600000321865081787 0.022560000419616699219 0.065600000321865081787 0.065600000321865081787 0.065600000321865081787 0.059000000357627868652 0.0074999998323619365692 0.0074999998323619365692 0.065600000321865081787 0.065600000321865081787 0.52308499813079833984 0.059000000357627868652 13.251070976257324219 13.150813102722167969 13.209287643432617188 13.209287643432617188 13.150813102722167969 13.043679237365722656 13.043679237365722656 13.043679237365722656 13.298814773559570312 13.298814773559570312 13.130984306335449219 13.298814773559570312 13.124251365661621094 13.153680801391601562 0.022560000419616699219 0.023000000044703483582 0.022560000419616699219 0.52308499813079833984
3.1400001049041748047 3.1400001049041748047 3.1400001049041748047 3.1400001049041748047 3.1400001049041748047 3.1400001049041748047 3.1400001049041748047 3.1400001049041748047 3.1400001049041748047 3.1400001049041748047 0.065600000321865081787 0.022560000419616699219 3.1400001049041748047 0.065600000321865081787 0.023000000044703483582 0.059000000357627868652 0.0074999998323619365692 0.0074999998323619365692 0.065600000321865081787 0.52308499813079833984 0.059000000357627868652 0.52308499813079833984 13.08798980712890625 13.08798980712890625 13.298814773559570312 13.150813102722167969 13.224376678466796875 13.224376678466796875 13.043679237365722656 13.130282402038574219 13.130282402038574219 13.298814773559570312 13.298814773559570312 13.204046249389648438 13.347741127014160156 13.18682098388671875 0.065600000321865081787 0.022560000419616699219 0.022560000419616699219 0.52308499813079833984
3.1400001049041748047 3.1400001049041748047 3.1400001049041748047 3.1400001049041748047 3.1400001049041748047 3.1400001049041748047 3.1400001049041748047 3.1400001049041748047 0.065600000321865081787 3.1400001049041748047 3.1400001049041748047 3.1400001049041748047 0.040699999779462814331 0.023000000044703483582 0.023000000044703483582 0.0074999998323619365692 3.1399600505828857422 13.000093460083007812 13.251070976257324219 0.52308499813079833984 13.251070976257324219 13.08798980712890625 13.08798980712890625 13.08798980712890625 13.08798980712890625 13.255539894104003906 13.224376678466796875 13.224376678466796875 13.043679237365722656 13.130282402038574219 13.130984306335449219 13.298814773559570312 13.130984306335449219 13.204046249389648438 13.124251365661621094 13.268462181091308594 0.022560000419616699219 0.065600000321865081787 0.022560000419616699219 13.097612380981445312
3.1400001049041748047 3.1400001049041748047 3.1400001049041748047 3.1400001049041748047 3.1400001049041748047 3.1400001049041748047 3.1400001049041748047 3.1400001049041748047 0.040699999779462814331 0.040699999779462814331 0.059000000357627868652 0.040699999779462814331 0.040699999779462814331 0.023000000044703483582 0.040699999779462814331 0.0074999998323619365692 13.000093460083007812 13.08798980712890625 13.251070976257324219 0.52308499813079833984 13.129378318786621094 13.08798980712890625 13.08798980712890625 13.08798980712890625 13.255539894104003906 13.255539894104003906 13.150813102722167969 13.043679237365722656 13.130282402038574219 13.209287643432617188 13.130984306335449219 13.130984306335449219 13.298814773559570312 13.298814773559570312 13.298814773559570312 13.124251365661621094 0.022560000419616699219 0.022560000419616699219 0.022560000419616699219 13.1201629638671875
3.1400001049041748047 3.1400001049041748047 3.1400001049041748047 3.1400001049041748047 3.1400001049041748047 3.1400001049041748047 3.1400001049041748047 3.1400001049041748047 3.1400001049041748047 0.059000000357627868652 0.040699999779462814331 0.040699999779462814331 0.040699999779462814331 0.023000000044703483582 0.040699999779462814331 0.0074999998323619365692 13.124251365661621094 13.298814773559570312 13.08798980712890625 13.368889808654785156 13.298814773559570312 13.08798980712890625 13.124251365661621094 13.08798980712890625 12.245403289794921875 0.52308499813079833984 0.52308499813079833984 13.140948295593261719 13.130282402038574219 13.130282402038574219 13.141985893249511719 13.298814773559570312 13.130984306335449219 13.298814773559570312 13.298814773559570312 13.18682098388671875 0.022560000419616699219 0.022560000419616699219 0.022560000419616699219 0.022560000419616699219
3.1400001049041748047 3.1400001049041748047 3.1400001049041748047 3.1400001049041748047 3.1400001049041748047 3.1400001049041748047 3.1400001049041748047 3.1400001049041748047 0.059000000357627868652 0.059000000357627868652 0.059000000357627868652 0.040699999779462814331 0.023000000044703483582 0.023000000044703483582 0.065600000321865081787 0.065600000321865081787 0.040699999779462814331 13.298814773559570312 13.298814773559570312 13.298814773559570312 13.298814773559570312 13.298814773559570312 13.298814773559570312 13.18682098388671875 0.52308499813079833984 0.52308499813079833984 0.52308499813079833984 13.117323875427246094 13.130282402038574219 13.130282402038574219 13.141985893249511719 13.347741127014160156 13.130282402038574219 13.298814773559570312 13.153680801391601562 13.124251365661621094 0.022560000419616699219 0.059000000357627868652 13.124251365661621094 13.124251365661621094
