Big_Beef/DataInputs30m/o_10_ChemistryPools/1990_Mar2025/N_g_Det_BgStem_1.asc
ncols        345
nrows        426
xllcorner    508536.404131802963
yllcorner    5265678.997906560078
cellsize     30.000000000000
NODATA_value -9999
[rows 288 to 305 of 426, columns 234 to 272 of 345]
0.73410797119140625 0.71955400705337524414 1.1790009737014770508 1.2680000066757202148 0.96319800615310668945 0.96319800615310668945 0.96319800615310668945 1.3733530044555664062 0.7532380223274230957 0.71887600421905517578 0.73944699764251708984 1.1790009737014770508 1.1790009737014770508 1.1790009737014770508 2.6378169059753417969 2.6378169059753417969 2.6378169059753417969 4.1562089920043945312 1.5748219490051269531 1.0594249963760375977 1.6923459768295288086 1.5748219490051269531 1.6923459768295288086 2.5220708847045898438 0.79823899269104003906 4.1562089920043945312 0.70806801319122314453 0.79823899269104003906 2.7614629268646240234 0.79823899269104003906 4.1562089920043945312 3.1356389522552490234 0.8206049799919128418 0.76334601640701293945 0.73909002542495727539 2.1346089839935302734 0.73909002542495727539 0.73909002542495727539 0.73909002542495727539
0.73410797119140625 0.7532380223274230957 0.71158999204635620117 1.2680000066757202148 0.96319800615310668945 0.43334999680519104004 0.96319800615310668945 1.3733530044555664062 0.7532380223274230957 0.71955400705337524414 0.96319800615310668945 0.79823899269104003906 0.79823899269104003906 0.79823899269104003906 2.6378169059753417969 1.5748219490051269531 1.6923459768295288086 4.1562089920043945312 0.70806801319122314453 2.6378169059753417969 0.70936602354049682617 1.5748219490051269531 3.2917070388793945312 0.79823899269104003906 4.1562089920043945312 0.79823899269104003906 4.1562089920043945312 0.76334601640701293945 2.7614629268646240234 0.76334601640701293945 0.79823899269104003906 3.7929389476776123047 2.7614629268646240234 0.8206049799919128418 1.1790009737014770508 1.1790009737014770508 0.76334601640701293945 1.1790009737014770508 1.1790009737014770508
0.71651297807693481445 0.72345298528671264648 0.81074100732803344727 1.2680000066757202148 0.43334999680519104004 0.96319800615310668945 0.71955400705337524414 0.7532380223274230957 0.71158999204635620117 1.1790009737014770508 1.1790009737014770508 2.6378169059753417969 2.6378169059753417969 6.74011993408203125 2.6378169059753417969 0.8206049799919128418 0.79823899269104003906 4.1562089920043945312 2.6378169059753417969 3.2917070388793945312 3.2917070388793945312 1.5748219490051269531 1.6923459768295288086 0.79823899269104003906 0.79823899269104003906 1.6356699466705322266 0.8206049799919128418 3.962184906005859375 0.76334601640701293945 2.1346089839935302734 0.76334601640701293945 1.1790009737014770508 2.7614629268646240234 1.0594249963760375977 0.7532380223274230957 1.1790009737014770508 3.1356389522552490234 0.11299999803304672241 1.1790009737014770508
0.71651297807693481445 2.4140000343322753906 0.87384700775146484375 0.44122499227523803711 0.44122499227523803711 1.1790009737014770508 0.71887600421905517578 0.7532380223274230957 1.1790009737014770508 1.1790009737014770508 0.79823899269104003906 1.6923459768295288086 0.72617697715759277344 0.9039999842643737793 0.71627402305603027344 1.1790009737014770508 0.7074750065803527832 0.7074750065803527832 0.8206049799919128418 2.7614629268646240234 0.79823899269104003906 0.79823899269104003906 4.1562089920043945312 0.8206049799919128418 1.3336269855499267578 2.6378169059753417969 2.7614629268646240234 2.1346089839935302734 2.1346089839935302734 3.1356389522552490234 0.76334601640701293945 1.1790009737014770508 2.7614629268646240234 0.7074750065803527832 0.71627402305603027344 0.7074750065803527832 1.1790009737014770508 1.1790009737014770508 0.11299999803304672241
0.7532380223274230957 2.4140000343322753906 2.4140000343322753906 1.2680000066757202148 1.508999943733215332 0.72739201784133911133 0.73944699764251708984 0.72739201784133911133 1.1790009737014770508 0.8206049799919128418 0.8206049799919128418 0.73510801792144775391 0.9039999842643737793 0.9039999842643737793 0.71627402305603027344 1.0594249963760375977 0.8206049799919128418 1.1790009737014770508 0.8206049799919128418 0.8206049799919128418 3.00533294677734375 4.1562089920043945312 4.1562089920043945312 0.8206049799919128418 1.6356699466705322266 2.6378169059753417969 1.5170700550079345703 1.1790009737014770508 0.76334601640701293945 2.7614629268646240234 0.79823899269104003906 3.00533294677734375 0.70936602354049682617 0.71627402305603027344 0.71627402305603027344 0.71627402305603027344 4.1562089920043945312 4.1562089920043945312 0.46283900737762451172
0.73944699764251708984 1.508999943733215332 1.2680000066757202148 1.508999943733215332 0.44122499227523803711 0.71158999204635620117 0.74890702962875366211 0.71955400705337524414 0.8206049799919128418 1.1790009737014770508 1.1790009737014770508 0.73510801792144775391 2.6378169059753417969 3.962184906005859375 0.8206049799919128418 1.1790009737014770508 0.76334601640701293945 0.76334601640701293945 0.8206049799919128418 0.79823899269104003906 3.00533294677734375 6.74011993408203125 0.79823899269104003906 1.3336269855499267578 0.8206049799919128418 1.6356699466705322266 1.1790009737014770508 0.79823899269104003906 2.7614629268646240234 4.1562089920043945312 0.71627402305603027344 0.79823899269104003906 0.79823899269104003906 0.71627402305603027344 2.6378169059753417969 3.2917070388793945312 1.1790009737014770508 0.068000003695487976074 0.35320499539375305176
0.73944699764251708984 0.98206001520156860352 2.4140000343322753906 0.44122499227523803711 0.44122499227523803711 0.77648901939392089844 0.7532380223274230957 1.1790009737014770508 1.3336269855499267578 1.1790009737014770508 1.6923459768295288086 0.73510801792144775391 0.84973597526550292969 3.2917070388793945312 2.6378169059753417969 0.79823899269104003906 0.8206049799919128418 0.8206049799919128418 0.8206049799919128418 1.0311110019683837891 3.00533294677734375 3.00533294677734375 3.00533294677734375 0.8206049799919128418 0.8206049799919128418 1.0311110019683837891 3.1356389522552490234 0.8206049799919128418 0.79823899269104003906 4.1562089920043945312 0.8206049799919128418 0.79823899269104003906 3.7929389476776123047 0.71627402305603027344 0.71627402305603027344 1.0311110019683837891 1.1790009737014770508 1.2680000066757202148 1.2680000066757202148
1.1053819656372070312 0.85931199789047241211 1.508999943733215332 1.508999943733215332 1.2680000066757202148 0.7532380223274230957 0.73410797119140625 1.1790009737014770508 0.8206049799919128418 0.74842000007629394531 2.1346089839935302734 2.6378169059753417969 1.5170700550079345703 0.76334601640701293945 0.76334601640701293945 2.7614629268646240234 0.92457598447799682617 0.79823899269104003906 2.7614629268646240234 6.74011993408203125 0.7597020268440246582 3.7929389476776123047 3.00533294677734375 0.8206049799919128418 0.76334601640701293945 0.8206049799919128418 0.70826399326324462891 3.1356389522552490234 0.71627402305603027344 4.1562089920043945312 4.1562089920043945312 0.76334601640701293945 2.6378169059753417969 6.74011993408203125 0.71627402305603027344 3.2917070388793945312 1.1790009737014770508 0.11299999803304672241 0.41721400618553161621
0.068000003695487976074 1.2680000066757202148 0.86927402019500732422 1.508999943733215332 1.508999943733215332 1.3336269855499267578 1.6923459768295288086 1.6923459768295288086 0.79192000627517700195 0.70779901742935180664 2.6378169059753417969 2.7614629268646240234 0.92658901214599609375 0.79823899269104003906 2.7614629268646240234 2.7614629268646240234 2.6378169059753417969 2.6378169059753417969 6.74011993408203125 6.74011993408203125 6.74011993408203125 3.7929389476776123047 0.76334601640701293945 1.467532038688659668 0.8206049799919128418 0.79192000627517700195 0.76334601640701293945 0.8206049799919128418 0.79823899269104003906 0.79823899269104003906 0.74402397871017456055 0.90740299224853515625 2.6378169059753417969 3.7929389476776123047 1.0311110019683837891 3.2917070388793945312 0.70936602354049682617 1.1790009737014770508 0.90740299224853515625
0.034000001847743988037 1.508999943733215332 0.92481201887130737305 1.508999943733215332 0.94246500730514526367 0.77340602874755859375 0.7532380223274230957 1.1790009737014770508 1.3336269855499267578 2.6378169059753417969 2.6378169059753417969 6.74011993408203125 6.74011993408203125 0.74842000007629394531 0.76334601640701293945 0.8206049799919128418 0.8206049799919128418 2.6378169059753417969 6.74011993408203125 6.74011993408203125 6.74011993408203125 0.7597020268440246582 4.1562089920043945312 3.7929389476776123047 0.79823899269104003906 1.1790009737014770508 0.76334601640701293945 0.50617200136184692383 3.1356389522552490234 0.79823899269104003906 0.70806801319122314453 0.76334601640701293945 0.79823899269104003906 3.7929389476776123047 3.00533294677734375 3.00533294677734375 0.87384700775146484375 1.1460289955139160156 1.1460289955139160156
1.5748219490051269531 2.6378169059753417969 0.9224720001220703125 1.508999943733215332 0.77648901939392089844 0.77340602874755859375 0.7532380223274230957 1.1790009737014770508 0.76334601640701293945 0.72739201784133911133 2.6378169059753417969 0.79823899269104003906 0.76334601640701293945 2.4114561080932617188 0.76334601640701293945 0.8206049799919128418 0.8206049799919128418 2.6378169059753417969 0.84615802764892578125 0.84615802764892578125 6.74011993408203125 6.74011993408203125 6.74011993408203125 6.74011993408203125 0.7597020268440246582 0.79823899269104003906 0.50617200136184692383 1.508999943733215332 0.33775600790977478027 4.1562089920043945312 0.79823899269104003906 0.79823899269104003906 0.78434401750564575195 0.79823899269104003906 0.90740299224853515625 1.467532038688659668 1.1460289955139160156 0.87384700775146484375 0.73909002542495727539
0.81074100732803344727 0.81752097606658935547 0.86927402019500732422 1.2680000066757202148 0.5105959773063659668 0.77340602874755859375 0.71887600421905517578 0.96319800615310668945 0.8206049799919128418 0.8206049799919128418 0.8206049799919128418 0.8206049799919128418 0.79823899269104003906 0.37172400951385498047 1.1257810592651367188 0.76334601640701293945 0.8206049799919128418 0.76334601640701293945 0.76334601640701293945 6.74011993408203125 3.2917070388793945312 6.74011993408203125 3.7929389476776123047 6.74011993408203125 6.74011993408203125 1.2680000066757202148 0.50617200136184692383 1.2680000066757202148 3.00533294677734375 0.79823899269104003906 0.79823899269104003906 0.70806801319122314453 0.79823899269104003906 0.70806801319122314453 0.90740299224853515625 1.2563420534133911133 1.1790009737014770508 0.87384700775146484375 1.2680000066757202148
0.76334601640701293945 1.2680000066757202148 0.86927402019500732422 1.508999943733215332 1.2680000066757202148 0.70806801319122314453 0.71887600421905517578 3.1356389522552490234 2.1346089839935302734 0.79192000627517700195 1.1790009737014770508 1.508999943733215332 1.2680000066757202148 0.79647797346115112305 1.2680000066757202148 3.7929389476776123047 3.2917070388793945312 3.1356389522552490234 3.1356389522552490234 3.1356389522552490234 0.8206049799919128418 3.2917070388793945312 4.1562089920043945312 0.79823899269104003906 0.79823899269104003906 3.00533294677734375 1.2680000066757202148 0.43478599190711975098 1.2680000066757202148 1.2680000066757202148 2.6378169059753417969 3.1356389522552490234 0.70806801319122314453 0.79823899269104003906 1.1790009737014770508 1.2563420534133911133 0.73909002542495727539 0.73909002542495727539 2.4140000343322753906
0.86927402019500732422 1.508999943733215332 0.86927402019500732422 1.2680000066757202148 0.46013200283050537109 0.77340602874755859375 0.71887600421905517578 1.7565599679946899414 1.899333953857421875 1.7565599679946899414 0.76334601640701293945 1.508999943733215332 3.2917070388793945312 0.73942899703979492188 0.73942899703979492188 1.1790009737014770508 3.2917070388793945312 3.6265931129455566406 2.3162970542907714844 3.1356389522552490234 3.6265931129455566406 0.71887600421905517578 0.70806801319122314453 0.70806801319122314453 3.6265931129455566406 0.70806801319122314453 0.70806801319122314453 0.87384700775146484375 0.49071100354194641113 0.73942899703979492188 2.6378169059753417969 3.6265931129455566406 1.5748219490051269531 1.508999943733215332 0.71887600421905517578 0.78434401750564575195 0.78434401750564575195 1.508999943733215332 0.89417397975921630859
1.508999943733215332 0.90918898582458496094 1.2680000066757202148 0.73942899703979492188 0.81074100732803344727 0.72345298528671264648 0.81074100732803344727 1.7565599679946899414 3.1356389522552490234 1.7565599679946899414 0.81074100732803344727 0.81074100732803344727 0.81074100732803344727 0.72345298528671264648 0.90740299224853515625 0.71887600421905517578 0.71887600421905517578 3.6265931129455566406 3.6265931129455566406 3.6265931129455566406 0.71651297807693481445 3.6265931129455566406 3.6265931129455566406 1.5748219490051269531 0.88675200939178466797 1.3336269855499267578 0.81074100732803344727 0.87553298473358154297 0.74890702962875366211 1.2948440313339233398 1.2948440313339233398 0.92457598447799682617 1.5748219490051269531 1.5748219490051269531 0.92457598447799682617 0.47009399533271789551 1.508999943733215332 1.2680000066757202148 3.00533294677734375
1.2680000066757202148 0.4629999995231628418 0.73942899703979492188 1.2680000066757202148 0.70806801319122314453 0.71887600421905517578 2.6378169059753417969 0.76334601640701293945 0.76334601640701293945 1.899333953857421875 0.70806801319122314453 0.74890702962875366211 0.72345298528671264648 0.72868901491165161133 0.72868901491165161133 0.90740299224853515625 3.6265931129455566406 2.3162970542907714844 2.3162970542907714844 3.6265931129455566406 0.73909002542495727539 2.3162970542907714844 0.73909002542495727539 0.71887600421905517578 0.73909002542495727539 1.3336269855499267578 1.5748219490051269531 0.87553298473358154297 3.6265931129455566406 0.73410797119140625 0.73410797119140625 3.6265931129455566406 0.92457598447799682617 3.6265931129455566406 0.92457598447799682617 0.73942899703979492188 1.2680000066757202148 1.2680000066757202148 0.84615802764892578125
1.508999943733215332 2.1346089839935302734 0.73942899703979492188 1.2680000066757202148 0.87384700775146484375 0.8206049799919128418 0.79823899269104003906 0.76334601640701293945 1.1790009737014770508 1.6923459768295288086 0.81074100732803344727 0.71651297807693481445 0.71651297807693481445 0.72868901491165161133 0.72345298528671264648 0.72345298528671264648 0.90740299224853515625 2.3162970542907714844 2.3162970542907714844 2.3162970542907714844 0.73909002542495727539 0.73909002542495727539 0.86250597238540649414 3.6265931129455566406 0.71651297807693481445 0.71887600421905517578 0.71651297807693481445 0.71651297807693481445 0.71651297807693481445 0.71651297807693481445 1.3336269855499267578 0.86250597238540649414 3.6265931129455566406 0.71887600421905517578 0.73942899703979492188 1.5748219490051269531 0.90740299224853515625 1.2680000066757202148 3.962184906005859375
1.2680000066757202148 4.1562089920043945312 1.7565599679946899414 1.2680000066757202148 3.7929389476776123047 2.7614629268646240234 0.79823899269104003906 0.76334601640701293945 1.0852149724960327148 1.0852149724960327148 0.72345298528671264648 0.71651297807693481445 0.71651297807693481445 0.72345298528671264648 0.72345298528671264648 0.72345298528671264648 3.6265931129455566406 3.6265931129455566406 3.6265931129455566406 3.6265931129455566406 3.6265931129455566406 0.92457598447799682617 0.90740299224853515625 1.0076260566711425781 0.86250597238540649414 3.6265931129455566406 0.71651297807693481445 0.71651297807693481445 2.3162970542907714844 0.71651297807693481445 0.71651297807693481445 3.6265931129455566406 0.90740299224853515625 0.76334601640701293945 0.73942899703979492188 0.73909002542495727539 1.1460289955139160156 0.31820499897003173828 3.962184906005859375
