Big_Beef/DataInputs30m/o_10_ChemistryPools/1990_Mar2025/N_g_Det_BgStem_2.asc
ncols        345
nrows        426
xllcorner    508536.404131802963
yllcorner    5265678.997906560078
cellsize     30.000000000000
NODATA_value -9999
[rows 126 to 143 of 426, columns 117 to 155 of 345]
0.079000003635883331299 0.046999998390674591064 0.046999998390674591064 0.046999998390674591064 0.046999998390674591064 0.079000003635883331299 0.83511197566986083984 0.80375599861145019531 0.90556800365447998047 0.80375599861145019531 0.80375599861145019531 0.92362797260284423828 0.8541730046272277832 1.3590819835662841797 0.8541730046272277832 3.4573509693145751953 3.4573509693145751953 0.079000003635883331299 0.079000003635883331299 0.079000003635883331299 0.92362797260284423828 0.8775730133056640625 0.94872397184371948242 0.94872397184371948242 0.8775730133056640625 0.8775730133056640625 0.8775730133056640625 0.92362797260284423828 0.94872397184371948242 0.80375599861145019531 1.3905329704284667969 0.8775730133056640625 0.92362797260284423828 1.1172389984130859375 1.1172389984130859375 0.94872397184371948242 0.8775730133056640625 1.1172389984130859375 0.35539001226425170898
0.079000003635883331299 0.14926899969577789307 0.024000000208616256714 0.024000000208616256714 0.046999998390674591064 0.80768501758575439453 0.93705499172210693359 5.5684208869934082031 0.80375599861145019531 0.21068799495697021484 0.80375599861145019531 0.80375599861145019531 1.3590819835662841797 0.8541730046272277832 0.89779102802276611328 0.8541730046272277832 0.8541730046272277832 1.3590819835662841797 0.079000003635883331299 0.079000003635883331299 0.079000003635883331299 0.92362797260284423828 0.80375599861145019531 0.80375599861145019531 0.80375599861145019531 0.92362797260284423828 0.92362797260284423828 0.92362797260284423828 0.92362797260284423828 0.94872397184371948242 0.8775730133056640625 0.92362797260284423828 0.92362797260284423828 0.8775730133056640625 1.0559999942779541016 1.4362640380859375 1.3419289588928222656 1.3905329704284667969 0.80375599861145019531
0.079000003635883331299 0.046999998390674591064 0.046999998390674591064 0.046999998390674591064 0.81183201074600219727 5.5684208869934082031 0.88650602102279663086 0.81183201074600219727 0.76884400844573974609 0.76884400844573974609 0.88700002431869506836 0.80375599861145019531 0.93705499172210693359 0.80375599861145019531 0.23291000723838806152 0.80375599861145019531 1.3905329704284667969 1.2943010330200195312 0.87018799781799316406 0.76884400844573974609 0.86675000190734863281 0.079000003635883331299 0.079000003635883331299 0.21068799495697021484 0.21068799495697021484 0.8775730133056640625 0.8775730133056640625 0.92362797260284423828 0.8775730133056640625 0.92362797260284423828 0.81972098350524902344 1.1172389984130859375 0.80375599861145019531 0.8775730133056640625 0.94872397184371948242 0.21068799495697021484 1.4362640380859375 0.88700002431869506836 0.80375599861145019531
0.21068799495697021484 0.024000000208616256714 0.046999998390674591064 0.046999998390674591064 5.5684208869934082031 0.81183201074600219727 5.5684208869934082031 5.5684208869934082031 1.8348510265350341797 1.6153579950332641602 0.80375599861145019531 0.21068799495697021484 1.0559999942779541016 0.20439499616622924805 0.20548400282859802246 0.18490800261497497559 1.0770779848098754883 1.3590819835662841797 1.3590819835662841797 1.3905329704284667969 0.83511197566986083984 0.079000003635883331299 0.079000003635883331299 1.2857079505920410156 1.6890000104904174805 0.8775730133056640625 0.20548400282859802246 0.8775730133056640625 0.8775730133056640625 0.8775730133056640625 0.92362797260284423828 0.80375599861145019531 0.80375599861145019531 0.23055599629878997803 0.81183201074600219727 1.4362640380859375 0.88700002431869506836 0.20726099610328674316 0.80375599861145019531
0.35539001226425170898 0.35539001226425170898 0.35539001226425170898 0.046999998390674591064 0.83511197566986083984 0.81183201074600219727 0.78074699640274047852 0.83511197566986083984 0.079000003635883331299 0.21068799495697021484 0.21068799495697021484 0.80375599861145019531 0.90556800365447998047 1.0770779848098754883 1.3437030315399169922 0.18490800261497497559 0.77356201410293579102 0.87018799781799316406 1.3590819835662841797 0.80375599861145019531 0.80375599861145019531 0.80375599861145019531 0.079000003635883331299 0.079000003635883331299 1.2857079505920410156 0.19350999593734741211 1.4362640380859375 0.8775730133056640625 0.8775730133056640625 1.1376440525054931641 1.2637000083923339844 0.80375599861145019531 0.21068799495697021484 0.2105150073766708374 0.88700002431869506836 0.88700002431869506836 1.2637000083923339844 0.80375599861145019531 1.3127410411834716797
0.35539001226425170898 0.93705499172210693359 0.93705499172210693359 0.046999998390674591064 0.80768501758575439453 0.83511197566986083984 0.83511197566986083984 0.92362797260284423828 1.3452149629592895508 1.0559999942779541016 0.19314399361610412598 0.80375599861145019531 1.3590819835662841797 2.4399499893188476562 2.4399499893188476562 1.1172389984130859375 1.3905329704284667969 2.4399499893188476562 1.3590819835662841797 1.3590819835662841797 0.80375599861145019531 2.4399499893188476562 0.93705499172210693359 1.3905329704284667969 0.079000003635883331299 0.20548400282859802246 1.4362640380859375 0.20548400282859802246 0.18887500464916229248 0.81183201074600219727 0.93705499172210693359 1.4362640380859375 0.21068799495697021484 1.4362640380859375 0.21068799495697021484 1.3213989734649658203 1.3213989734649658203 0.8775730133056640625 0.94872397184371948242
0.35539001226425170898 0.079000003635883331299 0.079000003635883331299 0.079000003635883331299 0.80768501758575439453 0.81248402595520019531 0.81248402595520019531 0.81248402595520019531 0.88700002431869506836 0.88700002431869506836 0.80375599861145019531 1.1376440525054931641 0.80375599861145019531 1.3905329704284667969 0.80375599861145019531 1.1172389984130859375 1.3905329704284667969 1.3905329704284667969 1.1172389984130859375 1.3905329704284667969 2.61164093017578125 1.425686955451965332 1.3590819835662841797 3.0991790294647216797 0.079000003635883331299 0.079000003635883331299 1.3406349420547485352 0.079000003635883331299 1.3590819835662841797 0.046999998390674591064 0.079000003635883331299 0.079000003635883331299 0.20119200646877288818 0.21068799495697021484 1.3257689476013183594 2.4489998817443847656 0.73173701763153076172 0.20270200073719024658 1.2637000083923339844
1.3905329704284667969 0.93705499172210693359 0.079000003635883331299 0.80375599861145019531 0.80768501758575439453 0.86675000190734863281 0.86675000190734863281 1.2094850540161132812 1.1172389984130859375 1.1172389984130859375 0.19831000268459320068 0.80375599861145019531 1.3590819835662841797 0.93705499172210693359 0.93705499172210693359 1.3590819835662841797 1.3905329704284667969 1.3590819835662841797 0.87018799781799316406 2.9038350582122802734 0.87018799781799316406 1.425686955451965332 0.87018799781799316406 1.3590819835662841797 1.3590819835662841797 0.079000003635883331299 0.079000003635883331299 0.079000003635883331299 0.079000003635883331299 0.079000003635883331299 0.18887500464916229248 0.079000003635883331299 0.079000003635883331299 0.079000003635883331299 0.079000003635883331299 0.18490800261497497559 0.23291000723838806152 0.079000003635883331299 0.80375599861145019531
0.76923298835754394531 5.5684208869934082031 0.079000003635883331299 0.079000003635883331299 0.83511197566986083984 0.86675000190734863281 1.2094850540161132812 1.2094850540161132812 1.1172389984130859375 1.1172389984130859375 1.4362640380859375 0.21068799495697021484 0.82908898591995239258 0.23291000723838806152 0.83511197566986083984 1.3590819835662841797 1.3590819835662841797 1.3590819835662841797 0.7679169774055480957 0.7679169774055480957 0.82908898591995239258 1.3590819835662841797 0.76923298835754394531 2.4399499893188476562 1.0073349475860595703 0.8541730046272277832 0.80375599861145019531 0.87018799781799316406 1.425686955451965332 0.80375599861145019531 1.4362640380859375 1.4362640380859375 1.0559999942779541016 1.6890000104904174805 1.4362640380859375 0.079000003635883331299 0.079000003635883331299 0.079000003635883331299 0.079000003635883331299
0.046999998390674591064 0.046999998390674591064 0.079000003635883331299 0.80768501758575439453 0.94872397184371948242 0.86675000190734863281 1.3590819835662841797 1.3590819835662841797 1.1172389984130859375 1.8031200170516967773 1.3257689476013183594 0.20119200646877288818 0.18889300525188446045 0.80375599861145019531 0.23291000723838806152 1.0073349475860595703 0.7679169774055480957 1.3590819835662841797 1.0073349475860595703 1.0073349475860595703 1.6890000104904174805 1.3905329704284667969 1.2674109935760498047 1.2674109935760498047 0.88700002431869506836 0.88700002431869506836 0.80375599861145019531 0.80375599861145019531 0.80375599861145019531 0.80375599861145019531 1.4362640380859375 0.21068799495697021484 0.19831000268459320068 1.6890000104904174805 1.2674109935760498047 1.4362640380859375 0.21068799495697021484 0.079000003635883331299 0.079000003635883331299
0.046999998390674591064 0.046999998390674591064 0.079000003635883331299 0.079000003635883331299 0.80768501758575439453 0.83511197566986083984 0.86675000190734863281 1.0770779848098754883 3.4573509693145751953 1.1172389984130859375 1.3452149629592895508 0.18490800261497497559 1.2857079505920410156 0.90556800365447998047 0.21068799495697021484 1.2094850540161132812 0.20439499616622924805 0.079000003635883331299 0.20119200646877288818 1.4362640380859375 0.80375599861145019531 0.88700002431869506836 1.4362640380859375 1.3719389438629150391 1.2674109935760498047 1.4362640380859375 1.4362640380859375 1.6890000104904174805 0.21068799495697021484 0.19831000268459320068 1.2674109935760498047 1.2857079505920410156 1.4362640380859375 1.3213989734649658203 0.88700002431869506836 0.92362797260284423828 1.0359710454940795898 1.2872010469436645508 0.2005790024995803833
0.046999998390674591064 0.046999998390674591064 0.046999998390674591064 1.8031200170516967773 1.8031200170516967773 0.76646697521209716797 0.92362797260284423828 0.77270597219467163086 1.0770779848098754883 1.1172389984130859375 0.80375599861145019531 0.18490800261497497559 0.19831000268459320068 0.19831000268459320068 1.0562980175018310547 1.2857079505920410156 0.18490800261497497559 0.21068799495697021484 0.82908898591995239258 0.92362797260284423828 1.1172389984130859375 1.1172389984130859375 0.92362797260284423828 0.20270200073719024658 1.1172389984130859375 0.88700002431869506836 0.88700002431869506836 0.88700002431869506836 0.21068799495697021484 1.3213989734649658203 1.2674109935760498047 0.18359200656414031982 0.18359200656414031982 0.87759000062942504883 0.14926899969577789307 5.5684208869934082031 1.0359710454940795898 1.3084830045700073242 1.4362640380859375
0.92362797260284423828 0.079000003635883331299 0.079000003635883331299 1.8031200170516967773 0.92362797260284423828 0.76646697521209716797 0.92362797260284423828 0.77270597219467163086 3.4573509693145751953 1.1172389984130859375 0.88700002431869506836 1.6890000104904174805 1.4362640380859375 0.88700002431869506836 0.20726099610328674316 1.0562980175018310547 0.93705499172210693359 0.21068799495697021484 0.80375599861145019531 1.1172389984130859375 0.92362797260284423828 1.3590819835662841797 1.1172389984130859375 1.1172389984130859375 1.1172389984130859375 1.1172389984130859375 0.81183201074600219727 2.4489998817443847656 2.4489998817443847656 0.20270200073719024658 0.13916899263858795166 0.20270200073719024658 0.20270200073719024658 0.23055599629878997803 0.079000003635883331299 0.80768501758575439453 3.0036909580230712891 1.2855010032653808594 0.079000003635883331299
0.046999998390674591064 0.046999998390674591064 0.79246300458908081055 0.81183201074600219727 0.94872397184371948242 0.76884400844573974609 0.77270597219467163086 0.77270597219467163086 0.77270597219467163086 3.4573509693145751953 1.1172389984130859375 1.1172389984130859375 0.19370700418949127197 1.2855010032653808594 1.4362640380859375 1.2857079505920410156 1.2855010032653808594 0.76923298835754394531 1.2855010032653808594 1.3905329704284667969 0.80375599861145019531 0.80375599861145019531 1.1172389984130859375 1.1172389984130859375 1.1172389984130859375 0.80768501758575439453 0.15855200588703155518 0.20270200073719024658 0.15855200588703155518 0.19831000268459320068 0.23055599629878997803 1.2674109935760498047 1.4362640380859375 1.0562980175018310547 0.93705499172210693359 0.81183201074600219727 0.18490800261497497559 0.079000003635883331299 0.93705499172210693359
0.046999998390674591064 0.024000000208616256714 5.5684208869934082031 5.5684208869934082031 0.81183201074600219727 0.83511197566986083984 0.83511197566986083984 3.4573509693145751953 0.77270597219467163086 3.4573509693145751953 1.1172389984130859375 1.1172389984130859375 1.1172389984130859375 4.1270999908447265625 4.1270999908447265625 1.4362640380859375 0.88700002431869506836 1.3905329704284667969 0.83511197566986083984 3.6957819461822509766 0.80375599861145019531 0.80375599861145019531 0.8775730133056640625 0.92362797260284423828 1.3590819835662841797 0.046999998390674591064 0.18887500464916229248 0.18490800261497497559 0.20439499616622924805 0.18490800261497497559 0.046999998390674591064 0.20439499616622924805 1.2857079505920410156 1.2857079505920410156 0.21068799495697021484 0.93705499172210693359 0.079000003635883331299 0.079000003635883331299 0.079000003635883331299
0.046999998390674591064 0.046999998390674591064 5.5684208869934082031 1.8031200170516967773 0.86675000190734863281 1.8031200170516967773 0.92362797260284423828 0.35539001226425170898 3.4573509693145751953 1.1172389984130859375 5.5684208869934082031 5.5684208869934082031 3.0036909580230712891 4.1270999908447265625 0.83511197566986083984 1.0359710454940795898 0.78074699640274047852 0.81183201074600219727 5.5684208869934082031 5.5684208869934082031 5.5684208869934082031 0.83511197566986083984 0.80375599861145019531 0.80375599861145019531 0.89779102802276611328 0.024000000208616256714 0.18887500464916229248 0.80375599861145019531 1.3437030315399169922 0.2105150073766708374 0.66995400190353393555 1.2674109935760498047 1.2857079505920410156 1.6890000104904174805 0.19831000268459320068 1.3437030315399169922 0.88700002431869506836 0.079000003635883331299 0.079000003635883331299
0.35539001226425170898 0.35539001226425170898 0.80768501758575439453 0.35539001226425170898 0.35539001226425170898 0.35539001226425170898 0.35539001226425170898 0.35539001226425170898 2.61164093017578125 3.4573509693145751953 0.78074699640274047852 5.5684208869934082031 5.5684208869934082031 5.5684208869934082031 0.88700002431869506836 0.81183201074600219727 4.1270999908447265625 5.5684208869934082031 5.5684208869934082031 5.5684208869934082031 1.0562980175018310547 5.5684208869934082031 1.0562980175018310547 0.8775730133056640625 0.80375599861145019531 1.1172389984130859375 1.3905329704284667969 0.80768501758575439453 0.93705499172210693359 1.0559999942779541016 0.20584499835968017578 2.4489998817443847656 0.079000003635883331299 1.441537022590637207 0.88700002431869506836 1.0559999942779541016 0.079000003635883331299 0.079000003635883331299 0.88700002431869506836
0.35539001226425170898 0.35539001226425170898 1.1172389984130859375 0.35539001226425170898 0.35539001226425170898 0.35539001226425170898 0.35539001226425170898 0.35539001226425170898 1.1172389984130859375 2.61164093017578125 3.6957819461822509766 5.5684208869934082031 5.5684208869934082031 5.5684208869934082031 0.88700002431869506836 1.0559999942779541016 0.15855200588703155518 0.88700002431869506836 0.15855200588703155518 1.0562980175018310547 5.5684208869934082031 1.8031200170516967773 1.1172389984130859375 1.1172389984130859375 0.8775730133056640625 0.8775730133056640625 0.8775730133056640625 1.3905329704284667969 0.93705499172210693359 1.0559999942779541016 0.079000003635883331299 2.4489998817443847656 1.0559999942779541016 1.3213989734649658203 0.20439499616622924805 0.079000003635883331299 0.079000003635883331299 0.23055599629878997803 0.88700002431869506836
