Big_Beef/DataInputs30m/o_10_ChemistryPools/1990_Mar2025/N_g_root_3.asc
ncols        345
nrows        426
xllcorner    508536.404131802963
yllcorner    5265678.997906560078
cellsize     30.000000000000
NODATA_value -9999
[rows 170 to 186 of 426, columns 78 to 116 of 345]
0.57799398899078369141 0.60699099302291870117 0.57799398899078369141 0.59152001142501831055 0.59152001142501831055 0.57799398899078369141 0.40759000182151794434 0.40759000182151794434 0.48820599913597106934 0.48820599913597106934 0.48820599913597106934 0.013880999758839607239 0.013880999758839607239 0.0010280000278726220131 0.0010280000278726220131 0.26046299934387207031 1.048256993293762207 0.26046299934387207031 0.26046299934387207031 1.0433770418167114258 0.5991579890251159668 0.40759000182151794434 0.59917402267456054688 0.59361398220062255859 0.57900297641754150391 0.57900297641754150391 0.59917402267456054688 0.019899999722838401794 0.019899999722838401794 0.60883802175521850586 0.60883802175521850586 0.615139007568359375 0.61042797565460205078 0.59917402267456054688 0.59307700395584106445 0.60609197616577148438 0.013700000010430812836 0.60883802175521850586 0.59307700395584106445
0.57799398899078369141 0.59152001142501831055 0.57799398899078369141 0.59152001142501831055 0.57799398899078369141 0.59152001142501831055 0.59152001142501831055 0.59917402267456054688 0.013880999758839607239 0.50218600034713745117 0.48820599913597106934 0.013880999758839607239 0.013880999758839607239 0.26046299934387207031 1.0461909770965576172 1.0433770418167114258 0.013880999758839607239 0.013880999758839607239 1.0433770418167114258 1.0433770418167114258 0.013880999758839607239 0.60883802175521850586 0.59361398220062255859 1.0481280088424682617 0.60275000333786010742 0.60275000333786010742 0.013700000010430812836 0.013700000010430812836 0.013700000010430812836 0.013700000010430812836 0.013880999758839607239 0.615139007568359375 0.60609197616577148438 0.59917402267456054688 0.0010280000278726220131 0.013700000010430812836 0.013700000010430812836 0.43310201168060302734 0.54568898677825927734
0.59152001142501831055 0.59152001142501831055 0.59152001142501831055 0.59152001142501831055 0.57799398899078369141 0.57799398899078369141 0.59152001142501831055 0.48820599913597106934 0.23851700127124786377 0.013880999758839607239 0.48820599913597106934 0.013880999758839607239 0.26046299934387207031 1.6289960145950317383 1.0433770418167114258 0.26046299934387207031 0.013880999758839607239 0.013880999758839607239 0.013880999758839607239 0.019899999722838401794 1.0473870038986206055 0.013880999758839607239 0.60275000333786010742 1.6289190053939819336 1.6288349628448486328 0.60275000333786010742 0.40759000182151794434 0.0076999999582767486572 0.0076999999582767486572 0.013700000010430812836 0.013700000010430812836 0.013700000010430812836 0.60275000333786010742 0.0010280000278726220131 0.40759000182151794434 0.013700000010430812836 0.59307700395584106445 0.45619100332260131836 0.43310201168060302734
0.59152001142501831055 0.59152001142501831055 0.59152001142501831055 0.59152001142501831055 0.40759000182151794434 0.57799398899078369141 0.40759000182151794434 0.6080989837646484375 0.6080989837646484375 0.23851700127124786377 0.013880999758839607239 0.60208100080490112305 0.26046299934387207031 1.0461909770965576172 1.0479739904403686523 1.0433770418167114258 1.048256993293762207 1.0433770418167114258 1.6238930225372314453 0.013880999758839607239 1.6279900074005126953 0.26046299934387207031 1.6289190053939819336 1.6288349628448486328 1.0479739904403686523 0.59917402267456054688 0.40759000182151794434 0.0076999999582767486572 0.0076999999582767486572 0.013700000010430812836 0.013700000010430812836 0.013880999758839607239 0.0010280000278726220131 0.0010280000278726220131 0.0076999999582767486572 0.013700000010430812836 0.55740702152252197266 0.45619100332260131836 0.54568898677825927734
0.59152001142501831055 0.59152001142501831055 0.59152001142501831055 0.59152001142501831055 0.59152001142501831055 0.57799398899078369141 0.57799398899078369141 0.40759000182151794434 0.48820599913597106934 0.013880999758839607239 0.013880999758839607239 0.26046299934387207031 1.5914180278778076172 1.6287959814071655273 1.0466389656066894531 0.013880999758839607239 0.38754999637603759766 0.6078580021858215332 0.5991579890251159668 0.013880999758839607239 1.6287800073623657227 1.6288909912109375 1.6286449432373046875 0.57900297641754150391 0.59917402267456054688 0.59307700395584106445 0.55740702152252197266 0.013700000010430812836 0.013700000010430812836 0.0076999999582767486572 0.0076999999582767486572 1.0433770418167114258 0.26046299934387207031 0.0010280000278726220131 1.0480129718780517578 0.013700000010430812836 0.60276901721954345703 0.45619100332260131836 0.54656302928924560547
0.59152001142501831055 0.59152001142501831055 0.57799398899078369141 0.57799398899078369141 0.57799398899078369141 0.57799398899078369141 0.59152001142501831055 0.55740702152252197266 0.48820599913597106934 0.013880999758839607239 0.26046299934387207031 0.26046299934387207031 1.0481970310211181641 1.5914180278778076172 0.26046299934387207031 0.013880999758839607239 0.0010280000278726220131 0.019899999722838401794 0.0010280000278726220131 0.013880999758839607239 1.0433770418167114258 0.26046299934387207031 1.6289190053939819336 0.60275000333786010742 0.59917402267456054688 0.40759000182151794434 0.40759000182151794434 0.013700000010430812836 0.013700000010430812836 0.013700000010430812836 0.013700000010430812836 0.26046299934387207031 1.6289960145950317383 1.6289190053939819336 0.013700000010430812836 0.019899999722838401794 0.57900297641754150391 0.54568898677825927734 0.59307700395584106445
0.59152001142501831055 0.59152001142501831055 0.57799398899078369141 0.59917402267456054688 0.59307700395584106445 0.60699099302291870117 0.59217202663421630859 0.48820599913597106934 0.60208100080490112305 0.54178702831268310547 0.26046299934387207031 1.5914180278778076172 1.0480129718780517578 1.0480129718780517578 0.37053799629211425781 0.013880999758839607239 0.013880999758839607239 0.013880999758839607239 0.0010280000278726220131 0.0010280000278726220131 1.0433770418167114258 1.5914180278778076172 1.0481469631195068359 0.61042797565460205078 0.40759000182151794434 0.55740702152252197266 0.40759000182151794434 0.019899999722838401794 0.48820599913597106934 0.55740702152252197266 0.013700000010430812836 0.60883802175521850586 1.6285970211029052734 1.6289190053939819336 0.013700000010430812836 0.60883802175521850586 0.59307700395584106445 0.40759000182151794434 0.50733900070190429688
0.59152001142501831055 0.59152001142501831055 0.59152001142501831055 0.59917402267456054688 0.60699099302291870117 0.59217202663421630859 0.60608500242233276367 0.6012089848518371582 0.59917402267456054688 0.60208100080490112305 1.6287800073623657227 0.26046299934387207031 1.6286710500717163086 1.6286710500717163086 0.26046299934387207031 0.013880999758839607239 0.5991579890251159668 0.48820599913597106934 0.013880999758839607239 0.26046299934387207031 1.6285970211029052734 1.6288349628448486328 0.60275000333786010742 0.59917402267456054688 0.61042797565460205078 0.51817697286605834961 0.61042797565460205078 0.019899999722838401794 0.019899999722838401794 0.60056400299072265625 0.013700000010430812836 0.59307700395584106445 0.019899999722838401794 0.0076999999582767486572 0.60225099325180053711 0.60883802175521850586 0.60883802175521850586 0.61001002788543701172 0.59307700395584106445
0.55740702152252197266 0.40759000182151794434 0.59152001142501831055 0.60699099302291870117 0.6012089848518371582 0.59217202663421630859 0.6012089848518371582 0.59917402267456054688 0.57799398899078369141 1.6288349628448486328 1.0479190349578857422 1.6287779808044433594 1.048087000846862793 1.6289190053939819336 0.48820599913597106934 0.61334902048110961914 0.57799398899078369141 1.6287779808044433594 0.26046299934387207031 1.6282889842987060547 1.6285400390625 1.6286449432373046875 0.60275000333786010742 0.60883802175521850586 0.60883802175521850586 0.60883802175521850586 0.019899999722838401794 0.59917402267456054688 0.57799398899078369141 0.55740702152252197266 0.60056400299072265625 0.59307700395584106445 0.59361398220062255859 0.013700000010430812836 0.013700000010430812836 0.013880999758839607239 0.59307700395584106445 0.61001002788543701172 0.40759000182151794434
0.55740702152252197266 0.59152001142501831055 0.40759000182151794434 0.59217202663421630859 0.56219702959060668945 0.6012089848518371582 0.57900297641754150391 0.56835901737213134766 1.6286710500717163086 1.6287800073623657227 1.6289190053939819336 1.6289190053939819336 1.6289960145950317383 0.60275000333786010742 0.57799398899078369141 0.55740702152252197266 0.60883802175521850586 0.60883802175521850586 0.60883802175521850586 0.59086602926254272461 0.59361398220062255859 0.59361398220062255859 0.59361398220062255859 0.59917402267456054688 0.59307700395584106445 0.59917402267456054688 0.59917402267456054688 0.019899999722838401794 0.57799398899078369141 0.57799398899078369141 0.55740702152252197266 0.019899999722838401794 0.60883802175521850586 0.013700000010430812836 0.0010280000278726220131 0.0010280000278726220131 0.60276901721954345703 0.59917402267456054688 0.59152001142501831055
0.55740702152252197266 0.57799398899078369141 0.615139007568359375 0.59217202663421630859 0.6012089848518371582 0.6012089848518371582 1.6287779808044433594 1.6286159753799438477 1.6286710500717163086 1.6287800073623657227 1.6288349628448486328 1.6286710500717163086 1.6289190053939819336 1.6289190053939819336 0.59361398220062255859 0.59307700395584106445 0.57799398899078369141 0.019899999722838401794 0.60883802175521850586 0.59028297662734985352 0.59028297662734985352 0.60608500242233276367 0.60276901721954345703 0.60276901721954345703 0.59361398220062255859 0.59361398220062255859 0.59307700395584106445 0.019899999722838401794 0.57900297641754150391 0.59361398220062255859 0.55740702152252197266 0.013700000010430812836 0.013700000010430812836 0.013700000010430812836 0.0010280000278726220131 0.013880999758839607239 0.013880999758839607239 0.59307700395584106445 0.60275000333786010742
0.615139007568359375 0.60276901721954345703 0.60276901721954345703 0.59332501888275146484 0.60728597640991210938 0.6012089848518371582 0.57900297641754150391 1.0479190349578857422 1.6286710500717163086 1.6286710500717163086 1.6289190053939819336 1.6287779808044433594 0.60275000333786010742 1.6287959814071655273 0.60609197616577148438 0.40759000182151794434 0.019899999722838401794 0.60883802175521850586 0.57900297641754150391 0.019899999722838401794 0.55740702152252197266 0.013700000010430812836 0.60883802175521850586 0.60276901721954345703 0.019899999722838401794 0.60704600811004638672 0.60704600811004638672 0.019899999722838401794 0.019899999722838401794 0.019899999722838401794 0.013700000010430812836 0.013700000010430812836 0.013700000010430812836 0.013700000010430812836 0.0010280000278726220131 0.60276901721954345703 0.60276901721954345703 0.59917402267456054688 0.60883802175521850586
0.23851700127124786377 0.23851700127124786377 0.013880999758839607239 0.013880999758839607239 0.59332501888275146484 0.60649698972702026367 0.60208100080490112305 1.6286710500717163086 1.6289190053939819336 1.0481970310211181641 1.6288720369338989258 0.57900297641754150391 0.59917402267456054688 0.60609197616577148438 0.57799398899078369141 0.51817697286605834961 0.57799398899078369141 0.59361398220062255859 0.59917402267456054688 0.59917402267456054688 0.019899999722838401794 0.019899999722838401794 0.019899999722838401794 0.019899999722838401794 0.019899999722838401794 0.019899999722838401794 0.019899999722838401794 0.019899999722838401794 1.048087000846862793 0.019899999722838401794 0.013700000010430812836 0.013700000010430812836 0.013700000010430812836 0.013700000010430812836 0.013880999758839607239 0.58274602890014648438 0.59307700395584106445 0.60704600811004638672 0.59152001142501831055
0.23851700127124786377 0.013880999758839607239 0.013880999758839607239 0.013880999758839607239 1.2368149757385253906 1.6288349628448486328 1.6287800073623657227 1.6289190053939819336 1.6289190053939819336 0.60609197616577148438 0.60276901721954345703 0.59307700395584106445 0.60609197616577148438 0.60609197616577148438 0.57799398899078369141 0.60883802175521850586 0.60883802175521850586 0.60883802175521850586 0.59361398220062255859 0.59917402267456054688 0.019899999722838401794 0.23851700127124786377 0.013880999758839607239 0.013880999758839607239 0.013880999758839607239 0.013880999758839607239 1.0433770418167114258 1.0433770418167114258 1.0433770418167114258 1.0433770418167114258 1.6238930225372314453 0.013700000010430812836 0.013880999758839607239 0.013880999758839607239 0.61104702949523925781 0.40759000182151794434 0.022099999710917472839 0.022099999710917472839 0.59152001142501831055
0.60883802175521850586 0.013880999758839607239 0.013880999758839607239 1.6254279613494873047 1.6288850307464599609 1.6286710500717163086 1.048292994499206543 0.60728597640991210938 0.59361398220062255859 0.60609197616577148438 0.59307700395584106445 0.40759000182151794434 0.51817697286605834961 0.60609197616577148438 0.019899999722838401794 0.48820599913597106934 0.60883802175521850586 0.59917402267456054688 0.59917402267456054688 0.40759000182151794434 0.019899999722838401794 0.013880999758839607239 0.013880999758839607239 0.013880999758839607239 0.013880999758839607239 0.013880999758839607239 0.013880999758839607239 0.26046299934387207031 1.0433770418167114258 0.013700000010430812836 0.013700000010430812836 0.013700000010430812836 0.013880999758839607239 0.013880999758839607239 0.013880999758839607239 0.0076999999582767486572 0.022099999710917472839 0.022099999710917472839 0.022099999710917472839
0.013880999758839607239 0.23851700127124786377 0.013880999758839607239 1.6254279613494873047 1.0472760200500488281 1.6288139820098876953 0.59917700290679931641 0.60609197616577148438 0.60608500242233276367 0.60608500242233276367 0.60609197616577148438 0.59917402267456054688 0.59917402267456054688 0.55740702152252197266 0.57900297641754150391 0.48820599913597106934 0.61334902048110961914 0.59917402267456054688 0.55740702152252197266 0.40759000182151794434 0.019899999722838401794 0.013880999758839607239 0.013880999758839607239 0.013880999758839607239 0.013880999758839607239 0.013880999758839607239 0.013880999758839607239 0.013880999758839607239 0.013700000010430812836 0.013700000010430812836 0.013700000010430812836 0.48820599913597106934 0.013880999758839607239 0.013880999758839607239 0.013880999758839607239 0.60883802175521850586 0.43310201168060302734 0.4502289891242980957 0.43310201168060302734
0.013880999758839607239 0.26046299934387207031 1.6286699771881103516 1.6254279613494873047 1.0481970310211181641 0.60883802175521850586 0.60883802175521850586 0.61042797565460205078 0.60609197616577148438 0.51817697286605834961 0.60609197616577148438 0.59917402267456054688 0.59917402267456054688 0.59917402267456054688 0.57900297641754150391 0.60275000333786010742 0.59361398220062255859 0.59917402267456054688 0.019899999722838401794 0.019899999722838401794 0.019899999722838401794 0.60883802175521850586 0.48820599913597106934 0.013880999758839607239 0.013880999758839607239 0.013880999758839607239 0.013880999758839607239 0.48820599913597106934 0.013700000010430812836 0.013700000010430812836 0.48820599913597106934 0.013880999758839607239 0.013880999758839607239 0.4502289891242980957 0.59307700395584106445 0.60883802175521850586 0.40759000182151794434 0.45619100332260131836 1.6289190053939819336
