Big_Beef/DataInputs30m/o_10_ChemistryPools/1990_Mar2025/N_g_Det_AgStem.asc
ncols        345
nrows        426
xllcorner    508536.404131802963
yllcorner    5265678.997906560078
cellsize     30.000000000000
NODATA_value -9999
[rows 198 to 215 of 426, columns 200 to 239 of 345]
4.4593157768249511719 4.4593157768249511719 4.4593157768249511719 3.4913640022277832031 3.4913640022277832031 3.4913640022277832031 3.4913640022277832031 3.4913640022277832031 4.4593157768249511719 4.4593157768249511719 4.4593157768249511719 4.4593157768249511719 3.4913640022277832031 4.4593157768249511719 4.4593157768249511719 3.4913640022277832031 3.4913640022277832031 7.2182569503784179688 4.1406540870666503906 3.3892669677734375 3.3892669677734375 10.621461868286132812 10.390382766723632812 6.1539998054504394531 1.8318459987640380859 1.9051899909973144531 0.56000000238418579102 10.505097389221191406 4.5062060356140136719 10.880985260009765625 0.56000000238418579102 0.39199998974800109863 0.56000000238418579102 4.45409393310546875 0.56000000238418579102 0.56000000238418579102 0.56000000238418579102 3.8054449558258056641 5.6828999519348144531 4.5545411109924316406
3.4913640022277832031 4.4593157768249511719 3.4913640022277832031 3.4913640022277832031 3.4913640022277832031 4.8817682266235351562 7.2182569503784179688 4.4593157768249511719 4.4593157768249511719 4.4593157768249511719 4.4593157768249511719 3.4913640022277832031 7.2182569503784179688 7.2182569503784179688 4.1406540870666503906 3.4872479438781738281 3.4913640022277832031 3.4913640022277832031 4.3744478225708007812 3.6610898971557617188 3.6610898971557617188 3.8054449558258056641 10.749139785766601562 10.625638008117675781 2.0899949073791503906 7.3270001411437988281 1.3634610176086425781 7.3270001411437988281 7.3270001411437988281 0.56000000238418579102 0.56000000238418579102 0.39199998974800109863 0.39199998974800109863 1.9526510238647460938 4.0178608894348144531 7.2182569503784179688 3.4433488845825195312 0.56000000238418579102 4.5545411109924316406 3.7899260520935058594
4.4593157768249511719 4.4593157768249511719 4.4593157768249511719 3.4913640022277832031 7.2182569503784179688 7.2182569503784179688 3.4913640022277832031 4.3594207763671875 4.4593157768249511719 7.2182569503784179688 3.4913640022277832031 4.1406540870666503906 4.3744478225708007812 4.3744478225708007812 4.1406540870666503906 4.1406540870666503906 4.3744478225708007812 4.3744478225708007812 3.8054449558258056641 4.1406540870666503906 4.1406540870666503906 11.72299957275390625 11.72299957275390625 10.749139785766601562 2.0899949073791503906 1.9051899909973144531 7.3270001411437988281 7.3270001411437988281 7.3270001411437988281 0.39199998974800109863 13.319838523864746094 0.39199998974800109863 0.39199998974800109863 2.0322179794311523438 4.6863188743591308594 5.796009063720703125 10.621461868286132812 0.56000000238418579102 0.56000000238418579102 6.5586209297180175781
3.4913640022277832031 4.4593157768249511719 4.4593157768249511719 4.4593157768249511719 3.4913640022277832031 3.4913640022277832031 7.2182569503784179688 4.3594207763671875 3.4913640022277832031 3.4273540973663330078 4.3744478225708007812 3.3770079612731933594 4.1406540870666503906 4.3744478225708007812 4.1406540870666503906 4.1406540870666503906 4.1406540870666503906 3.8054449558258056641 3.3892669677734375 3.398529052734375 3.398529052734375 6.7044210433959960938 3.3770079612731933594 16.118999481201171875 2.1369841098785400391 7.3270001411437988281 0.56000000238418579102 0.56000000238418579102 0.56000000238418579102 6.8045339584350585938 6.8045339584350585938 3.7899260520935058594 3.3892669677734375 6.1539998054504394531 3.4026288986206054688 10.625638008117675781 6.1539998054504394531 6.1539998054504394531 0.56000000238418579102 0.56000000238418579102
4.8817682266235351562 4.4593157768249511719 3.4913640022277832031 4.4593157768249511719 4.4593157768249511719 4.4593157768249511719 3.4913640022277832031 7.2182569503784179688 3.3770079612731933594 4.3744478225708007812 4.3744478225708007812 3.8054449558258056641 4.5545411109924316406 4.8817682266235351562 4.3744478225708007812 0.56000000238418579102 0.39199998974800109863 0.39199998974800109863 0.39199998974800109863 2.1369841098785400391 6.1539998054504394531 3.7899260520935058594 2.1369841098785400391 7.3270001411437988281 2.1369841098785400391 0.56000000238418579102 0.56000000238418579102 4.5062060356140136719 3.8054449558258056641 7.1187601089477539062 4.45409393310546875 3.7899260520935058594 3.4433488845825195312 2.1362719535827636719 7.1187601089477539062 3.8054449558258056641 3.4273540973663330078 7.3270001411437988281 6.1539998054504394531 10.629427909851074219
4.4593157768249511719 4.8817682266235351562 4.4593157768249511719 4.4593157768249511719 7.2182569503784179688 7.2182569503784179688 7.2182569503784179688 3.6610898971557617188 3.8054449558258056641 3.8054449558258056641 3.8054449558258056641 3.8054449558258056641 3.4433488845825195312 4.8817682266235351562 6.8045339584350585938 0.22400000691413879395 0.22400000691413879395 0.39199998974800109863 11.72299957275390625 3.4636740684509277344 7.3270001411437988281 7.3270001411437988281 0.56000000238418579102 0.56000000238418579102 0.56000000238418579102 0.56000000238418579102 7.2182569503784179688 3.3994491100311279297 3.4613630771636962891 3.8054449558258056641 6.1539998054504394531 4.3744478225708007812 7.2182569503784179688 6.7044210433959960938 6.1539998054504394531 7.3270001411437988281 5.6828999519348144531 6.1539998054504394531 7.3270001411437988281 7.3270001411437988281
4.4593157768249511719 7.2182569503784179688 7.2182569503784179688 4.4593157768249511719 7.2182569503784179688 4.3744478225708007812 4.3744478225708007812 3.6610898971557617188 3.3770079612731933594 3.8054449558258056641 3.7559618949890136719 5.6828999519348144531 4.0178608894348144531 1.7801500558853149414 6.8045339584350585938 0.22400000691413879395 0.39199998974800109863 7.3270001411437988281 13.766496658325195312 1.7801500558853149414 7.3270001411437988281 2.1369841098785400391 0.56000000238418579102 13.319838523864746094 0.39199998974800109863 6.8045339584350585938 6.8045339584350585938 3.8054449558258056641 3.8054449558258056641 3.8054449558258056641 1.9270559549331665039 3.3770079612731933594 3.8054449558258056641 4.0178608894348144531 11.72299957275390625 6.1539998054504394531 5.6828999519348144531 5.796009063720703125 1.4365489482879638672 0.56000000238418579102
7.2182569503784179688 4.8817682266235351562 4.8817682266235351562 7.2182569503784179688 3.6610898971557617188 4.3744478225708007812 3.3770079612731933594 3.3770079612731933594 3.8054449558258056641 6.7044210433959960938 4.0178608894348144531 3.8054449558258056641 3.7559618949890136719 1.8507820367813110352 1.7507319450378417969 4.6863188743591308594 4.6863188743591308594 10.795964241027832031 1.7801500558853149414 1.9690660238265991211 0.56000000238418579102 0.39199998974800109863 6.5586209297180175781 3.4107580184936523438 3.4107580184936523438 5.0616297721862792969 3.7899260520935058594 7.2182569503784179688 6.8045339584350585938 3.4433488845825195312 4.0178608894348144531 7.3270001411437988281 4.45409393310546875 3.8760969638824462891 11.72299957275390625 1.8507820367813110352 11.72299957275390625 1.4365489482879638672 5.796009063720703125 0.39199998974800109863
3.6610898971557617188 4.3744478225708007812 4.3744478225708007812 3.6610898971557617188 3.6610898971557617188 3.6610898971557617188 4.1406540870666503906 4.3744478225708007812 3.8054449558258056641 5.0616297721862792969 3.8054449558258056641 4.0178608894348144531 3.8760969638824462891 7.3270001411437988281 10.795964241027832031 1.9270559549331665039 7.3270001411437988281 3.3770079612731933594 3.4247889518737792969 0.56000000238418579102 7.3270001411437988281 3.7559618949890136719 7.3270001411437988281 7.1187601089477539062 6.8045339584350585938 3.7861990928649902344 3.8054449558258056641 3.7899260520935058594 7.2182569503784179688 3.8054449558258056641 3.4433488845825195312 13.766496658325195312 7.3270001411437988281 11.483012199401855469 6.1539998054504394531 1.8507820367813110352 11.72299957275390625 3.6610898971557617188 1.4365489482879638672 0.22400000691413879395
4.3744478225708007812 4.3744478225708007812 4.3744478225708007812 4.3744478225708007812 3.6610898971557617188 3.4913640022277832031 3.4913640022277832031 3.4913640022277832031 3.8054449558258056641 3.4247889518737792969 5.2734370231628417969 3.4433488845825195312 6.8045339584350585938 7.3270001411437988281 7.3270001411437988281 6.1539998054504394531 6.1539998054504394531 6.1539998054504394531 3.3770079612731933594 0.56000000238418579102 6.1539998054504394531 3.4872479438781738281 4.5545411109924316406 3.8054449558258056641 3.8054449558258056641 3.4433488845825195312 3.8054449558258056641 7.1187601089477539062 4.5062060356140136719 0.56000000238418579102 3.4433488845825195312 3.3764278888702392578 4.5545411109924316406 6.1539998054504394531 6.1539998054504394531 7.3270001411437988281 10.679418563842773438 3.8054449558258056641 0.39199998974800109863 3.7861990928649902344
3.7899260520935058594 3.4613630771636962891 4.1406540870666503906 4.1406540870666503906 4.3744478225708007812 5.796009063720703125 3.4913640022277832031 7.2182569503784179688 4.6863188743591308594 5.2734370231628417969 3.8054449558258056641 6.8045339584350585938 10.50677490234375 3.8054449558258056641 3.4247889518737792969 3.3770079612731933594 6.1539998054504394531 3.3770079612731933594 3.8054449558258056641 3.7559618949890136719 7.3270001411437988281 4.5545411109924316406 3.4433488845825195312 3.4433488845825195312 4.0178608894348144531 4.0178608894348144531 4.0178608894348144531 4.6317257881164550781 3.7861990928649902344 0.56000000238418579102 4.5062060356140136719 3.4433488845825195312 6.1539998054504394531 7.3270001411437988281 3.8054449558258056641 3.5862929821014404297 3.3770079612731933594 3.8054449558258056641 0.56000000238418579102 0.56000000238418579102
5.796009063720703125 3.4913640022277832031 3.8054449558258056641 3.8054449558258056641 4.3744478225708007812 5.796009063720703125 3.3892669677734375 7.2182569503784179688 6.8045339584350585938 7.1187601089477539062 3.3994491100311279297 4.45409393310546875 3.3994491100311279297 7.3270001411437988281 7.3270001411437988281 6.1539998054504394531 6.1539998054504394531 1.9270559549331665039 3.4433488845825195312 3.4433488845825195312 4.5545411109924316406 3.8054449558258056641 3.8054449558258056641 3.7559618949890136719 3.4433488845825195312 3.8760969638824462891 6.8045339584350585938 5.6686649322509765625 0.39199998974800109863 0.39199998974800109863 4.3046450614929199219 6.5586209297180175781 6.1539998054504394531 5.6828999519348144531 3.3770079612731933594 3.8054449558258056641 3.3770079612731933594 3.8054449558258056641 0.56000000238418579102 0.56000000238418579102
5.2734370231628417969 3.4913640022277832031 5.0616297721862792969 5.2734370231628417969 7.1187601089477539062 3.3892669677734375 4.3744478225708007812 3.8054449558258056641 5.0616297721862792969 3.8054449558258056641 7.1187601089477539062 7.1187601089477539062 3.8054449558258056641 12.549223899841308594 7.3270001411437988281 6.1539998054504394531 1.3533910512924194336 0.39199998974800109863 3.8054449558258056641 10.629427909851074219 3.3770079612731933594 3.8054449558258056641 3.8054449558258056641 3.7559618949890136719 3.7559618949890136719 3.7559618949890136719 0.56000000238418579102 0.56000000238418579102 0.56000000238418579102 0.39199998974800109863 4.3046450614929199219 4.0178608894348144531 3.7559618949890136719 3.3770079612731933594 10.7635345458984375 3.5862929821014404297 7.3270001411437988281 3.5862929821014404297 0.56000000238418579102 0.56000000238418579102
3.4026288986206054688 3.4026288986206054688 6.8045339584350585938 6.8045339584350585938 6.8045339584350585938 5.0616297721862792969 5.1307158470153808594 7.1187601089477539062 6.1539998054504394531 5.4663209915161132812 3.7559618949890136719 3.3770079612731933594 6.5586209297180175781 11.72299957275390625 1.8976470232009887695 1.9060159921646118164 0.56000000238418579102 10.505097389221191406 6.8045339584350585938 4.0178608894348144531 3.8054449558258056641 3.7861990928649902344 0.56000000238418579102 6.5586209297180175781 0.39199998974800109863 4.5062060356140136719 7.2182569503784179688 0.56000000238418579102 3.4433488845825195312 3.4433488845825195312 3.4433488845825195312 3.7559618949890136719 6.1539998054504394531 7.3270001411437988281 5.4663209915161132812 7.3270001411437988281 1.7676039934158325195 6.1539998054504394531 10.880985260009765625 0.56000000238418579102
3.4613630771636962891 3.3770079612731933594 5.0616297721862792969 3.8054449558258056641 3.3770079612731933594 5.0616297721862792969 3.8054449558258056641 6.1539998054504394531 6.1539998054504394531 5.4663209915161132812 3.3770079612731933594 6.8045339584350585938 6.5586209297180175781 3.7899260520935058594 1.8576580286026000977 2.2400000095367431641 2.2400000095367431641 0.39199998974800109863 0.39199998974800109863 6.5586209297180175781 3.8054449558258056641 4.0178608894348144531 0.39199998974800109863 0.22400000691413879395 0.39199998974800109863 0.39199998974800109863 0.39199998974800109863 0.56000000238418579102 4.6863188743591308594 4.0178608894348144531 4.0178608894348144531 6.1539998054504394531 6.1539998054504394531 1.8507820367813110352 5.4663209915161132812 7.3270001411437988281 1.9729330539703369141 6.1539998054504394531 0.39199998974800109863 0.39199998974800109863
3.8054449558258056641 3.8054449558258056641 3.8054449558258056641 3.8054449558258056641 3.8054449558258056641 3.8054449558258056641 4.0178608894348144531 3.7559618949890136719 7.3270001411437988281 7.3270001411437988281 7.3270001411437988281 7.3270001411437988281 3.3770079612731933594 3.4433488845825195312 7.1187601089477539062 8.2357196807861328125 8.2357196807861328125 0.39199998974800109863 0.39199998974800109863 0.56000000238418579102 6.8045339584350585938 3.4433488845825195312 0.39199998974800109863 0.39199998974800109863 0.56000000238418579102 0.56000000238418579102 3.7861990928649902344 0.56000000238418579102 4.5062060356140136719 4.0178608894348144531 3.4913640022277832031 7.3270001411437988281 7.3270001411437988281 1.9270559549331665039 3.2976789474487304688 12.868390083312988281 7.3270001411437988281 1.8507820367813110352 10.390382766723632812 0.56000000238418579102
3.7899260520935058594 3.7899260520935058594 3.8054449558258056641 4.3744478225708007812 3.3770079612731933594 6.1539998054504394531 3.4247889518737792969 7.3270001411437988281 7.3270001411437988281 1.8507820367813110352 1.939252018928527832 6.1539998054504394531 3.3770079612731933594 4.0178608894348144531 7.2182569503784179688 4.0178608894348144531 3.3770079612731933594 5.6828999519348144531 10.505097389221191406 0.56000000238418579102 6.8045339584350585938 3.7559618949890136719 3.4433488845825195312 7.2182569503784179688 0.56000000238418579102 0.56000000238418579102 3.4433488845825195312 7.2182569503784179688 3.7861990928649902344 3.7559618949890136719 7.3270001411437988281 7.3270001411437988281 7.3270001411437988281 11.47078704833984375 7.3270001411437988281 1.8976470232009887695 10.7635345458984375 7.3270001411437988281 11.173348426818847656 0.39199998974800109863
3.3994491100311279297 3.3994491100311279297 3.4247889518737792969 3.4247889518737792969 3.7899260520935058594 10.679418563842773438 7.3270001411437988281 7.3270001411437988281 7.3270001411437988281 1.9251790046691894531 6.1539998054504394531 3.3770079612731933594 4.0178608894348144531 4.0178608894348144531 4.0178608894348144531 3.4433488845825195312 3.8760969638824462891 1.8507820367813110352 7.2019557952880859375 4.1789398193359375 3.8054449558258056641 4.5545411109924316406 3.8760969638824462891 3.8760969638824462891 0.56000000238418579102 6.5586209297180175781 4.6863188743591308594 4.6863188743591308594 4.0178608894348144531 4.0178608894348144531 1.8576580286026000977 6.1539998054504394531 6.1539998054504394531 6.1539998054504394531 2.2263131141662597656 5.4663209915161132812 7.3270001411437988281 10.052877426147460938 16.118999481201171875 1.9690660238265991211
