Big_Beef/DataInputs30m/o_10_ChemistryPools/1990_Mar2025/N_g_Det_BgStem_3.asc
ncols        345
nrows        426
xllcorner    508536.404131802963
yllcorner    5265678.997906560078
cellsize     30.000000000000
NODATA_value -9999
[rows 255 to 271 of 426, columns 39 to 77 of 345]
0.025000000372529029846 0.42562401294708251953 0.33199998736381530762 0.19823500514030456543 0.28964900970458984375 0.27126899361610412598 0.33199998736381530762 0.33199998736381530762 0.33199998736381530762 0.33199998736381530762 0.33199998736381530762 0.18160200119018554688 0.19076099991798400879 0.2823689877986907959 0.19823500514030456543 0.041999999433755874634 0.81189101934432983398 0.42562401294708251953 0.60319197177886962891 0.041999999433755874634 0.041999999433755874634 0.19823500514030456543 0.025000000372529029846 0.025000000372529029846 1.1065740585327148438 0.20615999400615692139 0.19076099991798400879 0.19076099991798400879 0.19823500514030456543 0.2099049985408782959 0.32865500450134277344 0.32865500450134277344 0.22031100094318389893 0.46599999070167541504 0.19622699916362762451 0.19790199398994445801 0.041999999433755874634 0.041999999433755874634 0.041999999433755874634
0.42562401294708251953 0.42562401294708251953 0.46599999070167541504 0.19823500514030456543 0.53139400482177734375 0.27126899361610412598 0.33199998736381530762 0.33199998736381530762 1.1065740585327148438 0.19436499476432800293 0.19076099991798400879 0.19076099991798400879 0.041999999433755874634 0.041999999433755874634 0.041999999433755874634 0.20615999400615692139 0.041999999433755874634 0.041999999433755874634 0.60319197177886962891 0.041999999433755874634 0.041999999433755874634 0.041999999433755874634 0.025000000372529029846 0.025000000372529029846 0.025000000372529029846 1.1065740585327148438 0.19089500606060028076 0.42562401294708251953 0.19395799934864044189 0.21193100512027740479 0.19790199398994445801 0.22031100094318389893 0.42562401294708251953 0.19732999801635742188 0.19790199398994445801 0.19790199398994445801 0.041999999433755874634 0.070477999746799468994 0.070477999746799468994
0.041999999433755874634 0.041999999433755874634 0.53139400482177734375 0.51723998785018920898 0.55500000715255737305 0.1590079963207244873 0.46599999070167541504 0.30990201234817504883 0.19076099991798400879 0.29925200343132019043 0.19932900369167327881 0.42562401294708251953 0.041999999433755874634 0.42562401294708251953 0.60319197177886962891 0.42562401294708251953 0.42562401294708251953 0.041999999433755874634 0.041999999433755874634 0.19395799934864044189 0.041999999433755874634 0.025000000372529029846 0.025000000372529029846 0.025000000372529029846 0.025000000372529029846 1.1065740585327148438 0.19436499476432800293 0.42562401294708251953 0.025000000372529029846 0.42562401294708251953 0.19823500514030456543 0.18718799948692321777 0.19732999801635742188 0.19732999801635742188 0.42562401294708251953 0.025000000372529029846 0.025000000372529029846 0.42562401294708251953 0.070477999746799468994
0.73960298299789428711 0.27754899859428405762 0.041999999433755874634 0.041999999433755874634 0.041999999433755874634 0.041999999433755874634 0.46599999070167541504 0.46599999070167541504 0.22031100094318389893 0.041999999433755874634 0.041999999433755874634 0.041999999433755874634 0.42562401294708251953 0.20615999400615692139 0.18596300482749938965 0.18596300482749938965 0.19790199398994445801 0.20615999400615692139 0.19395799934864044189 0.19395799934864044189 0.42562401294708251953 0.27754899859428405762 0.025000000372529029846 0.025000000372529029846 0.025000000372529029846 1.1065740585327148438 0.19076099991798400879 0.42562401294708251953 0.73960298299789428711 0.42562401294708251953 0.19823500514030456543 0.025000000372529029846 0.041999999433755874634 0.041999999433755874634 0.041999999433755874634 0.041999999433755874634 0.025000000372529029846 0.2099049985408782959 0.19790199398994445801
0.22031100094318389893 0.27754899859428405762 0.27754899859428405762 0.041999999433755874634 0.041999999433755874634 0.041999999433755874634 0.041999999433755874634 0.041999999433755874634 0.041999999433755874634 0.19790199398994445801 0.42562401294708251953 0.42562401294708251953 0.37623000144958496094 0.20615999400615692139 0.20615999400615692139 0.30990201234817504883 0.025000000372529029846 0.42562401294708251953 0.20615999400615692139 0.2099049985408782959 0.42562401294708251953 0.27754899859428405762 0.27754899859428405762 0.4471130073070526123 0.2823689877986907959 0.041999999433755874634 0.041999999433755874634 0.025000000372529029846 0.42562401294708251953 0.42562401294708251953 0.025000000372529029846 0.025000000372529029846 0.041999999433755874634 0.041999999433755874634 0.025000000372529029846 0.2099049985408782959 0.041999999433755874634 0.19436499476432800293 0.19076099991798400879
0.18446099758148193359 0.22031100094318389893 0.27754899859428405762 0.2403309941291809082 0.27754899859428405762 0.22031100094318389893 0.27754899859428405762 0.2403309941291809082 0.22031100094318389893 0.19790199398994445801 0.42562401294708251953 0.42562401294708251953 0.42562401294708251953 0.20615999400615692139 0.025000000372529029846 0.18596300482749938965 0.19076099991798400879 0.42562401294708251953 0.42562401294708251953 0.73960298299789428711 0.041999999433755874634 0.19932900369167327881 0.27754899859428405762 0.27754899859428405762 0.19790199398994445801 0.19790199398994445801 0.041999999433755874634 0.041999999433755874634 0.041999999433755874634 0.041999999433755874634 0.025000000372529029846 0.041999999433755874634 1.1065740585327148438 0.041999999433755874634 0.42562401294708251953 0.19823500514030456543 0.18718799948692321777 0.60319197177886962891 0.041999999433755874634
0.041999999433755874634 0.18604199588298797607 0.27754899859428405762 0.2403309941291809082 0.22031100094318389893 0.22031100094318389893 0.2403309941291809082 0.30990201234817504883 0.041999999433755874634 0.42562401294708251953 0.42562401294708251953 0.42562401294708251953 0.42562401294708251953 0.42562401294708251953 0.18836799263954162598 0.18836799263954162598 0.42562401294708251953 0.27754899859428405762 0.42562401294708251953 0.42562401294708251953 0.041999999433755874634 0.42562401294708251953 0.42562401294708251953 0.025000000372529029846 0.19823500514030456543 0.19076099991798400879 0.23357300460338592529 0.041999999433755874634 0.19076099991798400879 0.42562401294708251953 0.42562401294708251953 0.041999999433755874634 0.041999999433755874634 0.041999999433755874634 0.42562401294708251953 0.73960298299789428711 0.73960298299789428711 0.23357300460338592529 0.025000000372529029846
0.27754899859428405762 0.2403309941291809082 0.2403309941291809082 0.2403309941291809082 0.22031100094318389893 0.22031100094318389893 0.14466300606727600098 0.19622699916362762451 0.55500000715255737305 0.19823500514030456543 0.42562401294708251953 0.42562401294708251953 0.42562401294708251953 0.42562401294708251953 0.73960298299789428711 0.27754899859428405762 0.73960298299789428711 0.73960298299789428711 0.42562401294708251953 0.025000000372529029846 0.2099049985408782959 0.42562401294708251953 0.73960298299789428711 0.025000000372529029846 0.025000000372529029846 0.025000000372529029846 0.041999999433755874634 0.041999999433755874634 0.19823500514030456543 0.19076099991798400879 0.22031100094318389893 0.041999999433755874634 0.041999999433755874634 0.37623000144958496094 0.42562401294708251953 0.19790199398994445801 0.19790199398994445801 0.19790199398994445801 0.42562401294708251953
0.27754899859428405762 0.2823689877986907959 0.33570200204849243164 0.27754899859428405762 0.22031100094318389893 0.27754899859428405762 0.33570200204849243164 0.51435202360153198242 0.53139400482177734375 0.18836799263954162598 0.025000000372529029846 0.19823500514030456543 0.42562401294708251953 0.42562401294708251953 0.32865500450134277344 0.29925200343132019043 0.26871401071548461914 0.73960298299789428711 0.73960298299789428711 0.73960298299789428711 0.42562401294708251953 0.73960298299789428711 0.42562401294708251953 0.73960298299789428711 0.42562401294708251953 0.041999999433755874634 0.041999999433755874634 0.041999999433755874634 0.19790199398994445801 0.2403309941291809082 0.19790199398994445801 0.041999999433755874634 0.42562401294708251953 0.42562401294708251953 0.73960298299789428711 0.025000000372529029846 0.19076099991798400879 0.19076099991798400879 0.012000000104308128357
0.67476999759674072266 1.1065740585327148438 0.34264698624610900879 0.27754899859428405762 0.22031100094318389893 0.22031100094318389893 0.041999999433755874634 0.041999999433755874634 0.18794299662113189697 0.42562401294708251953 0.025000000372529029846 0.2099049985408782959 0.19932900369167327881 0.73960298299789428711 0.32865500450134277344 0.32865500450134277344 0.42562401294708251953 0.27754899859428405762 0.73960298299789428711 0.73960298299789428711 0.73960298299789428711 0.32865500450134277344 0.32865500450134277344 0.73960298299789428711 0.025000000372529029846 0.041999999433755874634 0.19790199398994445801 0.19790199398994445801 0.22031100094318389893 0.041999999433755874634 0.041999999433755874634 0.42562401294708251953 0.19790199398994445801 0.23357300460338592529 0.73960298299789428711 0.73960298299789428711 0.42562401294708251953 0.19790199398994445801 0.66500002145767211914
0.73960298299789428711 0.20615999400615692139 0.041999999433755874634 0.27754899859428405762 0.27754899859428405762 0.27754899859428405762 0.27754899859428405762 0.42562401294708251953 0.42562401294708251953 0.27754899859428405762 0.23357300460338592529 0.42562401294708251953 0.19790199398994445801 0.73960298299789428711 0.73960298299789428711 0.73960298299789428711 0.32865500450134277344 0.025000000372529029846 0.070477999746799468994 0.42562401294708251953 0.42562401294708251953 0.42562401294708251953 0.73960298299789428711 0.42562401294708251953 0.025000000372529029846 0.025000000372529029846 1.1065740585327148438 0.19790199398994445801 0.041999999433755874634 0.041999999433755874634 0.041999999433755874634 0.19790199398994445801 0.22031100094318389893 0.22031100094318389893 0.22031100094318389893 1.1065740585327148438 1.1065740585327148438 0.2823689877986907959 0.66500002145767211914
0.070477999746799468994 0.19823500514030456543 0.19823500514030456543 0.42562401294708251953 0.22031100094318389893 0.22031100094318389893 0.22031100094318389893 0.27754899859428405762 0.22031100094318389893 0.73960298299789428711 0.23357300460338592529 0.19790199398994445801 0.73960298299789428711 0.73960298299789428711 0.32865500450134277344 0.2823689877986907959 0.070477999746799468994 0.025000000372529029846 0.025000000372529029846 0.041999999433755874634 0.2099049985408782959 0.42562401294708251953 0.42562401294708251953 0.041999999433755874634 0.33199998736381530762 0.33199998736381530762 0.025000000372529029846 0.041999999433755874634 0.041999999433755874634 0.041999999433755874634 0.42562401294708251953 0.19790199398994445801 0.19732999801635742188 0.2403309941291809082 1.1065740585327148438 0.66500002145767211914 0.66500002145767211914 0.66500002145767211914 0.66500002145767211914
0.012000000104308128357 0.025000000372529029846 0.025000000372529029846 0.27754899859428405762 0.34264698624610900879 0.45859500765800476074 0.22031100094318389893 0.20615999400615692139 0.73960298299789428711 0.73960298299789428711 0.22031100094318389893 0.18794299662113189697 0.18794299662113189697 0.27754899859428405762 0.27754899859428405762 0.27754899859428405762 0.73960298299789428711 0.070477999746799468994 0.025000000372529029846 0.025000000372529029846 1.1065740585327148438 0.2099049985408782959 0.041999999433755874634 0.041999999433755874634 1.1065740585327148438 0.025000000372529029846 1.1065740585327148438 0.025000000372529029846 1.1065740585327148438 0.18718799948692321777 0.2823689877986907959 0.66500002145767211914 0.66500002145767211914 0.66500002145767211914 0.66500002145767211914 0.66500002145767211914 0.66500002145767211914 0.66500002145767211914 0.66500002145767211914
0.025000000372529029846 0.025000000372529029846 0.19823500514030456543 0.27754899859428405762 0.33570200204849243164 0.18274700641632080078 0.22031100094318389893 0.20615999400615692139 0.73960298299789428711 0.27754899859428405762 0.22031100094318389893 0.27754899859428405762 0.22031100094318389893 0.22031100094318389893 0.19790199398994445801 0.42562401294708251953 0.27754899859428405762 0.73960298299789428711 0.73960298299789428711 0.42562401294708251953 0.19076099991798400879 0.041999999433755874634 0.012000000104308128357 1.1065740585327148438 0.025000000372529029846 0.025000000372529029846 0.041999999433755874634 0.041999999433755874634 0.66500002145767211914 0.66500002145767211914 0.66500002145767211914 0.66500002145767211914 0.66500002145767211914 0.66500002145767211914 0.66500002145767211914 0.66500002145767211914 0.66500002145767211914 0.66500002145767211914 0.66500002145767211914
0.19823500514030456543 0.42562401294708251953 0.73960298299789428711 0.73960298299789428711 0.45859500765800476074 0.45859500765800476074 0.33570200204849243164 0.27754899859428405762 0.27754899859428405762 0.55559301376342773438 0.73960298299789428711 0.22031100094318389893 0.070477999746799468994 0.070477999746799468994 0.025000000372529029846 0.2099049985408782959 0.19076099991798400879 0.42562401294708251953 0.19932900369167327881 0.19790199398994445801 0.041999999433755874634 0.42562401294708251953 0.18718799948692321777 1.1065740585327148438 0.025000000372529029846 0.025000000372529029846 0.025000000372529029846 0.025000000372529029846 0.66500002145767211914 0.66500002145767211914 0.66500002145767211914 0.66500002145767211914 0.66500002145767211914 0.66500002145767211914 0.66500002145767211914 0.66500002145767211914 0.66500002145767211914 0.66500002145767211914 0.66500002145767211914
0.19823500514030456543 0.19823500514030456543 0.27754899859428405762 0.27754899859428405762 0.45859500765800476074 0.27754899859428405762 0.025000000372529029846 0.025000000372529029846 0.6962490081787109375 0.55559301376342773438 0.42562401294708251953 0.27754899859428405762 0.19790199398994445801 0.070477999746799468994 0.070477999746799468994 1.1065740585327148438 0.2099049985408782959 0.19076099991798400879 0.19790199398994445801 0.73960298299789428711 0.025000000372529029846 0.025000000372529029846 0.025000000372529029846 0.18718799948692321777 1.1065740585327148438 0.025000000372529029846 0.66500002145767211914 0.66500002145767211914 0.66500002145767211914 0.66500002145767211914 0.66500002145767211914 0.66500002145767211914 0.66500002145767211914 0.66500002145767211914 0.66500002145767211914 0.66500002145767211914 0.66500002145767211914 0.66500002145767211914 0.66500002145767211914
0.19823500514030456543 0.19823500514030456543 0.27754899859428405762 0.45859500765800476074 0.45859500765800476074 0.025000000372529029846 0.012000000104308128357 0.025000000372529029846 0.73960298299789428711 0.55559301376342773438 0.42562401294708251953 0.27754899859428405762 0.19076099991798400879 0.42562401294708251953 0.19395799934864044189 0.42562401294708251953 0.2099049985408782959 0.19076099991798400879 0.19932900369167327881 0.025000000372529029846 0.041999999433755874634 0.20615999400615692139 0.18718799948692321777 0.19076099991798400879 0.025000000372529029846 0.66500002145767211914 0.66500002145767211914 0.66500002145767211914 0.66500002145767211914 0.66500002145767211914 0.66500002145767211914 0.66500002145767211914 0.66500002145767211914 0.66500002145767211914 0.66500002145767211914 0.66500002145767211914 0.66500002145767211914 0.66500002145767211914 0.66500002145767211914
