Big_Beef/DataInputs30m/o_10_ChemistryPools/1990_Mar2025/N_g_root_1.asc
ncols        345
nrows        426
xllcorner    508536.404131802963
yllcorner    5265678.997906560078
cellsize     30.000000000000
NODATA_value -9999
[rows 255 to 271 of 426, columns 120 to 159 of 345]
4.0799531936645507812 3.6970369815826416016 3.9232950210571289062 0.39849999547004699707 0.39849999547004699707 2.7033669948577880859 0.39849999547004699707 4.0332560539245605469 0.27450001239776611328 0.092069000005722045898 0.39849999547004699707 0.27450001239776611328 0.0068160002119839191437 0.27450001239776611328 0.27450001239776611328 0.27450001239776611328 0.39849999547004699707 8.3716363906860351562 0.27450001239776611328 8.3652982711791992188 0.27450001239776611328 0.27450001239776611328 4.3763718605041503906 8.3502349853515625 3.3234241008758544922 8.3502349853515625 8.3687496185302734375 0.27450001239776611328 4.0381598472595214844 0.39849999547004699707 0.39849999547004699707 0.39849999547004699707 0.39849999547004699707 0.39849999547004699707 0.39849999547004699707 0.39849999547004699707 0.39849999547004699707 0.39849999547004699707 0.39849999547004699707 3.9512090682983398438
4.0381598472595214844 3.6970369815826416016 3.9232950210571289062 2.7033669948577880859 4.0381598472595214844 3.6970369815826416016 3.6970369815826416016 0.15500000119209289551 0.27450001239776611328 0.092069000005722045898 0.0068160002119839191437 0.27450001239776611328 0.27450001239776611328 0.27450001239776611328 0.39849999547004699707 0.27450001239776611328 3.9929480552673339844 3.9929480552673339844 4.3763289451599121094 0.69988399744033813477 8.3715162277221679688 4.3771610260009765625 8.3707122802734375 8.3502349853515625 4.36765289306640625 8.3612270355224609375 8.3612270355224609375 4.36765289306640625 8.3727130889892578125 0.39849999547004699707 3.92761993408203125 3.6970369815826416016 0.39849999547004699707 3.9836699962615966797 3.6970369815826416016 0.39849999547004699707 0.39849999547004699707 0.0068160002119839191437 0.0068160002119839191437 0.0068160002119839191437
3.8618750572204589844 3.9232950210571289062 2.7033669948577880859 3.4368410110473632812 2.8725779056549072266 3.9740669727325439453 0.39849999547004699707 0.27450001239776611328 0.27450001239776611328 0.27450001239776611328 0.27450001239776611328 0.0068160002119839191437 0.0068160002119839191437 0.0068160002119839191437 0.27450001239776611328 0.27450001239776611328 3.9336240291595458984 3.8500249385833740234 0.092069000005722045898 0.092069000005722045898 0.0068160002119839191437 0.69988399744033813477 3.3234241008758544922 3.926876068115234375 8.371715545654296875 4.3768439292907714844 0.39849999547004699707 4.36765289306640625 4.3761649131774902344 0.39849999547004699707 3.9979081153869628906 3.6970369815826416016 2.7033669948577880859 3.6970369815826416016 0.39849999547004699707 3.9336240291595458984 3.9336240291595458984 0.0068160002119839191437 0.0068160002119839191437 0.0068160002119839191437
3.9336240291595458984 3.9336240291595458984 2.7033669948577880859 3.61931610107421875 3.61931610107421875 3.61931610107421875 0.39849999547004699707 0.39849999547004699707 0.39849999547004699707 3.6970369815826416016 3.6970369815826416016 0.27450001239776611328 0.39849999547004699707 0.0068160002119839191437 0.39849999547004699707 0.27450001239776611328 4.3763718605041503906 1.5819760560989379883 1.5819760560989379883 0.092069000005722045898 0.39849999547004699707 1.5819760560989379883 1.5819760560989379883 0.39849999547004699707 0.39849999547004699707 0.27450001239776611328 0.39849999547004699707 0.39849999547004699707 3.9371829032897949219 0.39849999547004699707 0.27450001239776611328 3.6970369815826416016 2.7033669948577880859 2.7033669948577880859 3.61931610107421875 3.6970369815826416016 0.0068160002119839191437 0.0068160002119839191437 0.0068160002119839191437 0.0068160002119839191437
3.6970369815826416016 3.9336240291595458984 2.7033669948577880859 2.7033669948577880859 2.7033669948577880859 2.7033669948577880859 0.39849999547004699707 0.27450001239776611328 0.39849999547004699707 4.3772559165954589844 3.9336240291595458984 4.0770502090454101562 0.39849999547004699707 4.3761649131774902344 0.39849999547004699707 4.3771610260009765625 4.3761649131774902344 4.3763718605041503906 4.376811981201171875 1.5819760560989379883 0.39849999547004699707 0.39849999547004699707 0.39849999547004699707 4.0680799484252929688 0.39849999547004699707 0.39849999547004699707 0.39849999547004699707 0.39849999547004699707 0.39849999547004699707 0.39849999547004699707 0.0068160002119839191437 0.0068160002119839191437 0.0068160002119839191437 0.39849999547004699707 0.0068160002119839191437 0.0068160002119839191437 0.39849999547004699707 0.0068160002119839191437 0.0068160002119839191437 0.0068160002119839191437
3.6970369815826416016 2.7033669948577880859 3.9336240291595458984 0.27450001239776611328 0.27450001239776611328 3.9150910377502441406 0.39849999547004699707 3.9150910377502441406 2.7033669948577880859 4.3769102096557617188 3.9740669727325439453 4.3767437934875488281 3.9371829032897949219 8.3712244033813476562 8.3712244033813476562 4.3769087791442871094 3.9371829032897949219 0.27450001239776611328 0.27450001239776611328 0.27450001239776611328 0.27450001239776611328 0.39849999547004699707 3.6970369815826416016 4.0680799484252929688 2.7033669948577880859 3.9336240291595458984 3.0257179737091064453 3.9371829032897949219 4.0198960304260253906 3.6970369815826416016 0.44279998540878295898 0.44279998540878295898 0.44279998540878295898 0.0068160002119839191437 3.9150910377502441406 0.0068160002119839191437 0.44279998540878295898 0.0068160002119839191437 0.44279998540878295898 0.44279998540878295898
3.9336240291595458984 3.9336240291595458984 2.7033669948577880859 0.27450001239776611328 0.092069000005722045898 0.39849999547004699707 3.8618750572204589844 3.9209680557250976562 4.37701416015625 4.376811981201171875 4.3769087791442871094 4.3768439292907714844 4.3762998580932617188 8.3710002899169921875 4.3762998580932617188 4.3769087791442871094 4.3769087791442871094 3.9979081153869628906 3.9232950210571289062 0.27450001239776611328 4.0381598472595214844 3.9944720268249511719 0.092069000005722045898 3.6970369815826416016 3.364955902099609375 3.8402729034423828125 3.92761993408203125 3.9336240291595458984 3.9740669727325439453 3.8618750572204589844 0.44279998540878295898 0.44279998540878295898 0.44279998540878295898 0.44279998540878295898 3.9150910377502441406 0.44279998540878295898 0.44279998540878295898 0.44279998540878295898 4.0228338241577148438 0.44279998540878295898
4.013957977294921875 4.013957977294921875 4.0459299087524414062 3.6970369815826416016 0.15500000119209289551 3.2380568981170654297 0.39849999547004699707 3.9336240291595458984 3.9740669727325439453 4.3771610260009765625 4.3762998580932617188 8.3713750839233398438 4.3768677711486816406 8.3710002899169921875 4.3768677711486816406 4.3762998580932617188 4.3761029243469238281 3.9512090682983398438 3.9979081153869628906 4.0381598472595214844 4.0381598472595214844 3.9944720268249511719 3.6970369815826416016 3.6970369815826416016 4.0243258476257324219 3.9371829032897949219 3.9371829032897949219 3.92761993408203125 3.9336240291595458984 0.44279998540878295898 0.44279998540878295898 0.44279998540878295898 0.44279998540878295898 0.44279998540878295898 0.44279998540878295898 0.44279998540878295898 0.44279998540878295898 0.44279998540878295898 0.44279998540878295898 3.9740669727325439453
3.9336240291595458984 4.3769459724426269531 4.0459299087524414062 0.27450001239776611328 2.7033669948577880859 0.27450001239776611328 0.39849999547004699707 0.39849999547004699707 0.39849999547004699707 0.39849999547004699707 0.39849999547004699707 0.39849999547004699707 0.39849999547004699707 0.39849999547004699707 8.37226104736328125 4.3761649131774902344 3.92761993408203125 3.9336240291595458984 2.7033669948577880859 2.7033669948577880859 3.9336240291595458984 0.39849999547004699707 2.7033669948577880859 2.7033669948577880859 3.8402729034423828125 3.9336240291595458984 4.0243258476257324219 3.92761993408203125 3.9944720268249511719 3.6970369815826416016 0.44279998540878295898 0.44279998540878295898 0.44279998540878295898 0.44279998540878295898 0.44279998540878295898 0.44279998540878295898 0.44279998540878295898 0.44279998540878295898 0.44279998540878295898 0.44279998540878295898
4.376811981201171875 3.9336240291595458984 4.0799531936645507812 3.6970369815826416016 2.7033669948577880859 0.27450001239776611328 4.3763499259948730469 4.3761649131774902344 3.9371829032897949219 0.39849999547004699707 4.3762998580932617188 4.3768439292907714844 0.39849999547004699707 4.3768677711486816406 8.37226104736328125 3.92761993408203125 3.92761993408203125 4.3769478797912597656 8.3707122802734375 8.3687496185302734375 3.9336240291595458984 4.0459299087524414062 3.6970369815826416016 3.6970369815826416016 3.9371829032897949219 2.8725779056549072266 2.8725779056549072266 3.8650989532470703125 0.15500000119209289551 3.6970369815826416016 0.44279998540878295898 0.44279998540878295898 0.44279998540878295898 0.44279998540878295898 0.44279998540878295898 0.44279998540878295898 0.44279998540878295898 0.44279998540878295898 0.44279998540878295898 0.44279998540878295898
3.9336240291595458984 3.9336240291595458984 3.6970369815826416016 3.9944720268249511719 0.39849999547004699707 0.39849999547004699707 4.3772559165954589844 4.3763718605041503906 4.3761649131774902344 3.9371829032897949219 0.39849999547004699707 4.3760151863098144531 0.39849999547004699707 8.3713750839233398438 8.371463775634765625 0.15500000119209289551 0.39849999547004699707 8.3726243972778320312 0.44279998540878295898 0.39849999547004699707 3.6970369815826416016 4.0799531936645507812 3.6970369815826416016 3.9371829032897949219 4.3769087791442871094 4.3763499259948730469 3.9336240291595458984 3.8650989532470703125 3.6970369815826416016 3.6970369815826416016 0.44279998540878295898 0.44279998540878295898 0.44279998540878295898 0.44279998540878295898 0.44279998540878295898 0.44279998540878295898 0.44279998540878295898 0.44279998540878295898 0.44279998540878295898 0.44279998540878295898
4.3763551712036132812 4.376811981201171875 8.3699903488159179688 0.39849999547004699707 3.9836699962615966797 0.27450001239776611328 3.6970369815826416016 8.3707122802734375 4.0381598472595214844 0.27450001239776611328 4.0381598472595214844 3.9371829032897949219 8.3712244033813476562 4.3761029243469238281 8.3727216720581054688 3.9336240291595458984 3.9150910377502441406 4.0799531936645507812 0.44279998540878295898 0.092069000005722045898 4.0381598472595214844 0.092069000005722045898 4.026271820068359375 4.3772559165954589844 4.376811981201171875 8.3706483840942382812 4.376811981201171875 3.9336240291595458984 4.0799531936645507812 0.44279998540878295898 0.44279998540878295898 0.44279998540878295898 0.44279998540878295898 0.44279998540878295898 0.44279998540878295898 0.44279998540878295898 0.44279998540878295898 0.44279998540878295898 0.44279998540878295898 0.44279998540878295898
4.37686920166015625 4.3761649131774902344 4.37686920166015625 4.0381598472595214844 3.9836699962615966797 0.27450001239776611328 3.9979081153869628906 3.9150910377502441406 0.39849999547004699707 3.6970369815826416016 3.9371829032897949219 3.9371829032897949219 3.9336240291595458984 3.92761993408203125 4.0198960304260253906 3.2380568981170654297 3.2380568981170654297 0.092069000005722045898 0.44279998540878295898 0.44279998540878295898 0.27450001239776611328 0.27450001239776611328 0.092069000005722045898 4.026271820068359375 8.3706483840942382812 4.3763718605041503906 0.27450001239776611328 4.3763718605041503906 8.3723688125610351562 0.44279998540878295898 0.44279998540878295898 0.44279998540878295898 0.44279998540878295898 0.44279998540878295898 0.44279998540878295898 0.44279998540878295898 0.44279998540878295898 0.44279998540878295898 0.44279998540878295898 0.44279998540878295898
8.3720064163208007812 8.369873046875 0.092069000005722045898 4.0381598472595214844 0.39849999547004699707 0.39849999547004699707 3.9336240291595458984 3.6970369815826416016 3.6970369815826416016 3.6970369815826416016 4.0381598472595214844 3.9336240291595458984 2.7033669948577880859 3.6970369815826416016 3.9150910377502441406 3.9209680557250976562 4.0381598472595214844 3.9933431148529052734 0.092069000005722045898 0.092069000005722045898 3.9933431148529052734 8.3716363906860351562 3.9371829032897949219 3.8402729034423828125 4.3761649131774902344 4.3763718605041503906 4.3763718605041503906 8.3583021163940429688 0.44279998540878295898 0.39849999547004699707 0.44279998540878295898 0.44279998540878295898 0.44279998540878295898 0.44279998540878295898 0.44279998540878295898 0.44279998540878295898 0.44279998540878295898 0.44279998540878295898 0.44279998540878295898 3.8618750572204589844
0.44279998540878295898 0.44279998540878295898 0.092069000005722045898 0.092069000005722045898 0.39849999547004699707 0.39849999547004699707 3.6970369815826416016 3.9336240291595458984 3.8875129222869873047 2.7033669948577880859 3.9336240291595458984 3.9336240291595458984 3.9336240291595458984 3.9799950122833251953 3.9150910377502441406 3.7080581188201904297 2.7033669948577880859 3.9933431148529052734 0.39849999547004699707 4.3772559165954589844 8.3332777023315429688 8.3716363906860351562 4.3766608238220214844 4.3766608238220214844 4.3772559165954589844 8.3706483840942382812 4.3761649131774902344 8.3725109100341796875 8.3725109100341796875 0.44279998540878295898 0.44279998540878295898 0.44279998540878295898 0.44279998540878295898 0.44279998540878295898 0.44279998540878295898 0.44279998540878295898 0.44279998540878295898 0.44279998540878295898 0.44279998540878295898 0.44279998540878295898
0.27450001239776611328 0.44279998540878295898 0.44279998540878295898 0.27450001239776611328 0.39849999547004699707 0.39849999547004699707 3.9336240291595458984 3.9336240291595458984 0.39849999547004699707 3.6970369815826416016 3.8830170631408691406 3.9336240291595458984 0.39849999547004699707 4.0228338241577148438 0.27450001239776611328 3.9336240291595458984 3.9150910377502441406 3.9933431148529052734 0.092069000005722045898 8.3727130889892578125 8.3727130889892578125 4.3767437934875488281 8.3707122802734375 8.37176513671875 4.3766608238220214844 0.0068160002119839191437 0.0068160002119839191437 8.3712244033813476562 8.3703031539916992188 0.44279998540878295898 0.44279998540878295898 0.44279998540878295898 0.44279998540878295898 0.44279998540878295898 0.44279998540878295898 0.44279998540878295898 0.44279998540878295898 0.44279998540878295898 0.44279998540878295898 3.8618750572204589844
3.9525198936462402344 0.44279998540878295898 0.39849999547004699707 3.6970369815826416016 0.39849999547004699707 3.6970369815826416016 3.9336240291595458984 3.6970369815826416016 0.0068160002119839191437 0.0068160002119839191437 0.27450001239776611328 3.9336240291595458984 4.0770502090454101562 4.0770502090454101562 0.27450001239776611328 3.8830170631408691406 4.3760771751403808594 8.3706483840942382812 3.9371829032897949219 4.3769087791442871094 3.9740669727325439453 4.3769087791442871094 8.3687496185302734375 0.0068160002119839191437 0.0068160002119839191437 0.0068160002119839191437 0.0068160002119839191437 3.9336240291595458984 4.3761649131774902344 0.27450001239776611328 0.44279998540878295898 0.44279998540878295898 0.44279998540878295898 0.44279998540878295898 0.44279998540878295898 0.44279998540878295898 0.44279998540878295898 0.44279998540878295898 0.44279998540878295898 3.8618750572204589844
