Big_Beef/DataInputs30m/o_10_ChemistryPools/1990_Mar2025/N_g_Det_AgStem.asc
ncols        345
nrows        426
xllcorner    508536.404131802963
yllcorner    5265678.997906560078
cellsize     30.000000000000
NODATA_value -9999
[rows 90 to 107 of 426, columns 240 to 279 of 345]
2.1362719535827636719 3.5862929821014404297 3.5862929821014404297 6.1539998054504394531 6.1539998054504394531 4.0587849617004394531 5.6828999519348144531 0.56000000238418579102 4.5062060356140136719 4.5545411109924316406 3.3892669677734375 0.56000000238418579102 0.22400000691413879395 0.56000000238418579102 0.56000000238418579102 6.8045339584350585938 7.3270001411437988281 11.483012199401855469 6.1539998054504394531 1.7676039934158325195 1.7676039934158325195 1.8941260576248168945 4.0587849617004394531 4.0587849617004394531 3.8054449558258056641 7.2182569503784179688 7.1187601089477539062 7.1187601089477539062 4.0178608894348144531 7.1187601089477539062 7.1187601089477539062 0.56000000238418579102 4.5545411109924316406 6.5586209297180175781 6.5586209297180175781 3.8054449558258056641 4.5062060356140136719 4.5062060356140136719 6.8045339584350585938 7.1187601089477539062
10.749139785766601562 1.7676039934158325195 6.1539998054504394531 5.2382321357727050781 4.0587849617004394531 6.1539998054504394531 4.0587849617004394531 4.0587849617004394531 1.6196210384368896484 0.56000000238418579102 1.8055950403213500977 1.8055950403213500977 0.56000000238418579102 0.56000000238418579102 0.56000000238418579102 13.766496658325195312 11.173348426818847656 10.245557785034179688 7.3270001411437988281 10.245557785034179688 10.245557785034179688 1.8491719961166381836 1.8737729787826538086 12.549223899841308594 4.5545411109924316406 7.1187601089477539062 5.1307158470153808594 0.39199998974800109863 3.7861990928649902344 7.1187601089477539062 3.8054449558258056641 4.5062060356140136719 6.5586209297180175781 4.5062060356140136719 0.56000000238418579102 4.5062060356140136719 4.6863188743591308594 4.6863188743591308594 0.39199998974800109863 4.5062060356140136719
4.5545411109924316406 1.8941260576248168945 1.8941260576248168945 3.5862929821014404297 3.8054449558258056641 5.6828999519348144531 4.0587849617004394531 2.0406889915466308594 1.9645769596099853516 13.766496658325195312 13.766496658325195312 3.3892669677734375 4.5545411109924316406 0.56000000238418579102 0.56000000238418579102 2.0322179794311523438 6.1539998054504394531 4.5545411109924316406 6.1539998054504394531 7.3270001411437988281 7.3270001411437988281 7.3270001411437988281 10.422201156616210938 10.301130294799804688 4.5545411109924316406 4.5545411109924316406 3.8054449558258056641 3.3892669677734375 4.5062060356140136719 3.9245970249176025391 3.7861990928649902344 3.7861990928649902344 0.56000000238418579102 5.3980059623718261719 0.56000000238418579102 0.56000000238418579102 0.22400000691413879395 5.3980059623718261719 0.39199998974800109863 13.319838523864746094
1.8941260576248168945 6.7044210433959960938 6.7044210433959960938 5.6828999519348144531 3.8054449558258056641 3.8054449558258056641 2.0322179794311523438 2.0322179794311523438 11.483012199401855469 4.5545411109924316406 4.5545411109924316406 3.398529052734375 4.0178608894348144531 3.9245970249176025391 0.56000000238418579102 0.56000000238418579102 3.7899260520935058594 0.56000000238418579102 3.7899260520935058594 7.3270001411437988281 16.118999481201171875 4.5545411109924316406 11.015271186828613281 2.0873620510101318359 6.5586209297180175781 4.0178608894348144531 3.8054449558258056641 3.8054449558258056641 7.1187601089477539062 0.56000000238418579102 7.2182569503784179688 3.7861990928649902344 0.56000000238418579102 4.5062060356140136719 4.5062060356140136719 4.5062060356140136719 5.4227890968322753906 3.9350171089172363281 6.940608978271484375 5.4227890968322753906
11.72299957275390625 6.1539998054504394531 10.749139785766601562 2.1232349872589111328 3.8054449558258056641 11.72299957275390625 4.5545411109924316406 4.5545411109924316406 11.483012199401855469 4.5545411109924316406 3.8054449558258056641 3.8054449558258056641 4.5545411109924316406 4.5545411109924316406 0.56000000238418579102 4.5545411109924316406 3.7899260520935058594 0.56000000238418579102 4.5545411109924316406 4.0178608894348144531 0.56000000238418579102 0.39199998974800109863 1.3533910512924194336 7.5341272354125976562 4.6863188743591308594 3.3994491100311279297 4.0178608894348144531 4.0178608894348144531 4.0178608894348144531 4.0178608894348144531 3.8054449558258056641 7.1187601089477539062 3.7861990928649902344 4.5062060356140136719 6.8045339584350585938 0.39199998974800109863 3.7861990928649902344 3.7861990928649902344 3.7861990928649902344 3.7861990928649902344
16.118999481201171875 10.749139785766601562 2.0263199806213378906 10.693880081176757812 4.0587849617004394531 11.72299957275390625 1.917718052864074707 0.39199998974800109863 0.39199998974800109863 0.39199998974800109863 4.5062060356140136719 0.56000000238418579102 6.5586209297180175781 3.7899260520935058594 0.39199998974800109863 3.7899260520935058594 9.0204648971557617188 4.273143768310546875 4.5545411109924316406 4.0178608894348144531 4.5062060356140136719 3.7861990928649902344 0.39199998974800109863 13.319838523864746094 0.16799999773502349854 3.7861990928649902344 0.56000000238418579102 3.3770079612731933594 5.4663209915161132812 0.56000000238418579102 0.56000000238418579102 3.7861990928649902344 3.8054449558258056641 0.56000000238418579102 13.319838523864746094 7.1187601089477539062 3.4433488845825195312 3.4433488845825195312 3.4433488845825195312 3.8760969638824462891
6.1539998054504394531 1.8941260576248168945 1.8941260576248168945 6.7044210433959960938 6.7044210433959960938 3.8054449558258056641 1.3634610176086425781 0.39199998974800109863 0.39199998974800109863 10.505097389221191406 4.5062060356140136719 3.4433488845825195312 16.118999481201171875 2.1369841098785400391 1.917718052864074707 0.56000000238418579102 5.3980059623718261719 0.56000000238418579102 4.0178608894348144531 7.2182569503784179688 3.8054449558258056641 3.9350171089172363281 5.4227890968322753906 5.4644260406494140625 5.3980059623718261719 4.5062060356140136719 0.56000000238418579102 13.319838523864746094 4.6863188743591308594 3.7861990928649902344 3.7861990928649902344 3.7861990928649902344 0.56000000238418579102 0.39199998974800109863 0.39199998974800109863 6.8045339584350585938 3.4433488845825195312 6.8045339584350585938 4.2260999679565429688 0.56000000238418579102
10.366524696350097656 6.1539998054504394531 6.7044210433959960938 4.0587849617004394531 3.8054449558258056641 3.8054449558258056641 1.3634610176086425781 10.505097389221191406 0.39199998974800109863 3.8760969638824462891 4.5062060356140136719 0.56000000238418579102 0.56000000238418579102 9.0204648971557617188 1.917718052864074707 0.56000000238418579102 4.0178608894348144531 4.0178608894348144531 4.0178608894348144531 4.0178608894348144531 4.5545411109924316406 4.0178608894348144531 0.56000000238418579102 0.56000000238418579102 0.56000000238418579102 0.39199998974800109863 0.39199998974800109863 0.56000000238418579102 0.56000000238418579102 0.56000000238418579102 0.56000000238418579102 0.56000000238418579102 0.39199998974800109863 0.56000000238418579102 0.56000000238418579102 0.39199998974800109863 0.56000000238418579102 0.39199998974800109863 0.56000000238418579102 4.5062060356140136719
11.72299957275390625 3.5862929821014404297 6.1539998054504394531 4.0178608894348144531 3.8054449558258056641 16.118999481201171875 1.8055950403213500977 0.39199998974800109863 10.505097389221191406 3.7899260520935058594 3.398529052734375 0.22400000691413879395 0.39199998974800109863 13.319838523864746094 0.56000000238418579102 4.5545411109924316406 4.0178608894348144531 4.5545411109924316406 3.7559618949890136719 0.56000000238418579102 4.0178608894348144531 0.56000000238418579102 0.39199998974800109863 0.39199998974800109863 0.56000000238418579102 0.39199998974800109863 0.39199998974800109863 0.39199998974800109863 0.39199998974800109863 3.5315198898315429688 0.39199998974800109863 7.2182569503784179688 0.39199998974800109863 0.22400000691413879395 0.39199998974800109863 13.319838523864746094 0.39199998974800109863 0.39199998974800109863 13.319838523864746094 6.3021941184997558594
10.749139785766601562 3.5862929821014404297 2.1362719535827636719 3.5862929821014404297 6.1539998054504394531 16.118999481201171875 16.118999481201171875 4.5545411109924316406 4.5062060356140136719 3.7899260520935058594 4.5062060356140136719 0.56000000238418579102 3.4636740684509277344 1.917718052864074707 0.56000000238418579102 4.0178608894348144531 3.7559618949890136719 4.5545411109924316406 4.0178608894348144531 4.0178608894348144531 7.1187601089477539062 3.4433488845825195312 0.22400000691413879395 0.22400000691413879395 0.39199998974800109863 7.2182569503784179688 7.2182569503784179688 0.39199998974800109863 4.6863188743591308594 4.0178608894348144531 7.2182569503784179688 4.1406540870666503906 0.39199998974800109863 0.39199998974800109863 4.5062060356140136719 10.505097389221191406 6.940608978271484375 13.319838523864746094 6.3021941184997558594 13.319838523864746094
11.72299957275390625 3.5862929821014404297 6.7044210433959960938 3.5862929821014404297 4.0587849617004394531 6.7044210433959960938 4.5545411109924316406 0.39199998974800109863 4.5062060356140136719 4.5062060356140136719 0.56000000238418579102 0.56000000238418579102 0.56000000238418579102 0.56000000238418579102 0.56000000238418579102 0.56000000238418579102 3.4433488845825195312 3.7559618949890136719 4.0178608894348144531 3.8054449558258056641 4.0178608894348144531 4.0178608894348144531 3.7861990928649902344 5.3980059623718261719 4.45409393310546875 3.4433488845825195312 7.2182569503784179688 7.2182569503784179688 7.2182569503784179688 4.0178608894348144531 4.0178608894348144531 7.1187601089477539062 7.2182569503784179688 3.7861990928649902344 4.5062060356140136719 0.56000000238418579102 4.5062060356140136719 4.5062060356140136719 5.3980059623718261719 5.4227890968322753906
11.72299957275390625 3.5862929821014404297 6.7044210433959960938 6.7044210433959960938 5.6828999519348144531 4.0178608894348144531 0.56000000238418579102 4.5062060356140136719 4.5062060356140136719 4.5062060356140136719 3.3892669677734375 0.56000000238418579102 3.7899260520935058594 3.4433488845825195312 0.56000000238418579102 0.56000000238418579102 1.9501479864120483398 11.1626129150390625 4.0178608894348144531 4.0178608894348144531 4.0178608894348144531 4.0178608894348144531 3.4433488845825195312 3.7861990928649902344 7.1187601089477539062 4.0178608894348144531 3.4913640022277832031 7.2182569503784179688 3.4913640022277832031 3.4433488845825195312 7.1187601089477539062 3.4433488845825195312 7.2182569503784179688 7.2182569503784179688 7.2182569503784179688 7.2182569503784179688 3.7861990928649902344 3.7861990928649902344 7.2182569503784179688 7.2182569503784179688
1.8941260576248168945 6.7044210433959960938 6.7044210433959960938 4.0587849617004394531 5.6828999519348144531 5.6828999519348144531 3.4433488845825195312 13.319838523864746094 4.5062060356140136719 6.8045339584350585938 3.4433488845825195312 4.5545411109924316406 4.5545411109924316406 3.4433488845825195312 0.56000000238418579102 4.5545411109924316406 2.0812599658966064453 1.8491719961166381836 4.5545411109924316406 4.0178608894348144531 4.0178608894348144531 4.0178608894348144531 4.0178608894348144531 4.0178608894348144531 4.5545411109924316406 4.0178608894348144531 7.1187601089477539062 0.39199998974800109863 4.1789398193359375 4.1789398193359375 4.1789398193359375 3.4433488845825195312 3.4433488845825195312 3.4433488845825195312 7.1187601089477539062 4.0178608894348144531 4.0178608894348144531 7.1187601089477539062 4.0178608894348144531 4.0178608894348144531
2.0322179794311523438 5.6828999519348144531 3.8054449558258056641 4.3744478225708007812 3.8054449558258056641 5.6828999519348144531 0.56000000238418579102 6.8045339584350585938 3.7861990928649902344 3.8054449558258056641 3.4433488845825195312 4.5545411109924316406 3.398529052734375 0.56000000238418579102 0.56000000238418579102 0.56000000238418579102 1.8491719961166381836 4.5545411109924316406 4.5545411109924316406 4.0178608894348144531 4.0178608894348144531 4.0178608894348144531 3.398529052734375 3.398529052734375 4.5545411109924316406 13.319838523864746094 0.39199998974800109863 0.39199998974800109863 13.319838523864746094 4.0178608894348144531 4.1789398193359375 3.4433488845825195312 6.8045339584350585938 6.8045339584350585938 4.0178608894348144531 4.0178608894348144531 4.0178608894348144531 7.1187601089477539062 6.7189998626708984375 6.7189998626708984375
5.6828999519348144531 4.3744478225708007812 4.3744478225708007812 3.8054449558258056641 5.6828999519348144531 3.8054449558258056641 4.5062060356140136719 7.2182569503784179688 3.8054449558258056641 3.4433488845825195312 3.8054449558258056641 3.3892669677734375 3.8054449558258056641 3.4433488845825195312 0.56000000238418579102 0.56000000238418579102 2.0322179794311523438 0.56000000238418579102 5.6828999519348144531 4.0178608894348144531 4.0178608894348144531 4.0178608894348144531 3.4433488845825195312 3.398529052734375 3.398529052734375 3.398529052734375 0.39199998974800109863 0.39199998974800109863 6.8045339584350585938 4.0178608894348144531 4.0178608894348144531 0.56000000238418579102 3.7861990928649902344 0.39199998974800109863 3.7861990928649902344 4.0178608894348144531 4.0178608894348144531 7.1187601089477539062 0.56000000238418579102 6.8045339584350585938
4.3744478225708007812 3.8054449558258056641 4.3744478225708007812 3.8054449558258056641 6.8045339584350585938 6.8045339584350585938 3.8054449558258056641 3.8054449558258056641 3.8054449558258056641 3.8054449558258056641 3.8054449558258056641 3.8054449558258056641 3.8054449558258056641 3.3892669677734375 0.56000000238418579102 0.56000000238418579102 0.56000000238418579102 0.39199998974800109863 7.1187601089477539062 4.0178608894348144531 4.0178608894348144531 4.0178608894348144531 4.0178608894348144531 3.398529052734375 3.7899260520935058594 4.5062060356140136719 0.39199998974800109863 5.4227890968322753906 7.1187601089477539062 4.0178608894348144531 3.4872479438781738281 3.4433488845825195312 7.1187601089477539062 3.7861990928649902344 4.2260999679565429688 4.0178608894348144531 7.1187601089477539062 4.0178608894348144531 3.7861990928649902344 0.56000000238418579102
4.3744478225708007812 3.8054449558258056641 3.8054449558258056641 4.0587849617004394531 4.6863188743591308594 6.8045339584350585938 3.8054449558258056641 4.1406540870666503906 4.1406540870666503906 4.1406540870666503906 5.1735348701477050781 3.8054449558258056641 3.8054449558258056641 0.39199998974800109863 0.56000000238418579102 1.9051899909973144531 0.39199998974800109863 0.39199998974800109863 3.8054449558258056641 4.0178608894348144531 0.56000000238418579102 4.0178608894348144531 3.4433488845825195312 0.56000000238418579102 3.4433488845825195312 3.7861990928649902344 3.7861990928649902344 0.56000000238418579102 7.1187601089477539062 4.0178608894348144531 0.56000000238418579102 4.0178608894348144531 7.1187601089477539062 3.3892669677734375 0.39199998974800109863 4.2260999679565429688 6.8045339584350585938 0.56000000238418579102 3.7861990928649902344 3.7861990928649902344
4.3744478225708007812 3.4613630771636962891 3.8054449558258056641 0.56000000238418579102 4.2260999679565429688 3.3892669677734375 4.1406540870666503906 3.8054449558258056641 3.8054449558258056641 0.56000000238418579102 4.8817682266235351562 4.5062060356140136719 4.5062060356140136719 0.39199998974800109863 0.39199998974800109863 0.39199998974800109863 0.56000000238418579102 0.56000000238418579102 0.56000000238418579102 0.56000000238418579102 0.56000000238418579102 0.56000000238418579102 0.56000000238418579102 0.56000000238418579102 0.56000000238418579102 0.56000000238418579102 0.56000000238418579102 0.56000000238418579102 0.56000000238418579102 0.56000000238418579102 0.56000000238418579102 0.56000000238418579102 0.56000000238418579102 0.56000000238418579102 0.56000000238418579102 0.56000000238418579102 0.56000000238418579102 0.56000000238418579102 0.56000000238418579102 0.56000000238418579102
