Big_Beef/DataInputs30m/o_10_ChemistryPools/1990_Mar2025/N_g_Det_leaf.asc
ncols        345
nrows        426
xllcorner    508536.404131802963
yllcorner    5265678.997906560078
cellsize     30.000000000000
NODATA_value -9999
[rows 396 to 413 of 426, columns 40 to 79 of 345]
19.974061965942382812 19.997005462646484375 19.800050735473632812 19.800050735473632812 20.023767471313476562 20.023767471313476562 20.023767471313476562 19.425367355346679688 19.42969512939453125 19.861690521240234375 19.867206573486328125 19.997005462646484375 0.75999999046325683594 0.75999999046325683594 2.5399999618530273438 2.5399999618530273438 2.5399999618530273438 19.667850494384765625 19.54726409912109375 27.695529937744140625 19.723638534545898438 19.800050735473632812 19.6080322265625 19.997005462646484375 19.800050735473632812 17.964704513549804688 17.964704513549804688 20.108736038208007812 0.21199999749660491943 19.997005462646484375 0.21199999749660491943 0.21199999749660491943 0.21199999749660491943 0.21199999749660491943 0.21199999749660491943 0.21199999749660491943 17.3398895263671875 0.21199999749660491943 27.695529937744140625 19.54726409912109375
1.9025520086288452148 19.936449050903320312 19.873371124267578125 19.800050735473632812 20.023767471313476562 20.023767471313476562 19.873371124267578125 19.873371124267578125 19.861690521240234375 19.42969512939453125 19.997005462646484375 17.964704513549804688 0.75999999046325683594 0.75999999046325683594 2.5399999618530273438 2.5399999618530273438 2.5399999618530273438 2.5399999618530273438 2.5399999618530273438 27.695529937744140625 0.21199999749660491943 19.997005462646484375 19.6080322265625 0.21199999749660491943 19.997005462646484375 19.997005462646484375 19.997005462646484375 19.997005462646484375 17.964704513549804688 0.21199999749660491943 19.997005462646484375 19.6080322265625 17.3398895263671875 0.21199999749660491943 17.3398895263671875 17.3398895263671875 0.14800000190734863281 19.6080322265625 0.21199999749660491943 0.21199999749660491943
19.800050735473632812 1.9025520086288452148 19.997005462646484375 19.936449050903320312 19.857408523559570312 19.936449050903320312 19.800050735473632812 19.800050735473632812 19.861690521240234375 19.997005462646484375 19.689960479736328125 19.997005462646484375 0.75999999046325683594 2.5399999618530273438 2.5399999618530273438 2.5399999618530273438 2.5399999618530273438 2.5399999618530273438 0.21199999749660491943 19.6080322265625 27.695529937744140625 0.14800000190734863281 0.14800000190734863281 19.376771926879882812 0.21199999749660491943 0.21199999749660491943 19.496578216552734375 20.108736038208007812 19.400585174560546875 19.997005462646484375 0.21199999749660491943 19.997005462646484375 19.6080322265625 19.723638534545898438 19.689960479736328125 19.723638534545898438 19.800050735473632812 1.9025520086288452148 1.9025520086288452148 1.9025520086288452148
19.836507797241210938 1.9025520086288452148 19.973470687866210938 19.598585128784179688 19.800050735473632812 19.794748306274414062 19.376771926879882812 19.77526092529296875 19.800050735473632812 2.5399999618530273438 2.5399999618530273438 2.5399999618530273438 0.75999999046325683594 2.5399999618530273438 2.5399999618530273438 2.5399999618530273438 2.5399999618530273438 2.5399999618530273438 2.5399999618530273438 19.6080322265625 19.6080322265625 0.14800000190734863281 0.14800000190734863281 0.21199999749660491943 0.14800000190734863281 0.21199999749660491943 0.21199999749660491943 0.21199999749660491943 0.21199999749660491943 0.14800000190734863281 0.21199999749660491943 19.997005462646484375 17.964704513549804688 19.723638534545898438 19.723638534545898438 19.400585174560546875 17.964704513549804688 1.9025520086288452148 17.3398895263671875 17.3398895263671875
19.800050735473632812 1.9025520086288452148 19.936449050903320312 19.800050735473632812 19.674833297729492188 19.936449050903320312 19.567668914794921875 19.6080322265625 2.5399999618530273438 2.5399999618530273438 2.5399999618530273438 2.5399999618530273438 2.5399999618530273438 2.5399999618530273438 2.5399999618530273438 2.5399999618530273438 2.5399999618530273438 2.5399999618530273438 2.5399999618530273438 2.5399999618530273438 19.376771926879882812 27.695529937744140625 27.695529937744140625 0.21199999749660491943 19.997005462646484375 20.108736038208007812 0.14800000190734863281 19.496578216552734375 19.713287353515625 0.21199999749660491943 0.21199999749660491943 19.861690521240234375 19.689960479736328125 19.800050735473632812 19.400585174560546875 19.400585174560546875 19.723638534545898438 19.400585174560546875 19.400585174560546875 17.3398895263671875
19.936449050903320312 1.9025520086288452148 1.9025520086288452148 19.794748306274414062 19.794748306274414062 19.936449050903320312 19.800050735473632812 19.997005462646484375 19.873371124267578125 2.5399999618530273438 2.5399999618530273438 2.5399999618530273438 2.5399999618530273438 37.132305145263671875 19.794748306274414062 36.5538330078125 2.5399999618530273438 19.915014266967773438 2.5399999618530273438 2.5399999618530273438 0.14800000190734863281 19.376771926879882812 27.695529937744140625 0.21199999749660491943 19.997005462646484375 19.997005462646484375 0.14800000190734863281 19.376771926879882812 19.6080322265625 0.21199999749660491943 0.21199999749660491943 20.108736038208007812 19.997005462646484375 19.723638534545898438 19.6080322265625 19.723638534545898438 19.997005462646484375 19.723638534545898438 19.6080322265625 19.6080322265625
19.936449050903320312 1.9025520086288452148 19.861690521240234375 19.603609085083007812 19.800050735473632812 19.800050735473632812 2.5399999618530273438 2.5399999618530273438 2.5399999618530273438 2.5399999618530273438 2.5399999618530273438 2.5399999618530273438 2.5399999618530273438 19.603609085083007812 37.46099853515625 19.598585128784179688 19.997005462646484375 17.683782577514648438 2.5399999618530273438 0.14800000190734863281 19.713287353515625 0.14800000190734863281 0.14800000190734863281 27.695529937744140625 19.6080322265625 19.6080322265625 19.997005462646484375 1.2699999809265136719 27.695529937744140625 19.6080322265625 0.21199999749660491943 19.800050735473632812 19.800050735473632812 19.400585174560546875 17.815805435180664062 19.997005462646484375 19.400585174560546875 19.997005462646484375 19.6080322265625 27.695529937744140625
19.936449050903320312 19.800050735473632812 19.973470687866210938 2.5399999618530273438 2.5399999618530273438 2.5399999618530273438 19.730255126953125 2.5399999618530273438 2.5399999618530273438 2.5399999618530273438 2.5399999618530273438 2.5399999618530273438 7.5217051506042480469 19.861690521240234375 19.997005462646484375 19.603609085083007812 19.603609085083007812 19.800050735473632812 19.892091751098632812 2.5399999618530273438 2.5399999618530273438 2.5399999618530273438 19.997005462646484375 19.997005462646484375 19.997005462646484375 19.997005462646484375 1.2699999809265136719 1.2699999809265136719 19.997005462646484375 0.21199999749660491943 0.21199999749660491943 19.77526092529296875 19.473369598388671875 27.695529937744140625 27.695529937744140625 19.723638534545898438 19.400585174560546875 19.723638534545898438 19.6080322265625 17.3398895263671875
2.5399999618530273438 2.5399999618530273438 2.5399999618530273438 2.5399999618530273438 2.5399999618530273438 2.5399999618530273438 27.695529937744140625 27.695529937744140625 19.861690521240234375 19.861690521240234375 19.857408523559570312 2.5399999618530273438 2.5399999618530273438 19.966424942016601562 19.800050735473632812 17.964704513549804688 19.834402084350585938 19.936449050903320312 2.5399999618530273438 2.5399999618530273438 2.5399999618530273438 2.5399999618530273438 19.966424942016601562 17.964704513549804688 17.964704513549804688 17.964704513549804688 17.964704513549804688 19.6080322265625 17.964704513549804688 0.21199999749660491943 19.997005462646484375 19.77526092529296875 19.473369598388671875 27.695529937744140625 27.695529937744140625 27.695529937744140625 27.695529937744140625 27.695529937744140625 27.695529937744140625 18.948938369750976562
2.5399999618530273438 2.5399999618530273438 2.5399999618530273438 2.5399999618530273438 27.695529937744140625 27.695529937744140625 27.695529937744140625 27.695529937744140625 27.695529937744140625 19.861690521240234375 19.794748306274414062 19.992174148559570312 2.5399999618530273438 19.997005462646484375 19.42969512939453125 19.861690521240234375 19.800050735473632812 20.023767471313476562 2.5399999618530273438 2.5399999618530273438 2.5399999618530273438 19.598585128784179688 17.964704513549804688 17.964704513549804688 17.964704513549804688 19.800050735473632812 19.723638534545898438 19.6080322265625 17.3398895263671875 19.997005462646484375 0.21199999749660491943 19.713287353515625 19.376771926879882812 18.429706573486328125 27.695529937744140625 0.14800000190734863281 0.21199999749660491943 27.695529937744140625 17.964704513549804688 27.695529937744140625
2.5399999618530273438 2.5399999618530273438 2.5399999618530273438 27.695529937744140625 19.834402084350585938 27.695529937744140625 27.695529937744140625 27.695529937744140625 27.695529937744140625 19.800050735473632812 1.2699999809265136719 2.5399999618530273438 20.108736038208007812 2.5399999618530273438 2.5399999618530273438 19.800050735473632812 19.861690521240234375 19.794748306274414062 19.775836944580078125 2.5399999618530273438 2.5399999618530273438 19.794748306274414062 19.400585174560546875 19.473369598388671875 17.964704513549804688 17.964704513549804688 19.966424942016601562 27.695529937744140625 0.21199999749660491943 27.695529937744140625 0.14800000190734863281 19.376771926879882812 0.21199999749660491943 0.14800000190734863281 0.14800000190734863281 19.521144866943359375 0.21199999749660491943 0.21199999749660491943 0.21199999749660491943 0.14800000190734863281
2.5399999618530273438 19.867206573486328125 27.695529937744140625 19.800050735473632812 19.800050735473632812 27.695529937744140625 27.695529937744140625 27.695529937744140625 19.800050735473632812 19.800050735473632812 20.05706024169921875 0.75999999046325683594 0.75999999046325683594 2.5399999618530273438 2.5399999618530273438 2.5399999618530273438 2.5399999618530273438 2.5399999618530273438 2.5399999618530273438 2.5399999618530273438 19.689960479736328125 2.5399999618530273438 19.857408523559570312 19.42969512939453125 19.936449050903320312 17.964704513549804688 19.997005462646484375 19.997005462646484375 19.997005462646484375 19.975107192993164062 0.14800000190734863281 0.21199999749660491943 19.997005462646484375 19.997005462646484375 19.861690521240234375 19.723638534545898438 19.6080322265625 19.54726409912109375 0.21199999749660491943 19.713287353515625
19.77526092529296875 19.6079864501953125 19.800050735473632812 17.964704513549804688 17.964704513549804688 19.800050735473632812 19.800050735473632812 27.695529937744140625 27.695529937744140625 1.2699999809265136719 2.5399999618530273438 2.5399999618530273438 2.5399999618530273438 2.5399999618530273438 2.5399999618530273438 2.5399999618530273438 1.9025520086288452148 2.5399999618530273438 2.5399999618530273438 2.5399999618530273438 2.5399999618530273438 2.5399999618530273438 2.5399999618530273438 19.892091751098632812 19.936449050903320312 19.997005462646484375 17.964704513549804688 0.21199999749660491943 19.997005462646484375 0.21199999749660491943 0.21199999749660491943 19.6080322265625 19.797306060791015625 19.521144866943359375 19.997005462646484375 19.723638534545898438 19.723638534545898438 19.6080322265625 19.6080322265625 17.3398895263671875
2.5399999618530273438 19.800050735473632812 19.997005462646484375 19.77526092529296875 19.800050735473632812 19.997005462646484375 19.997005462646484375 27.695529937744140625 0.75999999046325683594 0.75999999046325683594 2.5399999618530273438 0.75999999046325683594 2.5399999618530273438 2.5399999618530273438 2.5399999618530273438 2.5399999618530273438 1.9025520086288452148 1.9025520086288452148 2.5399999618530273438 2.5399999618530273438 2.5399999618530273438 2.5399999618530273438 2.5399999618530273438 2.5399999618530273438 19.867206573486328125 19.800050735473632812 19.520608901977539062 17.964704513549804688 19.997005462646484375 19.997005462646484375 0.21199999749660491943 19.797306060791015625 19.6080322265625 19.6080322265625 19.723638534545898438 19.400585174560546875 19.723638534545898438 19.6080322265625 17.3398895263671875 27.695529937744140625
19.914028167724609375 19.914028167724609375 18.473749160766601562 19.77526092529296875 19.77526092529296875 17.964704513549804688 19.834402084350585938 27.695529937744140625 0.75999999046325683594 0.75999999046325683594 2.5399999618530273438 2.5399999618530273438 2.5399999618530273438 2.5399999618530273438 2.5399999618530273438 1.9025520086288452148 1.9025520086288452148 1.9025520086288452148 2.5399999618530273438 2.5399999618530273438 2.5399999618530273438 2.5399999618530273438 2.5399999618530273438 2.5399999618530273438 2.5399999618530273438 19.800050735473632812 17.964704513549804688 19.997005462646484375 19.997005462646484375 19.997005462646484375 0.21199999749660491943 19.997005462646484375 19.521144866943359375 19.6080322265625 19.54726409912109375 19.400585174560546875 19.54726409912109375 2.5399999618530273438 2.5399999618530273438 27.695529937744140625
19.834402084350585938 18.473749160766601562 18.473749160766601562 19.77526092529296875 19.77526092529296875 19.77526092529296875 19.892091751098632812 27.695529937744140625 27.695529937744140625 0.75999999046325683594 2.5399999618530273438 2.5399999618530273438 2.5399999618530273438 2.5399999618530273438 2.5399999618530273438 1.9025520086288452148 1.9025520086288452148 1.9025520086288452148 2.5399999618530273438 2.5399999618530273438 2.5399999618530273438 2.5399999618530273438 2.5399999618530273438 2.5399999618530273438 2.5399999618530273438 19.800050735473632812 19.997005462646484375 0.14800000190734863281 19.77526092529296875 0.21199999749660491943 0.21199999749660491943 19.997005462646484375 19.6080322265625 19.6080322265625 19.6080322265625 27.695529937744140625 19.400585174560546875 19.400585174560546875 2.5399999618530273438 2.5399999618530273438
19.77526092529296875 19.77526092529296875 19.77526092529296875 19.77526092529296875 19.892091751098632812 19.892091751098632812 27.695529937744140625 27.695529937744140625 27.695529937744140625 0.75999999046325683594 0.75999999046325683594 2.5399999618530273438 2.5399999618530273438 2.5399999618530273438 2.5399999618530273438 2.5399999618530273438 1.9025520086288452148 19.834402084350585938 2.5399999618530273438 2.5399999618530273438 2.5399999618530273438 2.5399999618530273438 2.5399999618530273438 2.5399999618530273438 2.5399999618530273438 19.997005462646484375 0.21199999749660491943 19.77526092529296875 17.964704513549804688 0.21199999749660491943 0.21199999749660491943 19.997005462646484375 19.997005462646484375 19.723638534545898438 19.723638534545898438 19.723638534545898438 19.800050735473632812 2.5399999618530273438 2.5399999618530273438 19.892091751098632812
19.941095352172851562 19.77526092529296875 19.77526092529296875 17.964704513549804688 17.964704513549804688 2.5399999618530273438 2.5399999618530273438 2.5399999618530273438 27.695529937744140625 2.5399999618530273438 0.75999999046325683594 2.5399999618530273438 2.5399999618530273438 2.5399999618530273438 2.5399999618530273438 1.9025520086288452148 19.63300323486328125 2.5399999618530273438 2.5399999618530273438 2.5399999618530273438 2.5399999618530273438 2.5399999618530273438 2.5399999618530273438 2.5399999618530273438 2.5399999618530273438 19.861690521240234375 19.997005462646484375 19.77526092529296875 19.77526092529296875 19.997005462646484375 0.14800000190734863281 19.997005462646484375 19.997005462646484375 19.689960479736328125 19.861690521240234375 19.42969512939453125 2.5399999618530273438 2.5399999618530273438 2.5399999618530273438 2.5399999618530273438
