Big_Beef/DataInputs30m/o_10_ChemistryPools/1990_Mar2025/N_g_root_1.asc
ncols        345
nrows        426
xllcorner    508536.404131802963
yllcorner    5265678.997906560078
cellsize     30.000000000000
NODATA_value -9999
[rows 357 to 373 of 426, columns 200 to 239 of 345]
4.0802860260009765625 4.013957977294921875 4.3772559165954589844 4.0243258476257324219 2.8725779056549072266 4.0087370872497558594 3.7080581188201904297 4.0379190444946289062 3.7080581188201904297 4.0379190444946289062 4.0379190444946289062 4.0379190444946289062 3.9988570213317871094 4.0230622291564941406 0.0068160002119839191437 0.0068160002119839191437 3.9988570213317871094 0.0068160002119839191437 0.0068160002119839191437 0.0068160002119839191437 0.0068160002119839191437 0.0068160002119839191437 0.0068160002119839191437 3.9209680557250976562 3.9209680557250976562 3.9988570213317871094 4.0228338241577148438 4.3769478797912597656 4.3768320083618164062 3.9371829032897949219 4.3769478797912597656 3.9988570213317871094 3.9336240291595458984 4.0228338241577148438 3.9209680557250976562 3.9150910377502441406 4.0228338241577148438 4.0228338241577148438 4.0228338241577148438 4.0011320114135742188
4.013957977294921875 4.013957977294921875 8.372249603271484375 8.369873046875 4.3769669532775878906 3.8618750572204589844 4.0345392227172851562 3.8715798854827880859 3.8715798854827880859 4.0324320793151855469 3.9988570213317871094 3.7080581188201904297 3.7080581188201904297 3.9988570213317871094 3.9209680557250976562 0.0068160002119839191437 3.9740669727325439453 0.0068160002119839191437 0.0068160002119839191437 0.0068160002119839191437 0.0068160002119839191437 0.0068160002119839191437 0.0068160002119839191437 0.0068160002119839191437 0.0068160002119839191437 4.3763718605041503906 4.3763718605041503906 4.3766169548034667969 4.3766169548034667969 3.9232950210571289062 4.3769478797912597656 3.9988570213317871094 3.9336240291595458984 3.9150910377502441406 3.9150910377502441406 3.9150910377502441406 3.9512090682983398438 4.0228338241577148438 4.0228338241577148438 3.9740669727325439453
3.9979081153869628906 3.9979081153869628906 4.3769497871398925781 4.3766169548034667969 3.92761993408203125 3.0257179737091064453 4.0345392227172851562 3.7080581188201904297 4.0324320793151855469 3.8715798854827880859 4.0324320793151855469 3.8715798854827880859 3.97408294677734375 3.8715798854827880859 4.0381598472595214844 3.9232950210571289062 3.9740669727325439453 4.0381598472595214844 0.0068160002119839191437 0.0068160002119839191437 0.0068160002119839191437 0.0068160002119839191437 0.0068160002119839191437 0.0068160002119839191437 0.0068160002119839191437 4.0047521591186523438 3.926876068115234375 3.926876068115234375 4.3766169548034667969 3.9512090682983398438 4.3766169548034667969 3.9512090682983398438 4.0331330299377441406 3.9988570213317871094 3.9988570213317871094 4.0331330299377441406 4.0488262176513671875 4.0228338241577148438 3.9988570213317871094 3.9740669727325439453
3.9979081153869628906 2.7033669948577880859 4.3768649101257324219 4.3769497871398925781 4.3771610260009765625 4.0693078041076660156 4.0345392227172851562 4.0692629814147949219 3.7080581188201904297 3.8715798854827880859 3.97408294677734375 3.7080581188201904297 4.0324320793151855469 4.0228338241577148438 4.0381598472595214844 3.9512090682983398438 3.9512090682983398438 4.0331330299377441406 0.0068160002119839191437 0.0068160002119839191437 0.0068160002119839191437 0.0068160002119839191437 0.0068160002119839191437 0.0068160002119839191437 0.0068160002119839191437 4.0228338241577148438 4.0331330299377441406 3.9740669727325439453 4.3767437934875488281 4.3767437934875488281 4.3766169548034667969 3.9512090682983398438 4.0331330299377441406 3.8875129222869873047 3.8875129222869873047 4.0291628837585449219 4.0349130630493164062 4.0228338241577148438 3.9740669727325439453 3.9371829032897949219
2.5704500675201416016 3.9979081153869628906 4.3768649101257324219 8.3725109100341796875 4.3769497871398925781 4.0220780372619628906 3.7080581188201904297 3.8715798854827880859 3.7080581188201904297 3.7080581188201904297 3.8715798854827880859 3.7080581188201904297 3.9371829032897949219 0.0068160002119839191437 0.0068160002119839191437 4.0228338241577148438 3.9988570213317871094 4.0011320114135742188 0.0068160002119839191437 0.0068160002119839191437 0.0068160002119839191437 0.0068160002119839191437 0.0068160002119839191437 0.0068160002119839191437 8.3715667724609375 4.3772559165954589844 4.3767437934875488281 4.0331330299377441406 4.0331330299377441406 4.3766169548034667969 4.3766169548034667969 3.9512090682983398438 4.3800001144409179688 4.3800001144409179688 4.0488262176513671875 4.0324320793151855469 4.0228338241577148438 4.0228338241577148438 4.0011320114135742188 4.0011320114135742188
0.092069000005722045898 2.5704500675201416016 4.3768157958984375 4.3765110969543457031 4.013957977294921875 4.0195178985595703125 3.7080581188201904297 3.8715798854827880859 3.7080581188201904297 3.8715798854827880859 3.7080581188201904297 3.7080581188201904297 3.9371829032897949219 0.0068160002119839191437 0.0068160002119839191437 3.9209680557250976562 3.9988570213317871094 4.0011320114135742188 4.0228338241577148438 0.0068160002119839191437 4.0381598472595214844 4.0331330299377441406 3.8930599689483642578 3.926876068115234375 8.3712244033813476562 4.3766169548034667969 4.3769478797912597656 3.9336240291595458984 4.0331330299377441406 3.9232950210571289062 4.3766169548034667969 4.3800001144409179688 4.3800001144409179688 3.8618750572204589844 4.0228338241577148438 4.0228338241577148438 4.0228338241577148438 4.0228338241577148438 4.0331330299377441406 3.9512090682983398438
2.5704500675201416016 4.363536834716796875 4.3579230308532714844 4.3768157958984375 4.0570850372314453125 3.9793100357055664062 3.960205078125 3.7080581188201904297 3.9618489742279052734 3.7080581188201904297 3.9189569950103759766 3.7080581188201904297 3.7080581188201904297 3.97408294677734375 0.0068160002119839191437 0.0068160002119839191437 0.0068160002119839191437 4.0228338241577148438 4.0047521591186523438 0.0068160002119839191437 4.0599451065063476562 3.8930599689483642578 4.3764829635620117188 4.3756952285766601562 4.3756952285766601562 4.37638092041015625 4.3767981529235839844 8.3727216720581054688 3.9336240291595458984 4.3767437934875488281 4.3766169548034667969 8.371463775634765625 4.0243258476257324219 4.0488262176513671875 3.9150910377502441406 3.9150910377502441406 3.9150910377502441406 3.9336240291595458984 4.0331330299377441406 3.9512090682983398438
0.092069000005722045898 4.3727707862854003906 4.363536834716796875 4.3772068023681640625 4.0570850372314453125 4.0338950157165527344 3.9991619586944580078 3.7080581188201904297 3.7080581188201904297 3.7080581188201904297 3.7080581188201904297 3.8715798854827880859 4.0799531936645507812 0.0068160002119839191437 0.0068160002119839191437 0.0068160002119839191437 0.0068160002119839191437 4.0228338241577148438 3.9988570213317871094 4.0228338241577148438 3.9209680557250976562 3.9988570213317871094 3.8930599689483642578 4.3764829635620117188 3.926876068115234375 3.7905728816986083984 3.9979081153869628906 8.3721227645874023438 4.3768157958984375 4.3767437934875488281 4.3766169548034667969 4.3767437934875488281 4.3761649131774902344 4.0488262176513671875 3.8618750572204589844 3.9150910377502441406 3.9150910377502441406 3.9336240291595458984 3.9740669727325439453 0.0068160002119839191437
2.5704500675201416016 2.9861729145050048828 3.97408294677734375 3.97408294677734375 3.97408294677734375 3.960205078125 3.960205078125 4.0692629814147949219 3.7080581188201904297 3.960205078125 3.960205078125 0.0068160002119839191437 4.0324320793151855469 0.0068160002119839191437 0.0068160002119839191437 0.0068160002119839191437 0.0068160002119839191437 3.9209680557250976562 4.0228338241577148438 3.9988570213317871094 3.9988570213317871094 3.9988570213317871094 3.9988570213317871094 4.0331330299377441406 3.9371829032897949219 3.926876068115234375 3.7696769237518310547 4.0228338241577148438 3.9512090682983398438 4.0381598472595214844 3.9232950210571289062 4.3767981529235839844 4.3761649131774902344 4.0488262176513671875 3.9336240291595458984 4.0228338241577148438 4.0228338241577148438 4.0070328712463378906 3.9336240291595458984 0.0068160002119839191437
0.092069000005722045898 2.5704500675201416016 4.363536834716796875 3.926876068115234375 4.0211949348449707031 4.0291628837585449219 4.0195178985595703125 0.0068160002119839191437 3.960205078125 3.7080581188201904297 0.0068160002119839191437 0.0068160002119839191437 0.0068160002119839191437 0.0068160002119839191437 0.0068160002119839191437 0.0068160002119839191437 0.0068160002119839191437 0.0068160002119839191437 0.0068160002119839191437 3.9988570213317871094 3.9740669727325439453 3.9988570213317871094 3.9988570213317871094 4.0013318061828613281 4.0570850372314453125 3.8715798854827880859 3.7696769237518310547 3.9512090682983398438 3.9512090682983398438 3.9512090682983398438 3.8875129222869873047 3.97408294677734375 4.3767981529235839844 8.3724269866943359375 4.0770502090454101562 4.0599451065063476562 3.9371829032897949219 4.0528130531311035156 4.0278639793395996094 0.0068160002119839191437
0.092069000005722045898 0.092069000005722045898 4.013957977294921875 4.0570850372314453125 4.013957977294921875 4.0324320793151855469 4.0799531936645507812 0.0068160002119839191437 3.7080581188201904297 4.0379190444946289062 3.7080581188201904297 0.0068160002119839191437 0.0068160002119839191437 0.0068160002119839191437 0.0068160002119839191437 0.0068160002119839191437 0.0068160002119839191437 0.0068160002119839191437 0.0068160002119839191437 0.0068160002119839191437 3.8930599689483642578 3.8930599689483642578 3.9823141098022460938 3.8618750572204589844 4.0599451065063476562 4.0381598472595214844 4.0599451065063476562 4.0243067741394042969 4.0228338241577148438 4.0488262176513671875 4.0488262176513671875 3.8875129222869873047 4.3766169548034667969 4.3766169548034667969 4.3767437934875488281 4.3800001144409179688 4.3800001144409179688 4.3800001144409179688 4.3800001144409179688 3.9336240291595458984
0.092069000005722045898 0.092069000005722045898 4.013957977294921875 4.013957977294921875 4.0291628837585449219 4.0324320793151855469 3.9209680557250976562 0.0068160002119839191437 0.0068160002119839191437 0.0068160002119839191437 4.0379190444946289062 3.9209680557250976562 0.0068160002119839191437 0.0068160002119839191437 0.0068160002119839191437 0.0068160002119839191437 0.0068160002119839191437 0.0068160002119839191437 0.44279998540878295898 0.0068160002119839191437 0.0068160002119839191437 0.0068160002119839191437 3.9740669727325439453 3.9512090682983398438 3.9336240291595458984 4.0243258476257324219 4.0599451065063476562 4.0228338241577148438 4.0228338241577148438 3.9150910377502441406 4.0488262176513671875 3.8875129222869873047 3.9232950210571289062 3.9740669727325439453 4.3800001144409179688 4.3800001144409179688 4.3800001144409179688 4.3800001144409179688 4.3800001144409179688 4.0331330299377441406
3.9832820892333984375 3.9832820892333984375 4.0331330299377441406 3.9832820892333984375 4.0291628837585449219 4.0284819602966308594 4.0284819602966308594 4.0284819602966308594 3.9209680557250976562 0.0068160002119839191437 0.0068160002119839191437 0.0068160002119839191437 0.0068160002119839191437 0.0068160002119839191437 0.0068160002119839191437 0.44279998540878295898 0.44279998540878295898 0.44279998540878295898 0.44279998540878295898 0.0068160002119839191437 0.0068160002119839191437 0.0068160002119839191437 0.0068160002119839191437 3.9512090682983398438 3.8715798854827880859 3.8715798854827880859 3.9371829032897949219 3.9336240291595458984 2.7033669948577880859 3.9336240291595458984 4.0488262176513671875 3.9740669727325439453 3.9232950210571289062 3.9232950210571289062 4.3800001144409179688 4.3800001144409179688 4.3800001144409179688 4.3800001144409179688 4.3800001144409179688 4.3800001144409179688
4.0331330299377441406 4.0459299087524414062 4.0292601585388183594 4.0292601585388183594 4.0087370872497558594 3.9832820892333984375 4.0243258476257324219 3.9209680557250976562 3.9209680557250976562 3.9209680557250976562 0.0068160002119839191437 0.0068160002119839191437 0.0068160002119839191437 0.0068160002119839191437 0.0068160002119839191437 0.0068160002119839191437 0.44279998540878295898 0.44279998540878295898 0.0068160002119839191437 0.0068160002119839191437 0.0068160002119839191437 0.0068160002119839191437 3.9740669727325439453 3.926876068115234375 3.9740669727325439453 3.9740669727325439453 3.9740669727325439453 4.0331330299377441406 3.9740669727325439453 3.9988570213317871094 4.0331330299377441406 4.3800001144409179688 3.9336240291595458984 3.8715798854827880859 4.3800001144409179688 4.3800001144409179688 4.3800001144409179688 4.3800001144409179688 4.3800001144409179688 4.3800001144409179688
3.9832820892333984375 4.005397796630859375 4.0292601585388183594 3.6970369815826416016 3.9823141098022460938 4.005397796630859375 4.0331330299377441406 4.0331330299377441406 4.0331330299377441406 0.0068160002119839191437 0.0068160002119839191437 0.44279998540878295898 0.44279998540878295898 0.44279998540878295898 0.0068160002119839191437 0.44279998540878295898 0.44279998540878295898 0.0068160002119839191437 0.0068160002119839191437 0.0068160002119839191437 0.0068160002119839191437 0.0068160002119839191437 3.8930599689483642578 4.0381598472595214844 3.7905728816986083984 3.9988570213317871094 3.9988570213317871094 4.0331330299377441406 3.926876068115234375 4.3800001144409179688 4.3800001144409179688 4.3800001144409179688 4.3800001144409179688 3.8875129222869873047 3.9150910377502441406 2.3653750419616699219 4.3800001144409179688 4.0528130531311035156 8.3716115951538085938 8.3332777023315429688
4.0693078041076660156 4.0230622291564941406 4.005397796630859375 4.0291628837585449219 4.0332560539245605469 3.9209680557250976562 3.9832820892333984375 4.05208587646484375 3.9832820892333984375 0.0068160002119839191437 0.0068160002119839191437 0.44279998540878295898 0.44279998540878295898 0.44279998540878295898 0.0068160002119839191437 0.0068160002119839191437 0.44279998540878295898 0.44279998540878295898 0.44279998540878295898 0.0068160002119839191437 0.0068160002119839191437 0.0068160002119839191437 0.0068160002119839191437 0.0068160002119839191437 4.0331330299377441406 3.9336240291595458984 3.9944720268249511719 4.0381598472595214844 4.0243258476257324219 4.3800001144409179688 4.3800001144409179688 4.3800001144409179688 4.3800001144409179688 3.9336240291595458984 3.8875129222869873047 3.9944720268249511719 3.8715798854827880859 3.8618750572204589844 3.7696769237518310547 8.371410369873046875
3.8618750572204589844 3.8618750572204589844 3.9209680557250976562 3.9832820892333984375 3.9832820892333984375 4.005397796630859375 0.0068160002119839191437 0.0068160002119839191437 0.0068160002119839191437 0.0068160002119839191437 0.0068160002119839191437 0.0068160002119839191437 0.44279998540878295898 0.44279998540878295898 0.44279998540878295898 0.0068160002119839191437 0.0068160002119839191437 0.0068160002119839191437 0.0068160002119839191437 0.0068160002119839191437 0.0068160002119839191437 0.0068160002119839191437 0.0068160002119839191437 3.9371829032897949219 3.9232950210571289062 3.9336240291595458984 3.9371829032897949219 3.9232950210571289062 3.9232950210571289062 4.3800001144409179688 4.3800001144409179688 4.3800001144409179688 4.3800001144409179688 4.3800001144409179688 3.8875129222869873047 3.8618750572204589844 4.0459299087524414062 4.0228338241577148438 3.7696769237518310547 8.3723163604736328125
