Big_Beef/DataInputs30m/o_10_ChemistryPools/1990_Mar2025/N_g_Det_root_1.asc
ncols        345
nrows        426
xllcorner    508536.404131802963
yllcorner    5265678.997906560078
cellsize     30.000000000000
NODATA_value -9999
[rows 234 to 251 of 426, columns 0 to 39 of 345]
4.814395904541015625 4.814395904541015625 2.5740599632263183594 2.5740599632263183594 2.7580280303955078125 2.7478868961334228516 2.7894270420074462891 2.8166460990905761719 2.7505118846893310547 2.7912890911102294922 2.716526031494140625 10.671999931335449219 10.671999931335449219 8.0603437423706054688 8.6306905746459960938 7.7775821685791015625 10.671999931335449219 12.704999923706054688 8.0600061416625976562 2.7489631175994873047 2.5740599632263183594 2.5576050281524658203 0.11999999731779098511 4.814395904541015625 2.7675690650939941406 2.7092339992523193359 2.5262711048126220703 2.7716441154479980469 2.7488958835601806641 2.7488958835601806641 2.7675690650939941406 2.8152740001678466797 2.7497429847717285156 2.7905189990997314453 2.8010540008544921875 2.8010540008544921875 2.8010540008544921875 2.8583600521087646484 0.11999999731779098511 2.7716441154479980469
2.5740599632263183594 2.5740599632263183594 2.5740599632263183594 2.7497429847717285156 2.5740599632263183594 2.7505118846893310547 2.716526031494140625 2.8166460990905761719 2.7505118846893310547 2.8010540008544921875 10.671999931335449219 12.704999923706054688 8.0603437423706054688 8.0603437423706054688 8.0603437423706054688 2.8010540008544921875 2.8095099925994873047 2.7905189990997314453 2.7905189990997314453 2.5740599632263183594 2.5740599632263183594 2.8095099925994873047 4.814395904541015625 0.11999999731779098511 0.11999999731779098511 2.7675690650939941406 2.8081560134887695312 2.8081560134887695312 0.11999999731779098511 2.7716441154479980469 2.7675690650939941406 2.7675690650939941406 0.20000000298023223877 2.7535879611968994141 0.11999999731779098511 2.7812590599060058594 2.7912890911102294922 0.20000000298023223877 2.7716441154479980469 0.20000000298023223877
2.7675690650939941406 2.5740599632263183594 2.5740599632263183594 2.7497429847717285156 2.7497429847717285156 2.7736771106719970703 2.8002250194549560547 2.7675690650939941406 2.8166460990905761719 7.8556070327758789062 10.671999931335449219 8.0600061416625976562 8.0603437423706054688 20.327999114990234375 8.0603437423706054688 10.671999931335449219 2.8095099925994873047 2.8095099925994873047 2.7675690650939941406 2.5740599632263183594 2.5740599632263183594 2.8095099925994873047 2.7675690650939941406 2.7675690650939941406 2.8081560134887695312 2.8025839328765869141 0.11999999731779098511 2.7675690650939941406 2.7675690650939941406 2.7716441154479980469 2.7675690650939941406 2.7716441154479980469 2.7092339992523193359 2.7535879611968994141 0.11999999731779098511 2.7716441154479980469 0.11999999731779098511 0.11999999731779098511 2.7716441154479980469 0.20000000298023223877
2.7488958835601806641 2.5740599632263183594 2.7910199165344238281 2.7869410514831542969 2.7497429847717285156 2.7736771106719970703 2.7904720306396484375 2.7904720306396484375 9.700405120849609375 8.0600061416625976562 10.671999931335449219 8.0600061416625976562 2.7912890911102294922 20.327999114990234375 10.671999931335449219 10.671999931335449219 2.7905189990997314453 2.8095099925994873047 2.8095099925994873047 2.7675690650939941406 2.8095099925994873047 0.20000000298023223877 2.7716441154479980469 0.20000000298023223877 0.11999999731779098511 0.11999999731779098511 0.20000000298023223877 0.20000000298023223877 0.20000000298023223877 0.20000000298023223877 0.20000000298023223877 0.20000000298023223877 0.20000000298023223877 0.11999999731779098511 0.11999999731779098511 0.20000000298023223877 0.11999999731779098511 0.11999999731779098511 0.11999999731779098511 0.20000000298023223877
2.5740599632263183594 2.5740599632263183594 2.7910199165344238281 2.7505118846893310547 2.7795889377593994141 2.7795889377593994141 2.8002250194549560547 2.7411830425262451172 9.700405120849609375 12.704999923706054688 10.671999931335449219 2.7489631175994873047 2.7905189990997314453 9.562320709228515625 2.7488958835601806641 2.7488958835601806641 2.7905189990997314453 2.7905189990997314453 2.8095099925994873047 0.20000000298023223877 0.11999999731779098511 2.8025839328765869141 2.7716441154479980469 0.11999999731779098511 0.11999999731779098511 0.11999999731779098511 0.11999999731779098511 0.11999999731779098511 0.11999999731779098511 2.7675690650939941406 2.7675690650939941406 2.5740599632263183594 2.5740599632263183594 0.11999999731779098511 0.11999999731779098511 3.2070000171661376953 0.11999999731779098511 0.11999999731779098511 0.11999999731779098511 0.20000000298023223877
2.5740599632263183594 2.7560610771179199219 2.7560610771179199219 2.7497429847717285156 2.716526031494140625 2.8002250194549560547 2.7411830425262451172 9.68264007568359375 12.704999923706054688 8.0600061416625976562 2.716526031494140625 2.7489631175994873047 2.7905189990997314453 7.8556070327758789062 2.8095099925994873047 2.7675690650939941406 4.814395904541015625 2.8095099925994873047 4.814395904541015625 2.7716441154479980469 0.11999999731779098511 0.11999999731779098511 0.11999999731779098511 2.7802269458770751953 0.11999999731779098511 0.11999999731779098511 0.11999999731779098511 2.7802269458770751953 2.7716441154479980469 2.7905189990997314453 0.20000000298023223877 2.7716441154479980469 2.7905189990997314453 0.11999999731779098511 3.2070000171661376953 3.2070000171661376953 3.2070000171661376953 0.11999999731779098511 0.11999999731779098511 2.8188331127166748047
2.7869410514831542969 2.7497429847717285156 2.7795889377593994141 2.7795889377593994141 2.6953248977661132812 2.7942099571228027344 10.671999931335449219 29.475000381469726562 12.704999923706054688 12.704999923706054688 2.7489631175994873047 2.7489631175994873047 2.7905189990997314453 2.8095099925994873047 2.8095099925994873047 2.6733980178833007812 4.814395904541015625 2.8025839328765869141 2.7675690650939941406 2.6559319496154785156 0.059999998658895492554 0.11999999731779098511 0.20000000298023223877 1.6039999723434448242 0.11999999731779098511 0.11999999731779098511 0.11999999731779098511 2.8152740001678466797 2.7905189990997314453 2.7905189990997314453 2.7716441154479980469 3.2070000171661376953 3.2070000171661376953 2.7488958835601806641 3.2070000171661376953 3.2070000171661376953 0.11999999731779098511 2.6559319496154785156 0.11999999731779098511 0.11999999731779098511
2.7497429847717285156 2.716526031494140625 2.7411830425262451172 2.8010540008544921875 2.8010540008544921875 10.671999931335449219 8.0600061416625976562 8.0283288955688476562 8.0600061416625976562 2.7912890911102294922 2.8583600521087646484 2.7489631175994873047 2.7489631175994873047 2.5740599632263183594 2.7675690650939941406 2.8095099925994873047 4.814395904541015625 2.8025839328765869141 2.8025839328765869141 0.11999999731779098511 2.7092339992523193359 0.20000000298023223877 0.20000000298023223877 2.7675690650939941406 0.11999999731779098511 0.11999999731779098511 2.7716441154479980469 2.8152740001678466797 0.11999999731779098511 0.11999999731779098511 0.11999999731779098511 0.11999999731779098511 2.7912890911102294922 2.7488958835601806641 3.2070000171661376953 3.2070000171661376953 0.11999999731779098511 2.8583600521087646484 4.814395904541015625 1.6039999723434448242
2.7497429847717285156 2.716526031494140625 2.716526031494140625 8.7116193771362304688 10.671999931335449219 7.9056448936462402344 2.7353549003601074219 2.7671880722045898438 2.716526031494140625 2.8152740001678466797 8.2364044189453125 2.809513092041015625 2.7560610771179199219 2.7489631175994873047 2.5740599632263183594 2.8095099925994873047 2.8095099925994873047 0.11999999731779098511 0.11999999731779098511 2.712368011474609375 2.8095099925994873047 2.7675690650939941406 2.7675690650939941406 2.7675690650939941406 2.7675690650939941406 2.8152740001678466797 2.8152740001678466797 0.11999999731779098511 0.11999999731779098511 0.11999999731779098511 0.11999999731779098511 2.8089959621429443359 2.8583600521087646484 2.8583600521087646484 3.2070000171661376953 3.2070000171661376953 0.11999999731779098511 0.11999999731779098511 2.7437150478363037109 1.6039999723434448242
2.7894270420074462891 2.7489631175994873047 2.7905189990997314453 10.671999931335449219 9.2086153030395507812 9.1111173629760742188 20.327999114990234375 2.7912890911102294922 8.0283288955688476562 2.7549080848693847656 7.7775821685791015625 8.0603437423706054688 8.6306905746459960938 2.7489631175994873047 2.7910199165344238281 2.7910199165344238281 2.7478868961334228516 2.771636962890625 2.5740599632263183594 2.8095099925994873047 2.8095099925994873047 2.5740599632263183594 2.7437150478363037109 2.7675690650939941406 2.7905189990997314453 2.8152740001678466797 2.8152740001678466797 2.7675690650939941406 2.7675690650939941406 0.11999999731779098511 0.11999999731779098511 2.8152740001678466797 2.8152740001678466797 2.8583600521087646484 3.2070000171661376953 0.11999999731779098511 0.11999999731779098511 0.11999999731779098511 2.7764420509338378906 1.6039999723434448242
2.7894270420074462891 2.7560610771179199219 2.7905189990997314453 10.671999931335449219 20.327999114990234375 8.8181438446044921875 12.704999923706054688 8.8181438446044921875 10.671999931335449219 7.7775821685791015625 10.671999931335449219 10.671999931335449219 7.9310460090637207031 8.6306905746459960938 7.8556070327758789062 8.1308422088623046875 2.7560610771179199219 2.7894270420074462891 2.7894270420074462891 2.7894270420074462891 2.5740599632263183594 2.5740599632263183594 2.7489631175994873047 2.7437150478363037109 2.8152740001678466797 2.7905189990997314453 2.8152740001678466797 2.7580280303955078125 2.7437150478363037109 2.7905189990997314453 2.7580280303955078125 2.8152740001678466797 2.8376169204711914062 2.7905189990997314453 2.8389480113983154297 2.8583600521087646484 2.8152740001678466797 2.8152740001678466797 2.7764420509338378906 2.7716441154479980469
2.7894270420074462891 2.7489631175994873047 7.6863431930541992188 10.671999931335449219 20.327999114990234375 20.327999114990234375 12.704999923706054688 12.704999923706054688 10.671999931335449219 10.671999931335449219 10.671999931335449219 2.7675690650939941406 10.671999931335449219 9.0782346725463867188 12.704999923706054688 7.8917851448059082031 2.809513092041015625 2.7560610771179199219 2.7766859531402587891 2.7580280303955078125 2.8095099925994873047 2.7489631175994873047 2.8152740001678466797 2.8152740001678466797 2.8152740001678466797 2.5740599632263183594 2.8152740001678466797 2.7675690650939941406 2.8152740001678466797 2.8152740001678466797 2.8152740001678466797 2.8152740001678466797 2.7535879611968994141 2.7535879611968994141 2.7535879611968994141 2.8376169204711914062 2.7788910865783691406 2.8152740001678466797 2.7437150478363037109 2.8583600521087646484
2.7894270420074462891 2.7489631175994873047 9.562320709228515625 10.671999931335449219 9.2335796356201171875 9.68264007568359375 10.671999931335449219 9.562320709228515625 2.7549080848693847656 2.7905189990997314453 2.7912890911102294922 2.7489631175994873047 2.7905189990997314453 2.7905189990997314453 2.7905189990997314453 9.2188568115234375 2.8583600521087646484 2.7560610771179199219 2.7766859531402587891 2.7766859531402587891 2.8095099925994873047 2.8152740001678466797 2.8152740001678466797 2.8583600521087646484 2.7905189990997314453 2.7924709320068359375 8.3193416595458984375 0.11999999731779098511 9.0428228378295898438 7.9269251823425292969 0.11999999731779098511 2.8188331127166748047 2.7535879611968994141 2.7675690650939941406 2.7535879611968994141 2.7535879611968994141 2.8010540008544921875 2.5740599632263183594 2.7894270420074462891 2.7671880722045898438
2.7894270420074462891 2.7489631175994873047 8.1541290283203125 9.2335796356201171875 7.7775821685791015625 9.3927593231201171875 10.671999931335449219 20.327999114990234375 2.7549080848693847656 2.7489631175994873047 2.7736771106719970703 2.7489631175994873047 2.7894270420074462891 2.7489631175994873047 2.7894270420074462891 2.7894270420074462891 2.8152740001678466797 2.7560610771179199219 2.7766859531402587891 2.7766859531402587891 2.8095099925994873047 2.8152740001678466797 2.7912890911102294922 2.8583600521087646484 2.7437150478363037109 2.7905189990997314453 10.023737907409667969 8.4718542098999023438 9.3927593231201171875 10.671999931335449219 2.7894270420074462891 2.8089959621429443359 2.7535879611968994141 2.7675690650939941406 2.7675690650939941406 2.7535879611968994141 2.8152740001678466797 2.8152740001678466797 2.7353549003601074219 9.574710845947265625
2.7489631175994873047 10.671999931335449219 9.0782346725463867188 10.671999931335449219 9.2086153030395507812 12.704999923706054688 20.327999114990234375 12.704999923706054688 8.0603437423706054688 2.7489631175994873047 2.7489631175994873047 2.7894270420074462891 2.7766859531402587891 2.8389480113983154297 2.8095099925994873047 2.7894270420074462891 2.7489631175994873047 2.8152740001678466797 2.7560610771179199219 2.7766859531402587891 2.8171510696411132812 2.8152740001678466797 2.8583600521087646484 2.7437150478363037109 2.7764420509338378906 2.8152740001678466797 2.8152740001678466797 9.0528631210327148438 0.37209799885749816895 0.37209799885749816895 0.37209799885749816895 2.5740599632263183594 2.7766859531402587891 2.7788910865783691406 2.7387700080871582031 3.2070000171661376953 2.8376169204711914062 2.8152740001678466797 2.8152740001678466797 9.2102270126342773438
2.7353549003601074219 9.2335796356201171875 2.6620390415191650391 12.704999923706054688 8.8181438446044921875 9.3927593231201171875 9.0428228378295898438 8.0600061416625976562 8.0600061416625976562 2.7671880722045898438 2.7560610771179199219 2.7560610771179199219 2.8095099925994873047 2.5740599632263183594 2.8095099925994873047 2.8389480113983154297 2.7736771106719970703 2.7912890911102294922 2.7560610771179199219 2.8095099925994873047 2.8095099925994873047 2.8152740001678466797 2.8152740001678466797 2.7437150478363037109 2.7905189990997314453 2.8152740001678466797 2.7802269458770751953 2.7924709320068359375 0.11999999731779098511 0.37209799885749816895 2.7560610771179199219 2.5740599632263183594 2.7589368820190429688 10.671999931335449219 3.2070000171661376953 2.7229421138763427734 2.7905189990997314453 2.7904720306396484375 9.2004375457763671875 9.3927593231201171875
2.7736771106719970703 2.8010540008544921875 20.327999114990234375 9.2335796356201171875 20.327999114990234375 9.562320709228515625 20.327999114990234375 2.7912890911102294922 2.7489631175994873047 2.7766859531402587891 2.7894270420074462891 2.5740599632263183594 2.5740599632263183594 2.5740599632263183594 2.8095099925994873047 2.7894270420074462891 2.7736771106719970703 2.7912890911102294922 2.7560610771179199219 2.8095099925994873047 2.7489631175994873047 2.8152740001678466797 2.7437150478363037109 2.7437150478363037109 2.7905189990997314453 2.7905189990997314453 0.37209799885749816895 0.11999999731779098511 0.11999999731779098511 0.11999999731779098511 0.11999999731779098511 2.8435220718383789062 2.7589368820190429688 10.671999931335449219 3.2070000171661376953 2.8188331127166748047 2.7894270420074462891 2.8152740001678466797 9.3047075271606445312 9.3927593231201171875
2.7489631175994873047 12.704999923706054688 7.7775821685791015625 10.671999931335449219 20.327999114990234375 12.704999923706054688 12.704999923706054688 2.7912890911102294922 2.7560610771179199219 2.7894270420074462891 2.7894270420074462891 2.8152740001678466797 2.5740599632263183594 2.5740599632263183594 2.5740599632263183594 2.7489631175994873047 2.7489631175994873047 2.8152740001678466797 2.7489631175994873047 2.7489631175994873047 2.7489631175994873047 2.8152740001678466797 2.7580280303955078125 2.7437150478363037109 2.5740599632263183594 0.37209799885749816895 1.6039999723434448242 0.11999999731779098511 0.11999999731779098511 0.11999999731779098511 0.11999999731779098511 2.5740599632263183594 2.7904720306396484375 2.8152740001678466797 9.574710845947265625 9.700405120849609375 7.9269251823425292969 2.8152740001678466797 2.8583600521087646484 12.704999923706054688
