Big_Beef/DataInputs30m/o_10_ChemistryPools/1990_Mar2025/N_g_Det_BgStem_3.asc
ncols        345
nrows        426
xllcorner    508536.404131802963
yllcorner    5265678.997906560078
cellsize     30.000000000000
NODATA_value -9999
[rows 85 to 101 of 426, columns 234 to 272 of 345]
0.40414398908615112305 0.52376502752304077148 1.2869999408721923828 0.19622699916362762451 0.19622699916362762451 0.46599999070167541504 0.66500002145767211914 0.66500002145767211914 0.25226500630378723145 0.19732999801635742188 0.25226500630378723145 0.20223200321197509766 0.20223200321197509766 0.20223200321197509766 0.20223200321197509766 0.20223200321197509766 0.20223200321197509766 0.18181799352169036865 0.29925200343132019043 0.29925200343132019043 0.22031100094318389893 0.18798400461673736572 0.88700002431869506836 0.46599999070167541504 0.46599999070167541504 0.21709500253200531006 0.18274700641632080078 0.22031100094318389893 0.22031100094318389893 0.19732999801635742188 0.53026497364044189453 0.20615999400615692139 0.73960298299789428711 0.22031100094318389893 0.22031100094318389893 0.22031100094318389893 0.27754899859428405762 0.563899993896484375 0.19622699916362762451
0.40414398908615112305 0.55500000715255737305 0.14734700322151184082 0.52517300844192504883 0.16810399293899536133 0.16502299904823303223 0.49704599380493164062 0.46599999070167541504 0.25226500630378723145 0.19732999801635742188 0.18274700641632080078 0.20223200321197509766 0.20223200321197509766 0.23357300460338592529 0.23357300460338592529 0.23357300460338592529 0.20223200321197509766 0.22031100094318389893 0.22031100094318389893 0.18181799352169036865 0.27754899859428405762 0.19732999801635742188 0.13983400166034698486 0.46599999070167541504 0.18080200254917144775 0.21709500253200531006 0.18611900508403778076 0.23357300460338592529 0.22031100094318389893 0.22031100094318389893 0.53139400482177734375 0.46599999070167541504 0.22031100094318389893 0.22031100094318389893 0.22031100094318389893 0.23357300460338592529 0.23357300460338592529 0.19732999801635742188 0.563899993896484375
0.73960298299789428711 0.20223200321197509766 0.14734700322151184082 0.46599999070167541504 0.55500000715255737305 0.46599999070167541504 0.46599999070167541504 0.25226500630378723145 0.25226500630378723145 0.25226500630378723145 0.23357300460338592529 0.23357300460338592529 0.23357300460338592529 0.23357300460338592529 0.23357300460338592529 0.025000000372529029846 0.19732999801635742188 0.18718799948692321777 0.19732999801635742188 0.19732999801635742188 0.22031100094318389893 0.19732999801635742188 0.16502299904823303223 0.46599999070167541504 0.18080200254917144775 0.25226500630378723145 0.18611900508403778076 0.23357300460338592529 0.22031100094318389893 0.22031100094318389893 0.22031100094318389893 0.22031100094318389893 0.19790199398994445801 0.20615999400615692139 0.22031100094318389893 0.19790199398994445801 0.23357300460338592529 0.22031100094318389893 0.19732999801635742188
0.21413099765777587891 0.23357300460338592529 0.46599999070167541504 0.46599999070167541504 0.18080200254917144775 0.36693799495697021484 0.18798400461673736572 0.18798400461673736572 0.18798400461673736572 0.25226500630378723145 0.18274700641632080078 0.18798400461673736572 0.25226500630378723145 0.32865500450134277344 0.32865500450134277344 0.025000000372529029846 0.041999999433755874634 0.041999999433755874634 0.2823689877986907959 0.2823689877986907959 0.2823689877986907959 0.55500000715255737305 0.50876498222351074219 0.49704599380493164062 0.36693799495697021484 0.26393899321556091309 0.55500000715255737305 0.18423199653625488281 0.26871401071548461914 0.22031100094318389893 0.22031100094318389893 0.45859500765800476074 0.22031100094318389893 0.18446099758148193359 0.19790199398994445801 0.73960298299789428711 0.22031100094318389893 0.23357300460338592529 0.27754899859428405762
0.21413099765777587891 0.21413099765777587891 0.46599999070167541504 0.1843509972095489502 0.23002000153064727783 0.25226500630378723145 0.19732999801635742188 0.18274700641632080078 0.18798400461673736572 0.46599999070167541504 0.18274700641632080078 0.18798400461673736572 0.25226500630378723145 0.21814699470996856689 0.33570200204849243164 0.23717999458312988281 0.025000000372529029846 0.025000000372529029846 0.23717999458312988281 0.19823500514030456543 0.041999999433755874634 0.041999999433755874634 0.50876498222351074219 0.49704599380493164062 0.49704599380493164062 0.49704599380493164062 0.46599999070167541504 0.21709500253200531006 0.20223200321197509766 0.23357300460338592529 0.73960298299789428711 0.27754899859428405762 0.19790199398994445801 0.22031100094318389893 0.26871401071548461914 0.73960298299789428711 0.22031100094318389893 0.23357300460338592529 0.27754899859428405762
0.21413099765777587891 0.20223200321197509766 0.28394299745559692383 0.16810399293899536133 0.46599999070167541504 0.52517300844192504883 0.28394299745559692383 0.25226500630378723145 0.25226500630378723145 0.46599999070167541504 0.46599999070167541504 0.21814699470996856689 0.18274700641632080078 0.041999999433755874634 0.19823500514030456543 0.19732999801635742188 0.32865500450134277344 0.041999999433755874634 0.012000000104308128357 0.041999999433755874634 0.041999999433755874634 0.19076099991798400879 0.55500000715255737305 0.563899993896484375 0.46599999070167541504 0.13983400166034698486 0.13983400166034698486 0.16810399293899536133 0.21814699470996856689 0.21814699470996856689 0.23357300460338592529 0.73960298299789428711 0.19790199398994445801 0.19790199398994445801 0.22031100094318389893 0.19790199398994445801 0.19790199398994445801 0.041999999433755874634 0.19732999801635742188
0.21413099765777587891 0.23357300460338592529 0.46599999070167541504 0.46599999070167541504 0.17585200071334838867 0.563899993896484375 0.52517300844192504883 0.13983400166034698486 0.46599999070167541504 0.18611900508403778076 0.21814699470996856689 0.46599999070167541504 0.21814699470996856689 0.21814699470996856689 0.11255399882793426514 0.041999999433755874634 0.14734700322151184082 0.14734700322151184082 0.041999999433755874634 0.041999999433755874634 0.041999999433755874634 0.71951901912689208984 0.54061800241470336914 0.49704599380493164062 0.55500000715255737305 0.49704599380493164062 0.49704599380493164062 0.16502299904823303223 0.17163099348545074463 0.63166600465774536133 0.19732999801635742188 0.19790199398994445801 0.18701100349426269531 0.025000000372529029846 0.42562401294708251953 0.19790199398994445801 0.23357300460338592529 0.19823500514030456543 0.18718799948692321777
0.23357300460338592529 0.18798400461673736572 0.16810399293899536133 0.18080200254917144775 0.55500000715255737305 0.46599999070167541504 0.19732999801635742188 0.16810399293899536133 0.16810399293899536133 0.25226500630378723145 0.23357300460338592529 0.18274700641632080078 0.21814699470996856689 0.21589200198650360107 0.19412599503993988037 0.71951901912689208984 0.71951901912689208984 0.32865500450134277344 0.19732999801635742188 0.041999999433755874634 0.041999999433755874634 0.19622699916362762451 0.46599999070167541504 0.19732999801635742188 0.46599999070167541504 0.55500000715255737305 0.55500000715255737305 0.55500000715255737305 0.5151519775390625 0.50876498222351074219 0.19732999801635742188 0.19732999801635742188 0.23357300460338592529 0.32865500450134277344 0.19823500514030456543 0.22460700571537017822 0.42562401294708251953 0.42562401294708251953 0.041999999433755874634
0.23357300460338592529 1.2869999408721923828 0.16810399293899536133 0.19622699916362762451 0.53963297605514526367 0.17585200071334838867 0.16810399293899536133 0.18798400461673736572 0.18798400461673736572 0.18274700641632080078 0.23357300460338592529 0.23357300460338592529 0.19622699916362762451 0.19622699916362762451 0.563899993896484375 0.19732999801635742188 0.19732999801635742188 0.33570200204849243164 0.22031100094318389893 0.22460700571537017822 0.041999999433755874634 0.041999999433755874634 0.23717999458312988281 0.041999999433755874634 0.23717999458312988281 0.55500000715255737305 1.2869999408721923828 0.19732999801635742188 0.53759598731994628906 0.24459399282932281494 0.18718799948692321777 0.22031100094318389893 0.23357300460338592529 0.23357300460338592529 0.19790199398994445801 0.041999999433755874634 0.73960298299789428711 0.42562401294708251953 0.041999999433755874634
0.55500000715255737305 0.46599999070167541504 0.13983400166034698486 0.13983400166034698486 0.18080200254917144775 0.46599999070167541504 0.88700002431869506836 0.46599999070167541504 0.52517300844192504883 0.23002000153064727783 0.23357300460338592529 0.88700002431869506836 0.19732999801635742188 0.19732999801635742188 0.563899993896484375 0.19732999801635742188 0.23357300460338592529 0.23357300460338592529 0.19732999801635742188 0.19732999801635742188 0.041999999433755874634 0.19732999801635742188 0.23717999458312988281 0.041999999433755874634 0.19732999801635742188 0.22031100094318389893 0.041999999433755874634 0.025000000372529029846 0.087863996624946594238 0.76175397634506225586 0.19436499476432800293 0.29925200343132019043 0.22031100094318389893 0.22031100094318389893 0.22031100094318389893 0.22031100094318389893 0.23357300460338592529 0.19790199398994445801 0.42562401294708251953
0.18798400461673736572 0.55500000715255737305 0.13983400166034698486 0.19622699916362762451 0.55500000715255737305 0.46599999070167541504 1.2869999408721923828 0.52517300844192504883 0.21709500253200531006 0.52975499629974365234 0.21814699470996856689 0.88700002431869506836 0.17455400526523590088 0.025000000372529029846 0.025000000372529029846 0.025000000372529029846 0.19823500514030456543 0.041999999433755874634 0.18718799948692321777 0.23717999458312988281 0.025000000372529029846 0.23717999458312988281 0.86186999082565307617 0.20825399458408355713 0.19732999801635742188 0.22031100094318389893 0.19823500514030456543 0.42562401294708251953 0.025000000372529029846 1.1065740585327148438 0.0080000003799796104431 0.42562401294708251953 0.041999999433755874634 0.30990201234817504883 0.18446099758148193359 0.041999999433755874634 0.041999999433755874634 0.42562401294708251953 0.23357300460338592529
0.46599999070167541504 1.2869999408721923828 0.49704599380493164062 0.16143199801445007324 0.55500000715255737305 0.55500000715255737305 0.46599999070167541504 0.16810399293899536133 0.16810399293899536133 0.18798400461673736572 0.18798400461673736572 0.23357300460338592529 0.084413997828960418701 0.025000000372529029846 0.025000000372529029846 0.95265901088714599609 0.19823500514030456543 0.27754899859428405762 1.2869999408721923828 0.27126899361610412598 0.17455400526523590088 0.041999999433755874634 0.18544399738311767578 0.041999999433755874634 0.22031100094318389893 0.73960298299789428711 0.23357300460338592529 0.4471130073070526123 0.60319197177886962891 0.18307000398635864258 0.18544399738311767578 0.19823500514030456543 0.041999999433755874634 1.1065740585327148438 0.19436499476432800293 0.42562401294708251953 0.42562401294708251953 0.42562401294708251953 0.041999999433755874634
0.46599999070167541504 0.13983400166034698486 0.52376502752304077148 0.46599999070167541504 0.46599999070167541504 0.88700002431869506836 0.51037502288818359375 0.46599999070167541504 0.18798400461673736572 0.21814699470996856689 0.23357300460338592529 0.23357300460338592529 0.084413997828960418701 0.95265901088714599609 0.025000000372529029846 0.22727799415588378906 0.19823500514030456543 0.041999999433755874634 0.041999999433755874634 0.86186999082565307617 0.17455400526523590088 0.041999999433755874634 0.22031100094318389893 0.22031100094318389893 0.22031100094318389893 0.22031100094318389893 0.19732999801635742188 0.22031100094318389893 0.041999999433755874634 0.041999999433755874634 0.041999999433755874634 0.025000000372529029846 0.025000000372529029846 0.041999999433755874634 0.041999999433755874634 0.041999999433755874634 0.041999999433755874634 0.041999999433755874634 0.025000000372529029846
0.55500000715255737305 0.55500000715255737305 0.19622699916362762451 0.55500000715255737305 0.55500000715255737305 0.13983400166034698486 0.88700002431869506836 0.25226500630378723145 0.46599999070167541504 0.22031100094318389893 0.23357300460338592529 1.2869999408721923828 0.14734700322151184082 0.025000000372529029846 0.95265901088714599609 0.23717999458312988281 0.33570200204849243164 0.012000000104308128357 0.025000000372529029846 1.1065740585327148438 0.041999999433755874634 0.19732999801635742188 0.22031100094318389893 0.19732999801635742188 0.2403309941291809082 0.041999999433755874634 0.22031100094318389893 0.041999999433755874634 0.025000000372529029846 0.025000000372529029846 0.041999999433755874634 0.025000000372529029846 0.025000000372529029846 0.025000000372529029846 0.025000000372529029846 0.37623000144958496094 0.025000000372529029846 0.73960298299789428711 0.025000000372529029846
0.52517300844192504883 0.55500000715255737305 0.46599999070167541504 0.17585200071334838867 0.19622699916362762451 0.19622699916362762451 0.52517300844192504883 0.25226500630378723145 0.28394299745559692383 0.25226500630378723145 0.46599999070167541504 1.2869999408721923828 1.2869999408721923828 0.19732999801635742188 0.19823500514030456543 0.23717999458312988281 0.19823500514030456543 0.041999999433755874634 0.22730499505996704102 0.17455400526523590088 0.041999999433755874634 0.22031100094318389893 0.2403309941291809082 0.19732999801635742188 0.22031100094318389893 0.22031100094318389893 0.19790199398994445801 0.27754899859428405762 0.012000000104308128357 0.012000000104308128357 0.025000000372529029846 0.73960298299789428711 0.73960298299789428711 0.025000000372529029846 0.19436499476432800293 0.22031100094318389893 0.73960298299789428711 0.21413099765777587891 0.025000000372529029846
0.54563897848129272461 0.53139400482177734375 0.19622699916362762451 0.19622699916362762451 0.17585200071334838867 0.55500000715255737305 0.88700002431869506836 0.25226500630378723145 0.18798400461673736572 0.25226500630378723145 0.21814699470996856689 0.18798400461673736572 0.19732999801635742188 0.025000000372529029846 0.19823500514030456543 0.19823500514030456543 0.041999999433755874634 0.041999999433755874634 0.041999999433755874634 0.041999999433755874634 0.041999999433755874634 0.041999999433755874634 0.27754899859428405762 0.2403309941291809082 0.22031100094318389893 0.23357300460338592529 0.22031100094318389893 0.22031100094318389893 0.42562401294708251953 0.18544399738311767578 0.19932900369167327881 0.27754899859428405762 0.73960298299789428711 0.73960298299789428711 0.73960298299789428711 0.22031100094318389893 0.22031100094318389893 0.19790199398994445801 0.73960298299789428711
0.46599999070167541504 0.19622699916362762451 0.17585200071334838867 0.55500000715255737305 0.55500000715255737305 0.55500000715255737305 0.88700002431869506836 0.25226500630378723145 0.18798400461673736572 0.18798400461673736572 0.18274700641632080078 0.22031100094318389893 0.041999999433755874634 0.19823500514030456543 0.19823500514030456543 0.19823500514030456543 0.32865500450134277344 0.041999999433755874634 0.23717999458312988281 0.27754899859428405762 0.041999999433755874634 0.041999999433755874634 0.17196699976921081543 0.54563897848129272461 0.22031100094318389893 0.22031100094318389893 0.22031100094318389893 0.22031100094318389893 0.27754899859428405762 0.42562401294708251953 0.19790199398994445801 0.22031100094318389893 0.26871401071548461914 0.73960298299789428711 0.26871401071548461914 0.27754899859428405762 0.19790199398994445801 0.27754899859428405762 0.73960298299789428711
