Big_Beef/DataInputs30m/o_10_ChemistryPools/1990_Mar2025/N_g_Det_BgStem_2.asc
ncols        345
nrows        426
xllcorner    508536.404131802963
yllcorner    5265678.997906560078
cellsize     30.000000000000
NODATA_value -9999
[rows 234 to 251 of 426, columns 234 to 272 of 345]
1.183730006217956543 1.0559999942779541016 1.2872010469436645508 0.88700002431869506836 0.88700002431869506836 0.88700002431869506836 1.1172389984130859375 1.8031200170516967773 1.8031200170516967773 1.2094850540161132812 1.1172389984130859375 0.8775730133056640625 1.1172389984130859375 1.1172389984130859375 0.88700002431869506836 1.3419289588928222656 1.3279520273208618164 1.0748820304870605469 0.80768501758575439453 1.8031200170516967773 0.76757699251174926758 1.1172389984130859375 0.76646697521209716797 0.76757699251174926758 1.0770779848098754883 3.4573509693145751953 0.8775730133056640625 0.94872397184371948242 3.4573509693145751953 1.9676309823989868164 0.93705499172210693359 1.425686955451965332 0.8775730133056640625 0.83629500865936279297 1.3255950212478637695 1.0770779848098754883 1.425686955451965332 0.8775730133056640625 0.77356201410293579102
1.2949340343475341797 0.35539001226425170898 0.35539001226425170898 1.3219009637832641602 1.3219009637832641602 0.88700002431869506836 0.88216900825500488281 0.77359402179718017578 1.9119869470596313477 1.2094850540161132812 1.0431040525436401367 1.1172389984130859375 1.425686955451965332 1.0559999942779541016 0.88700002431869506836 0.88700002431869506836 0.19370700418949127197 0.88700002431869506836 0.80768501758575439453 0.82582801580429077148 0.76646697521209716797 0.76646697521209716797 0.76703202724456787109 3.4573509693145751953 3.4573509693145751953 1.0770779848098754883 0.8775730133056640625 3.4573509693145751953 0.83000397682189941406 1.9676309823989868164 1.0770779848098754883 1.425686955451965332 1.425686955451965332 5.5684208869934082031 1.425686955451965332 5.5684208869934082031 0.94872397184371948242 0.80768501758575439453 0.81183201074600219727
0.23055599629878997803 0.20439499616622924805 0.35539001226425170898 1.0559999942779541016 1.6890000104904174805 1.0562980175018310547 0.2031729966402053833 1.183730006217956543 1.183730006217956543 0.90075498819351196289 1.0431040525436401367 0.8775730133056640625 1.6890000104904174805 1.3127410411834716797 0.88700002431869506836 1.3279520273208618164 0.80768501758575439453 0.90556800365447998047 0.76646697521209716797 1.3255950212478637695 1.3255950212478637695 0.63300001621246337891 0.63300001621246337891 3.4573509693145751953 3.4573509693145751953 1.1376440525054931641 0.94872397184371948242 0.94872397184371948242 0.82582801580429077148 0.8775730133056640625 3.4573509693145751953 2.61164093017578125 5.5684208869934082031 5.5684208869934082031 5.5684208869934082031 1.425686955451965332 1.9676309823989868164 0.024000000208616256714 0.80768501758575439453
1.1172389984130859375 1.1172389984130859375 0.14926899969577789307 0.88700002431869506836 1.0559999942779541016 0.81183201074600219727 1.2872010469436645508 0.2005790024995803833 1.2730350494384765625 1.1376440525054931641 1.425686955451965332 0.81572800874710083008 0.94872397184371948242 1.1172389984130859375 1.1172389984130859375 0.88700002431869506836 1.0431040525436401367 1.0431040525436401367 0.90334600210189819336 0.63300001621246337891 0.63300001621246337891 0.63300001621246337891 0.82582801580429077148 0.76703202724456787109 0.8812649846076965332 0.8775730133056640625 0.76884400844573974609 1.3905329704284667969 1.2637000083923339844 0.76703202724456787109 1.1172389984130859375 2.2231109142303466797 5.5684208869934082031 5.5684208869934082031 5.5684208869934082031 0.87018799781799316406 1.1172389984130859375 0.80768501758575439453 3.0991790294647216797
2.4489998817443847656 1.1172389984130859375 1.8031200170516967773 0.85158699750900268555 0.88700002431869506836 0.80768501758575439453 0.81183201074600219727 1.0559999942779541016 1.2637000083923339844 1.1376440525054931641 1.1376440525054931641 1.1376440525054931641 0.76884400844573974609 0.94872397184371948242 1.1172389984130859375 0.88700002431869506836 1.2637000083923339844 0.76646697521209716797 0.76646697521209716797 0.76646697521209716797 0.76646697521209716797 0.8775730133056640625 1.425686955451965332 0.8775730133056640625 0.84606397151947021484 0.94872397184371948242 0.76884400844573974609 1.8031200170516967773 5.5684208869934082031 0.7736060023307800293 5.5684208869934082031 5.5684208869934082031 1.3905329704284667969 5.5684208869934082031 5.5684208869934082031 0.81972098350524902344 0.81972098350524902344 0.94872397184371948242 1.0073349475860595703
0.18889300525188446045 0.19370700418949127197 1.1172389984130859375 0.63300001621246337891 0.21940700709819793701 0.63300001621246337891 5.5684208869934082031 0.80768501758575439453 1.183730006217956543 1.1172389984130859375 1.1172389984130859375 0.83629500865936279297 0.76884400844573974609 1.8031200170516967773 1.8031200170516967773 1.0559999942779541016 0.94872397184371948242 0.76703202724456787109 0.83629500865936279297 0.76646697521209716797 1.1172389984130859375 1.425686955451965332 1.425686955451965332 0.8775730133056640625 0.8775730133056640625 0.8775730133056640625 1.5384360551834106445 5.5684208869934082031 5.5684208869934082031 5.5684208869934082031 5.5684208869934082031 0.7736060023307800293 5.5684208869934082031 1.9119869470596313477 0.80768501758575439453 5.5684208869934082031 1.1172389984130859375 0.079000003635883331299 1.425686955451965332
0.2031729966402053833 0.88700002431869506836 1.1172389984130859375 0.63300001621246337891 0.63300001621246337891 0.63300001621246337891 2.7058460712432861328 5.5684208869934082031 1.0431040525436401367 0.35539001226425170898 0.35539001226425170898 0.14926899969577789307 0.88700002431869506836 1.3127410411834716797 1.0770779848098754883 1.2637000083923339844 0.76703202724456787109 1.1172389984130859375 0.90556800365447998047 0.76646697521209716797 0.8775730133056640625 1.425686955451965332 1.425686955451965332 0.76884400844573974609 0.8775730133056640625 0.8775730133056640625 0.8775730133056640625 0.76884400844573974609 0.83629500865936279297 1.425686955451965332 5.5684208869934082031 1.1172389984130859375 0.76646697521209716797 1.425686955451965332 0.90959399938583374023 3.4573509693145751953 1.3905329704284667969 0.76884400844573974609 3.2152249813079833984
1.2495160102844238281 0.2031729966402053833 0.63300001621246337891 0.63300001621246337891 0.63300001621246337891 0.63300001621246337891 0.63300001621246337891 0.76581799983978271484 1.8031200170516967773 3.4573509693145751953 0.19370700418949127197 1.1172389984130859375 1.0562980175018310547 1.0559999942779541016 0.17677600681781768799 0.88700002431869506836 0.76703202724456787109 0.90556800365447998047 0.90556800365447998047 1.1172389984130859375 1.1172389984130859375 0.8775730133056640625 1.8031200170516967773 0.76884400844573974609 0.76703202724456787109 1.1172389984130859375 1.425686955451965332 1.3905329704284667969 1.1376440525054931641 5.5684208869934082031 5.5684208869934082031 1.1172389984130859375 3.4573509693145751953 0.76646697521209716797 0.90556800365447998047 1.0770779848098754883 1.8031200170516967773 1.3905329704284667969 3.0991790294647216797
0.35539001226425170898 0.18261200189590454102 0.63300001621246337891 0.63300001621246337891 0.63300001621246337891 0.63300001621246337891 0.63300001621246337891 0.76581799983978271484 0.84199297428131103516 3.4573509693145751953 1.5020530223846435547 0.35539001226425170898 0.93705499172210693359 0.88700002431869506836 0.19831000268459320068 1.1376440525054931641 0.76703202724456787109 0.81572800874710083008 0.90556800365447998047 0.90556800365447998047 1.1172389984130859375 0.8775730133056640625 1.1172389984130859375 0.90556800365447998047 0.90556800365447998047 0.8775730133056640625 0.18404500186443328857 1.425686955451965332 5.5684208869934082031 5.5684208869934082031 1.3255950212478637695 0.82582801580429077148 0.76757699251174926758 0.76757699251174926758 0.76757699251174926758 3.4573509693145751953 3.4573509693145751953 0.079000003635883331299 0.35539001226425170898
0.35539001226425170898 0.63300001621246337891 0.63300001621246337891 0.63300001621246337891 0.63300001621246337891 0.63300001621246337891 0.63300001621246337891 4.1270999908447265625 1.8031200170516967773 3.4573509693145751953 1.1172389984130859375 0.35539001226425170898 0.88700002431869506836 1.3279520273208618164 0.20726099610328674316 0.88700002431869506836 0.76703202724456787109 0.8775730133056640625 0.90556800365447998047 0.90556800365447998047 0.8775730133056640625 0.8775730133056640625 0.94872397184371948242 0.94872397184371948242 1.1172389984130859375 1.0770779848098754883 1.0770779848098754883 0.76884400844573974609 5.5684208869934082031 5.5684208869934082031 2.4399499893188476562 2.2231109142303466797 1.8031200170516967773 0.82582801580429077148 0.76757699251174926758 3.4573509693145751953 0.079000003635883331299 0.046999998390674591064 1.8031200170516967773
0.63300001621246337891 0.63300001621246337891 0.63300001621246337891 0.63300001621246337891 0.63300001621246337891 0.63300001621246337891 0.76581799983978271484 0.85158699750900268555 1.1172389984130859375 3.4573509693145751953 0.76646697521209716797 0.8775730133056640625 0.35539001226425170898 1.0559999942779541016 1.2872010469436645508 0.88700002431869506836 0.22142900526523590088 0.8775730133056640625 0.8775730133056640625 0.8775730133056640625 1.1172389984130859375 3.0991790294647216797 1.1172389984130859375 1.3255950212478637695 1.1172389984130859375 1.3255950212478637695 0.76646697521209716797 0.76884400844573974609 1.425686955451965332 2.2231109142303466797 1.2637000083923339844 2.2231109142303466797 2.2231109142303466797 3.4573509693145751953 5.5684208869934082031 0.046999998390674591064 0.046999998390674591064 0.046999998390674591064 0.046999998390674591064
0.63300001621246337891 0.63300001621246337891 0.63300001621246337891 0.63300001621246337891 0.63300001621246337891 3.5764200687408447266 0.84606397151947021484 1.1172389984130859375 0.90556800365447998047 0.77767598628997802734 1.1172389984130859375 0.35539001226425170898 0.35539001226425170898 1.0559999942779541016 1.3634829521179199219 0.19831000268459320068 1.0559999942779541016 0.20548400282859802246 0.76703202724456787109 0.76703202724456787109 0.8775730133056640625 0.94872397184371948242 0.90556800365447998047 1.1172389984130859375 0.76646697521209716797 0.76646697521209716797 5.5684208869934082031 1.425686955451965332 0.76646697521209716797 2.2231109142303466797 2.2231109142303466797 5.5684208869934082031 5.5684208869934082031 5.5684208869934082031 0.90959399938583374023 3.4573509693145751953 0.046999998390674591064 0.77356201410293579102 0.80768501758575439453
3.5764200687408447266 0.63300001621246337891 0.63300001621246337891 0.63300001621246337891 0.63300001621246337891 5.5684208869934082031 1.0770779848098754883 0.90556800365447998047 1.1172389984130859375 1.425686955451965332 0.83000397682189941406 1.1172389984130859375 0.35539001226425170898 1.0559999942779541016 1.0559999942779541016 0.17677600681781768799 0.20548400282859802246 0.94872397184371948242 0.76703202724456787109 0.8775730133056640625 0.94872397184371948242 0.2031729966402053833 1.183730006217956543 0.76646697521209716797 0.8775730133056640625 1.3255950212478637695 5.5684208869934082031 5.5684208869934082031 0.76757699251174926758 1.1172389984130859375 1.1172389984130859375 2.2231109142303466797 5.5684208869934082031 5.5684208869934082031 1.1172389984130859375 0.046999998390674591064 0.046999998390674591064 0.046999998390674591064 0.80768501758575439453
1.2943010330200195312 1.425686955451965332 0.63300001621246337891 0.94872397184371948242 1.8031200170516967773 0.83511197566986083984 0.76372998952865600586 1.1172389984130859375 1.9676309823989868164 0.94872397184371948242 0.83000397682189941406 0.8775730133056640625 0.35539001226425170898 0.88700002431869506836 0.96831899881362915039 0.19370700418949127197 1.3719389438629150391 1.3084830045700073242 1.1376440525054931641 1.2637000083923339844 0.94872397184371948242 0.19314399361610412598 0.88700002431869506836 0.79246300458908081055 0.76757699251174926758 1.1172389984130859375 5.5684208869934082031 1.1172389984130859375 1.1172389984130859375 1.1172389984130859375 1.1172389984130859375 1.1172389984130859375 3.4573509693145751953 1.8031200170516967773 0.76372998952865600586 0.079000003635883331299 2.7058460712432861328 0.80768501758575439453 3.8383669853210449219
0.90556800365447998047 0.80768501758575439453 1.8031200170516967773 1.1376440525054931641 1.1172389984130859375 0.8775730133056640625 0.22142900526523590088 0.88700002431869506836 1.183730006217956543 0.8775730133056640625 0.83000397682189941406 1.9676309823989868164 1.9676309823989868164 1.425686955451965332 1.3127410411834716797 1.0559999942779541016 1.3127410411834716797 1.3719389438629150391 1.0559999942779541016 0.81183201074600219727 0.88650602102279663086 0.88700002431869506836 0.90556800365447998047 0.90334600210189819336 0.76757699251174926758 1.1172389984130859375 0.76646697521209716797 0.76757699251174926758 0.76646697521209716797 0.76757699251174926758 1.1172389984130859375 1.1172389984130859375 3.4573509693145751953 0.83000397682189941406 3.2152249813079833984 0.079000003635883331299 0.079000003635883331299 0.80768501758575439453 0.80768501758575439453
1.425686955451965332 1.425686955451965332 0.88216900825500488281 1.1376440525054931641 1.0559999942779541016 1.425686955451965332 1.0559999942779541016 1.0770779848098754883 1.0770779848098754883 1.425686955451965332 1.3255950212478637695 1.0559999942779541016 1.0559999942779541016 1.2495160102844238281 1.2872010469436645508 2.4489998817443847656 1.0559999942779541016 1.6890000104904174805 1.0559999942779541016 0.88700002431869506836 0.88700002431869506836 0.88700002431869506836 1.2637000083923339844 0.77077597379684448242 3.4573509693145751953 3.4573509693145751953 1.1172389984130859375 0.76646697521209716797 0.76646697521209716797 1.8031200170516967773 1.1172389984130859375 3.4573509693145751953 1.1172389984130859375 5.5684208869934082031 5.5684208869934082031 5.5684208869934082031 0.046999998390674591064 3.8383669853210449219 0.80649000406265258789
0.77767598628997802734 0.77767598628997802734 1.1172389984130859375 0.76757699251174926758 1.3255950212478637695 1.2024949789047241211 1.0559999942779541016 0.76884400844573974609 0.94872397184371948242 0.8775730133056640625 1.3255950212478637695 0.88700002431869506836 0.88700002431869506836 1.3127410411834716797 0.88700002431869506836 1.0559999942779541016 1.0559999942779541016 1.0559999942779541016 0.88700002431869506836 1.3719389438629150391 1.6153579950332641602 1.0770779848098754883 2.2231109142303466797 0.83511197566986083984 1.1172389984130859375 1.2637000083923339844 3.8383669853210449219 3.8383669853210449219 0.88216900825500488281 1.8031200170516967773 1.8031200170516967773 0.84606397151947021484 3.0036909580230712891 3.8383669853210449219 5.5684208869934082031 0.046999998390674591064 0.046999998390674591064 0.079000003635883331299 0.77356201410293579102
1.9119869470596313477 0.93705499172210693359 0.76757699251174926758 3.4573509693145751953 1.3255950212478637695 0.88700002431869506836 1.5020530223846435547 0.76884400844573974609 0.94872397184371948242 0.8775730133056640625 0.88700002431869506836 1.3419289588928222656 1.3452149629592895508 0.88700002431869506836 1.2872010469436645508 0.88700002431869506836 1.3719389438629150391 1.3452149629592895508 1.0559999942779541016 1.0559999942779541016 1.2857079505920410156 0.90556800365447998047 1.1172389984130859375 1.0239369869232177734 1.8031200170516967773 3.5764200687408447266 3.5764200687408447266 5.5684208869934082031 1.2637000083923339844 5.5684208869934082031 5.5684208869934082031 5.5684208869934082031 5.5684208869934082031 3.8383669853210449219 5.5684208869934082031 0.046999998390674591064 0.046999998390674591064 0.80768501758575439453 3.8383669853210449219
