Big_Beef/DataInputs30m/o_10_ChemistryPools/1990_Mar2025/N_g_Det_BgStem_3.asc
ncols        345
nrows        426
xllcorner    508536.404131802963
yllcorner    5265678.997906560078
cellsize     30.000000000000
NODATA_value -9999
[rows 357 to 373 of 426, columns 39 to 77 of 345]
0.18794299662113189697 0.34264698624610900879 0.2403309941291809082 0.025000000372529029846 0.025000000372529029846 0.025000000372529029846 0.025000000372529029846 0.025000000372529029846 0.025000000372529029846 0.025000000372529029846 0.66500002145767211914 0.66500002145767211914 0.66500002145767211914 0.66500002145767211914 0.025000000372529029846 0.025000000372529029846 0.025000000372529029846 0.041999999433755874634 0.041999999433755874634 0.66500002145767211914 0.66500002145767211914 0.66500002145767211914 1.1065740585327148438 0.18718799948692321777 0.2403309941291809082 0.025000000372529029846 0.025000000372529029846 0.19395799934864044189 0.041999999433755874634 0.19395799934864044189 0.37623000144958496094 0.73960298299789428711 0.60319197177886962891 0.60319197177886962891 0.65512299537658691406 0.6962490081787109375 0.60319197177886962891 0.65512299537658691406 0.67476999759674072266
0.18794299662113189697 0.45859500765800476074 0.20615999400615692139 0.025000000372529029846 0.025000000372529029846 0.025000000372529029846 0.025000000372529029846 0.66500002145767211914 0.66500002145767211914 0.66500002145767211914 0.66500002145767211914 0.66500002145767211914 0.66500002145767211914 0.66500002145767211914 0.025000000372529029846 0.025000000372529029846 0.025000000372529029846 0.041999999433755874634 0.041999999433755874634 0.66500002145767211914 0.041999999433755874634 0.66500002145767211914 0.86186999082565307617 0.18718799948692321777 0.42562401294708251953 0.42562401294708251953 0.42562401294708251953 0.42562401294708251953 0.041999999433755874634 0.19395799934864044189 0.42562401294708251953 0.42562401294708251953 0.60319197177886962891 1.1065740585327148438 0.81189101934432983398 0.60319197177886962891 0.31588101387023925781 0.81189101934432983398 0.31588101387023925781
0.24899999797344207764 0.025000000372529029846 0.18446099758148193359 0.18836799263954162598 0.21024799346923828125 0.025000000372529029846 0.025000000372529029846 0.66500002145767211914 0.66500002145767211914 0.66500002145767211914 0.66500002145767211914 0.66500002145767211914 0.66500002145767211914 0.66500002145767211914 0.025000000372529029846 0.025000000372529029846 0.66500002145767211914 0.66500002145767211914 0.041999999433755874634 0.66500002145767211914 0.66500002145767211914 1.1065740585327148438 1.1065740585327148438 1.1065740585327148438 0.73960298299789428711 0.42562401294708251953 0.42562401294708251953 0.041999999433755874634 0.42562401294708251953 0.041999999433755874634 0.025000000372529029846 0.2099049985408782959 1.1065740585327148438 1.1065740585327148438 1.1065740585327148438 0.18596300482749938965 0.81189101934432983398 0.48286399245262145996 0.19732999801635742188
0.025000000372529029846 0.22031100094318389893 0.26871401071548461914 0.22031100094318389893 0.20212000608444213867 0.012000000104308128357 0.025000000372529029846 0.66500002145767211914 0.66500002145767211914 0.66500002145767211914 0.66500002145767211914 0.66500002145767211914 0.66500002145767211914 0.66500002145767211914 0.66500002145767211914 0.025000000372529029846 0.025000000372529029846 0.66500002145767211914 0.66500002145767211914 0.041999999433755874634 0.33570200204849243164 0.19823500514030456543 0.42562401294708251953 0.42562401294708251953 0.22031100094318389893 0.73960298299789428711 0.73960298299789428711 0.025000000372529029846 0.041999999433755874634 0.42562401294708251953 0.025000000372529029846 0.19395799934864044189 1.1065740585327148438 1.1065740585327148438 1.1065740585327148438 0.81189101934432983398 0.18596300482749938965 0.67476999759674072266 0.67476999759674072266
0.025000000372529029846 0.26871401071548461914 0.26871401071548461914 0.20576100051403045654 0.19436499476432800293 0.012000000104308128357 0.012000000104308128357 0.025000000372529029846 0.66500002145767211914 0.66500002145767211914 0.66500002145767211914 0.66500002145767211914 0.66500002145767211914 0.66500002145767211914 0.66500002145767211914 0.66500002145767211914 0.66500002145767211914 0.66500002145767211914 0.012000000104308128357 0.025000000372529029846 0.041999999433755874634 0.19732999801635742188 0.2403309941291809082 0.22031100094318389893 0.27754899859428405762 0.73960298299789428711 0.041999999433755874634 0.041999999433755874634 0.041999999433755874634 0.42562401294708251953 0.37623000144958496094 0.42562401294708251953 0.65512299537658691406 1.1065740585327148438 0.52517098188400268555 0.18596300482749938965 0.67476999759674072266 0.67476999759674072266 0.33570200204849243164
0.34264698624610900879 0.18604199588298797607 0.2403309941291809082 0.19173200428485870361 0.73960298299789428711 0.025000000372529029846 0.025000000372529029846 0.025000000372529029846 0.66500002145767211914 0.66500002145767211914 0.66500002145767211914 0.66500002145767211914 0.66500002145767211914 0.66500002145767211914 0.66500002145767211914 0.66500002145767211914 0.66500002145767211914 0.66500002145767211914 0.025000000372529029846 0.66500002145767211914 0.025000000372529029846 0.33570200204849243164 0.2823689877986907959 0.22031100094318389893 0.27754899859428405762 0.041999999433755874634 0.041999999433755874634 0.42562401294708251953 0.42562401294708251953 0.041999999433755874634 0.42562401294708251953 0.27754899859428405762 1.1065740585327148438 1.1065740585327148438 1.1065740585327148438 0.65512299537658691406 0.22249500453472137451 0.67476999759674072266 0.67476999759674072266
0.22031100094318389893 0.22031100094318389893 0.34264698624610900879 0.17196699976921081543 0.041999999433755874634 0.025000000372529029846 0.025000000372529029846 0.19823500514030456543 0.66500002145767211914 0.66500002145767211914 0.66500002145767211914 0.66500002145767211914 0.66500002145767211914 0.66500002145767211914 0.66500002145767211914 0.66500002145767211914 0.070477999746799468994 0.66500002145767211914 0.025000000372529029846 0.66500002145767211914 0.66500002145767211914 0.025000000372529029846 0.025000000372529029846 0.025000000372529029846 0.025000000372529029846 0.041999999433755874634 0.42562401294708251953 0.42562401294708251953 0.42562401294708251953 0.42562401294708251953 0.42562401294708251953 0.73960298299789428711 0.60319197177886962891 0.65512299537658691406 1.1065740585327148438 0.81189101934432983398 0.67476999759674072266 0.67476999759674072266 0.67476999759674072266
0.34264698624610900879 0.34264698624610900879 0.22031100094318389893 0.24899999797344207764 0.041999999433755874634 0.025000000372529029846 0.025000000372529029846 0.20615999400615692139 0.66500002145767211914 0.66500002145767211914 0.66500002145767211914 0.66500002145767211914 0.66500002145767211914 0.66500002145767211914 0.66500002145767211914 0.22031100094318389893 0.66500002145767211914 0.66500002145767211914 0.66500002145767211914 0.66500002145767211914 0.025000000372529029846 0.012000000104308128357 0.025000000372529029846 0.025000000372529029846 0.041999999433755874634 0.041999999433755874634 0.42562401294708251953 0.42562401294708251953 0.42562401294708251953 0.42562401294708251953 0.025000000372529029846 0.42562401294708251953 0.65512299537658691406 0.60319197177886962891 0.48286399245262145996 0.67476999759674072266 0.67476999759674072266 0.81189101934432983398 0.24345900118350982666
0.2403309941291809082 0.2403309941291809082 0.34264698624610900879 0.42562401294708251953 0.24899999797344207764 1.1065740585327148438 0.041999999433755874634 0.041999999433755874634 0.19823500514030456543 0.66500002145767211914 0.66500002145767211914 0.66500002145767211914 0.66500002145767211914 0.66500002145767211914 0.66500002145767211914 0.2403309941291809082 0.66500002145767211914 0.66500002145767211914 0.66500002145767211914 0.66500002145767211914 0.73960298299789428711 0.19436499476432800293 0.4471130073070526123 0.041999999433755874634 0.041999999433755874634 0.19395799934864044189 0.19823500514030456543 0.19823500514030456543 0.19436499476432800293 0.19395799934864044189 0.60319197177886962891 0.19823500514030456543 0.81189101934432983398 0.65512299537658691406 0.31588101387023925781 0.67476999759674072266 0.65512299537658691406 0.81189101934432983398 0.60319197177886962891
0.2403309941291809082 0.2403309941291809082 0.16280700266361236572 0.22031100094318389893 0.29367101192474365234 0.29367101192474365234 0.041999999433755874634 0.20615999400615692139 0.73960298299789428711 0.66500002145767211914 0.66500002145767211914 0.66500002145767211914 0.66500002145767211914 0.66500002145767211914 0.66500002145767211914 0.2403309941291809082 0.2403309941291809082 0.18274700641632080078 0.66500002145767211914 0.66500002145767211914 0.66500002145767211914 0.23357300460338592529 0.19076099991798400879 0.041999999433755874634 0.041999999433755874634 0.041999999433755874634 0.19823500514030456543 1.1065740585327148438 0.041999999433755874634 0.42562401294708251953 0.42562401294708251953 0.42562401294708251953 0.73960298299789428711 0.31588101387023925781 0.65512299537658691406 0.81189101934432983398 0.31588101387023925781 0.65512299537658691406 0.67476999759674072266
0.33570200204849243164 0.34264698624610900879 0.2403309941291809082 0.17196699976921081543 0.041999999433755874634 0.95265901088714599609 0.025000000372529029846 0.18440000712871551514 0.73960298299789428711 0.66500002145767211914 0.66500002145767211914 0.66500002145767211914 0.66500002145767211914 0.66500002145767211914 0.26393899321556091309 0.22031100094318389893 0.27754899859428405762 0.22031100094318389893 0.22031100094318389893 0.2403309941291809082 0.66500002145767211914 0.66500002145767211914 0.18274700641632080078 0.041999999433755874634 0.42562401294708251953 0.27754899859428405762 0.42562401294708251953 0.42562401294708251953 0.19395799934864044189 0.42562401294708251953 0.42562401294708251953 0.73960298299789428711 0.60319197177886962891 0.60319197177886962891 0.67476999759674072266 0.31588101387023925781 0.65512299537658691406 0.81189101934432983398 0.83699899911880493164
0.33570200204849243164 0.51037502288818359375 0.22031100094318389893 0.17196699976921081543 0.2823689877986907959 0.37623000144958496094 0.025000000372529029846 0.025000000372529029846 0.18794299662113189697 0.2403309941291809082 0.66500002145767211914 0.66500002145767211914 0.66500002145767211914 0.66500002145767211914 0.66500002145767211914 0.22031100094318389893 0.33199998736381530762 0.33199998736381530762 0.22031100094318389893 0.22031100094318389893 0.66500002145767211914 0.66500002145767211914 0.18274700641632080078 0.041999999433755874634 0.42562401294708251953 0.27754899859428405762 0.27754899859428405762 0.42562401294708251953 0.42562401294708251953 0.041999999433755874634 0.73960298299789428711 0.73960298299789428711 0.67476999759674072266 0.60319197177886962891 0.67476999759674072266 0.6962490081787109375 0.81189101934432983398 0.18160200119018554688 0.60319197177886962891
0.33570200204849243164 0.50390702486038208008 0.2403309941291809082 0.2403309941291809082 0.46599999070167541504 0.041999999433755874634 0.025000000372529029846 0.025000000372529029846 0.012000000104308128357 0.66500002145767211914 0.66500002145767211914 0.66500002145767211914 0.66500002145767211914 0.66500002145767211914 0.19732999801635742188 0.23357300460338592529 0.012000000104308128357 0.27754899859428405762 0.19823500514030456543 0.42562401294708251953 0.66500002145767211914 0.66500002145767211914 0.18274700641632080078 0.041999999433755874634 0.73960298299789428711 0.27754899859428405762 0.42562401294708251953 0.42562401294708251953 0.42562401294708251953 0.42562401294708251953 0.42562401294708251953 0.27754899859428405762 0.67476999759674072266 0.67476999759674072266 0.60319197177886962891 0.81189101934432983398 0.65512299537658691406 0.18596300482749938965 0.81189101934432983398
0.35924500226974487305 0.48266899585723876953 0.42562401294708251953 0.15880399942398071289 0.19622699916362762451 0.041999999433755874634 0.18816199898719787598 0.012000000104308128357 0.025000000372529029846 1.1065740585327148438 0.66500002145767211914 0.66500002145767211914 0.66500002145767211914 0.22727799415588378906 0.2823689877986907959 0.23357300460338592529 0.025000000372529029846 0.19823500514030456543 0.19823500514030456543 0.42562401294708251953 0.66500002145767211914 0.66500002145767211914 0.66500002145767211914 1.1065740585327148438 0.041999999433755874634 0.025000000372529029846 0.42562401294708251953 0.42562401294708251953 0.42562401294708251953 0.025000000372529029846 0.42562401294708251953 0.42562401294708251953 0.27754899859428405762 0.67476999759674072266 0.18274700641632080078 0.65512299537658691406 0.26871401071548461914 0.67476999759674072266 0.67476999759674072266
0.45859500765800476074 0.55500000715255737305 0.27754899859428405762 0.2403309941291809082 0.19732999801635742188 0.19076099991798400879 0.025000000372529029846 0.025000000372529029846 0.025000000372529029846 0.95265901088714599609 0.66500002145767211914 0.66500002145767211914 0.66500002145767211914 0.66500002145767211914 0.2823689877986907959 0.42562401294708251953 0.32865500450134277344 0.60319197177886962891 0.19823500514030456543 0.19823500514030456543 0.30990201234817504883 0.66500002145767211914 0.66500002145767211914 0.025000000372529029846 0.041999999433755874634 0.19076099991798400879 0.42562401294708251953 0.42562401294708251953 0.42562401294708251953 0.42562401294708251953 0.73960298299789428711 0.42562401294708251953 0.67476999759674072266 0.42562401294708251953 0.26871401071548461914 0.65512299537658691406 0.26871401071548461914 0.81189101934432983398 0.67476999759674072266
0.2403309941291809082 0.27754899859428405762 0.22031100094318389893 0.025000000372529029846 0.025000000372529029846 0.18718799948692321777 0.19076099991798400879 0.025000000372529029846 0.19076099991798400879 0.42562401294708251953 0.73960298299789428711 0.66500002145767211914 0.66500002145767211914 0.66500002145767211914 0.66500002145767211914 0.22031100094318389893 0.22031100094318389893 0.42562401294708251953 0.73960298299789428711 0.32865500450134277344 1.1065740585327148438 0.66500002145767211914 0.66500002145767211914 0.025000000372529029846 0.041999999433755874634 0.42562401294708251953 0.55559301376342773438 0.73960298299789428711 0.73960298299789428711 0.42562401294708251953 0.42562401294708251953 0.73960298299789428711 0.67476999759674072266 0.67476999759674072266 0.18596300482749938965 0.30990201234817504883 0.81189101934432983398 0.67476999759674072266 0.71744400262832641602
0.19686900079250335693 0.041999999433755874634 0.18207700550556182861 0.17196699976921081543 0.34264698624610900879 0.19823500514030456543 0.19076099991798400879 0.041999999433755874634 0.55500000715255737305 0.19436499476432800293 0.73960298299789428711 0.22031100094318389893 0.66500002145767211914 0.66500002145767211914 0.66500002145767211914 0.22031100094318389893 0.27754899859428405762 0.041999999433755874634 0.041999999433755874634 0.041999999433755874634 0.66500002145767211914 0.66500002145767211914 0.041999999433755874634 0.041999999433755874634 0.041999999433755874634 0.42562401294708251953 0.55559301376342773438 0.42562401294708251953 0.42562401294708251953 0.42562401294708251953 0.73960298299789428711 0.27754899859428405762 0.22727799415588378906 0.67476999759674072266 0.60319197177886962891 0.67476999759674072266 0.67476999759674072266 0.67476999759674072266 0.81189101934432983398
