Big_Beef/DataInputs30m/o_10_ChemistryPools/1990_Mar2025/N_g_Det_root_1.asc
ncols        345
nrows        426
xllcorner    508536.404131802963
yllcorner    5265678.997906560078
cellsize     30.000000000000
NODATA_value -9999
[rows 162 to 179 of 426, columns 120 to 159 of 345]
2.6164870262145996094 2.7905189990997314453 2.7905189990997314453 2.8010540008544921875 0.20000000298023223877 12.704999923706054688 10.671999931335449219 10.671999931335449219 10.671999931335449219 10.671999931335449219 2.7912890911102294922 2.8171510696411132812 2.8245899677276611328 0.20000000298023223877 0.20000000298023223877 0.20000000298023223877 0.20000000298023223877 0.20000000298023223877 2.8010540008544921875 1.6039999723434448242 1.6039999723434448242 1.6039999723434448242 1.6039999723434448242 1.6039999723434448242 1.6039999723434448242 1.6039999723434448242 2.6164870262145996094 2.6733980178833007812 1.6039999723434448242 2.8010540008544921875 2.8010540008544921875 2.8171510696411132812 2.7812590599060058594 4.814395904541015625 2.8010540008544921875 2.7788910865783691406 2.5576050281524658203 2.8010540008544921875 0.20000000298023223877 0.20000000298023223877
2.7905189990997314453 2.7905189990997314453 2.6164870262145996094 0.20000000298023223877 9.3047075271606445312 7.8556070327758789062 9.3047075271606445312 9.0428228378295898438 10.671999931335449219 7.8556070327758789062 2.7912890911102294922 2.8171510696411132812 2.8245899677276611328 2.7905189990997314453 0.20000000298023223877 2.5576050281524658203 2.6164870262145996094 0.20000000298023223877 0.20000000298023223877 1.6039999723434448242 1.6039999723434448242 1.6039999723434448242 1.6039999723434448242 1.6039999723434448242 1.6039999723434448242 1.6039999723434448242 1.6039999723434448242 2.6733980178833007812 2.8010540008544921875 2.8010540008544921875 2.8010540008544921875 2.8171510696411132812 2.7716441154479980469 0.11999999731779098511 2.8010540008544921875 2.8583600521087646484 2.8010540008544921875 2.7905189990997314453 0.11999999731779098511 2.7812590599060058594
2.7905189990997314453 2.7905189990997314453 0.20000000298023223877 0.20000000298023223877 10.671999931335449219 7.8556070327758789062 9.3047075271606445312 9.3927593231201171875 2.8152740001678466797 9.3575277328491210938 7.8556070327758789062 2.7905189990997314453 2.7905189990997314453 2.8010540008544921875 2.8010540008544921875 2.5576050281524658203 0.20000000298023223877 2.5576050281524658203 0.20000000298023223877 0.20000000298023223877 1.6039999723434448242 1.6039999723434448242 1.6039999723434448242 1.6039999723434448242 1.6039999723434448242 1.6039999723434448242 1.6039999723434448242 2.6733980178833007812 2.7497429847717285156 2.7353549003601074219 2.8010540008544921875 2.6733980178833007812 2.6733980178833007812 2.7716441154479980469 2.7716441154479980469 2.8583600521087646484 2.8010540008544921875 2.6164870262145996094 0.20000000298023223877 2.6733980178833007812
2.6164870262145996094 0.20000000298023223877 0.20000000298023223877 2.6164870262145996094 12.704999923706054688 8.999721527099609375 9.3047075271606445312 7.9269251823425292969 2.8171510696411132812 2.7560610771179199219 7.8556070327758789062 2.7374920845031738281 2.8095099925994873047 0.37209799885749816895 0.37209799885749816895 2.5576050281524658203 2.677455902099609375 2.5576050281524658203 0.20000000298023223877 1.6039999723434448242 1.6039999723434448242 1.6039999723434448242 1.6039999723434448242 1.6039999723434448242 1.6039999723434448242 0.37209799885749816895 0.37209799885749816895 2.7092339992523193359 2.6733980178833007812 2.6733980178833007812 2.8010540008544921875 2.5576050281524658203 2.7092339992523193359 2.7675690650939941406 2.8152740001678466797 2.7535879611968994141 2.8010540008544921875 2.7716441154479980469 2.8010540008544921875 0.20000000298023223877
0.20000000298023223877 2.7905189990997314453 2.7737898826599121094 2.6164870262145996094 9.3047075271606445312 9.1111173629760742188 2.8583600521087646484 10.671999931335449219 10.671999931335449219 2.8258988857269287109 2.7905189990997314453 2.5576050281524658203 2.8010540008544921875 0.37209799885749816895 0.059999998658895492554 2.5576050281524658203 2.5576050281524658203 2.5576050281524658203 0.20000000298023223877 1.6039999723434448242 1.6039999723434448242 1.6039999723434448242 1.6039999723434448242 1.6039999723434448242 0.37209799885749816895 0.37209799885749816895 0.37209799885749816895 0.37209799885749816895 2.6733980178833007812 2.6733980178833007812 2.8171510696411132812 2.5576050281524658203 2.7905189990997314453 2.8583600521087646484 2.8010540008544921875 0.20000000298023223877 9.0428228378295898438 9.78134918212890625 0.20000000298023223877 0.20000000298023223877
2.6164870262145996094 2.7905189990997314453 2.7737898826599121094 2.7905189990997314453 8.0473890304565429688 2.7489631175994873047 10.671999931335449219 10.671999931335449219 10.671999931335449219 2.7905189990997314453 2.7353549003601074219 2.7912890911102294922 2.6733980178833007812 2.5576050281524658203 2.5576050281524658203 2.8506989479064941406 2.7905189990997314453 2.5576050281524658203 2.677455902099609375 0.20000000298023223877 1.6039999723434448242 1.6039999723434448242 1.6039999723434448242 1.6039999723434448242 1.6039999723434448242 0.37209799885749816895 0.37209799885749816895 0.37209799885749816895 2.6733980178833007812 2.6733980178833007812 2.7092339992523193359 2.7675690650939941406 2.7905189990997314453 2.8583600521087646484 2.8258988857269287109 2.8010540008544921875 2.8010540008544921875 7.9269251823425292969 0.20000000298023223877 2.7812590599060058594
2.6953248977661132812 2.6953248977661132812 2.8089959621429443359 8.2279796600341796875 10.671999931335449219 2.8152740001678466797 9.3927593231201171875 10.671999931335449219 2.7675690650939941406 2.7905189990997314453 2.7905189990997314453 2.7912890911102294922 2.6733980178833007812 2.8010540008544921875 2.6164870262145996094 2.7905189990997314453 2.5576050281524658203 2.8010540008544921875 0.20000000298023223877 2.8171510696411132812 2.677455902099609375 2.5576050281524658203 2.677455902099609375 0.37209799885749816895 0.37209799885749816895 0.37209799885749816895 0.37209799885749816895 0.37209799885749816895 2.8010540008544921875 2.8010540008544921875 2.8010540008544921875 2.7092339992523193359 2.7535879611968994141 2.7905189990997314453 2.8152740001678466797 2.8152740001678466797 2.7671880722045898438 2.7912890911102294922 0.20000000298023223877 2.6733980178833007812
2.7905189990997314453 2.6164870262145996094 10.079156875610351562 10.079156875610351562 2.8152740001678466797 2.7905189990997314453 2.7912890911102294922 10.671999931335449219 2.8245899677276611328 2.8245899677276611328 2.8010540008544921875 2.7353549003601074219 2.7675690650939941406 2.6164870262145996094 2.6164870262145996094 2.6164870262145996094 2.7737898826599121094 2.677455902099609375 0.20000000298023223877 2.7549080848693847656 2.8389480113983154297 2.677455902099609375 2.677455902099609375 0.37209799885749816895 0.37209799885749816895 0.37209799885749816895 0.37209799885749816895 0.37209799885749816895 2.5576050281524658203 2.8010540008544921875 2.5576050281524658203 2.6164870262145996094 2.7535879611968994141 2.8152740001678466797 2.8152740001678466797 12.704999923706054688 9.2086153030395507812 2.7912890911102294922 0.20000000298023223877 0.20000000298023223877
2.7905189990997314453 2.5740599632263183594 12.704999923706054688 2.8152740001678466797 2.8152740001678466797 2.8010540008544921875 2.8010540008544921875 2.7497429847717285156 2.8245899677276611328 0.11999999731779098511 0.11999999731779098511 0.11999999731779098511 0.11999999731779098511 2.6164870262145996094 2.6164870262145996094 0.11999999731779098511 0.11999999731779098511 2.5576050281524658203 0.20000000298023223877 2.7240860462188720703 2.8389480113983154297 2.5576050281524658203 2.8010540008544921875 2.7092339992523193359 0.37209799885749816895 0.37209799885749816895 0.37209799885749816895 0.37209799885749816895 0.37209799885749816895 2.6733980178833007812 2.8171510696411132812 2.5576050281524658203 2.7675690650939941406 2.7535879611968994141 0.20000000298023223877 2.8010540008544921875 2.7905189990997314453 2.7812590599060058594 0.20000000298023223877 2.7437150478363037109
2.7905189990997314453 8.4922342300415039062 2.7437150478363037109 2.8583600521087646484 2.7489631175994873047 2.6953248977661132812 2.6164870262145996094 2.8245899677276611328 2.8245899677276611328 0.11999999731779098511 0.11999999731779098511 0.11999999731779098511 0.11999999731779098511 0.11999999731779098511 2.5576050281524658203 2.5576050281524658203 4.814395904541015625 0.11999999731779098511 0.11999999731779098511 2.771636962890625 2.7240860462188720703 2.5576050281524658203 2.7488958835601806641 0.37209799885749816895 0.37209799885749816895 0.37209799885749816895 0.37209799885749816895 0.37209799885749816895 0.37209799885749816895 2.8171510696411132812 2.7788910865783691406 2.7894270420074462891 2.7560610771179199219 2.7560610771179199219 2.7675690650939941406 2.7716441154479980469 2.8152740001678466797 2.7905189990997314453 0.20000000298023223877 2.7716441154479980469
9.2086153030395507812 2.7905189990997314453 10.671999931335449219 2.7912890911102294922 2.7905189990997314453 2.7905189990997314453 2.6953248977661132812 2.8010540008544921875 2.5576050281524658203 0.11999999731779098511 0.059999998658895492554 0.059999998658895492554 0.11999999731779098511 0.11999999731779098511 0.11999999731779098511 2.5576050281524658203 0.059999998658895492554 4.814395904541015625 0.20000000298023223877 2.5576050281524658203 2.8171510696411132812 2.677455902099609375 2.7488958835601806641 0.37209799885749816895 0.37209799885749816895 0.37209799885749816895 0.37209799885749816895 0.37209799885749816895 2.7905189990997314453 2.8010540008544921875 2.8010540008544921875 2.8152740001678466797 2.7894270420074462891 2.8152740001678466797 2.5740599632263183594 2.7905189990997314453 2.8152740001678466797 2.8010540008544921875 2.7812590599060058594 0.20000000298023223877
9.3927593231201171875 10.671999931335449219 12.704999923706054688 9.3575277328491210938 2.7912890911102294922 2.5740599632263183594 2.8010540008544921875 2.8010540008544921875 2.6164870262145996094 2.5576050281524658203 2.5576050281524658203 2.6164870262145996094 0.11999999731779098511 0.11999999731779098511 0.11999999731779098511 2.8166460990905761719 2.5576050281524658203 2.5576050281524658203 0.20000000298023223877 2.5576050281524658203 2.8010540008544921875 2.8010540008544921875 2.7003300189971923828 0.37209799885749816895 0.37209799885749816895 0.37209799885749816895 0.37209799885749816895 2.7488958835601806641 2.8095099925994873047 2.5576050281524658203 2.7092339992523193359 2.7671880722045898438 2.7894270420074462891 2.8010540008544921875 2.7437150478363037109 2.8152740001678466797 2.7905189990997314453 2.8010540008544921875 0.20000000298023223877 0.20000000298023223877
7.9269251823425292969 9.562320709228515625 10.671999931335449219 10.671999931335449219 7.8283810615539550781 2.5740599632263183594 7.9269251823425292969 7.947666168212890625 9.3575277328491210938 0.20000000298023223877 2.6164870262145996094 2.7905189990997314453 2.6164870262145996094 0.20000000298023223877 2.7905189990997314453 4.814395904541015625 0.20000000298023223877 2.8010540008544921875 0.20000000298023223877 2.677455902099609375 2.5576050281524658203 2.677455902099609375 2.8245899677276611328 2.7535879611968994141 2.7675690650939941406 2.7675690650939941406 2.7675690650939941406 2.7353549003601074219 2.7905189990997314453 2.8245899677276611328 2.7353549003601074219 2.7788910865783691406 2.8152740001678466797 2.8583600521087646484 2.8152740001678466797 2.7747910022735595703 2.7905189990997314453 2.7716441154479980469 0.20000000298023223877 4.814395904541015625
9.3927593231201171875 10.671999931335449219 1.7716629505157470703 10.671999931335449219 9.741062164306640625 2.8505609035491943359 2.8152740001678466797 0.20000000298023223877 9.2086153030395507812 0.20000000298023223877 0.20000000298023223877 0.20000000298023223877 0.20000000298023223877 2.5576050281524658203 0.20000000298023223877 0.11999999731779098511 0.11999999731779098511 0.20000000298023223877 0.20000000298023223877 0.20000000298023223877 2.5576050281524658203 2.8095099925994873047 2.8245899677276611328 2.7675690650939941406 2.7675690650939941406 2.7675690650939941406 2.7675690650939941406 2.7353549003601074219 2.6953248977661132812 2.8245899677276611328 2.7675690650939941406 2.8010540008544921875 2.7788910865783691406 2.7488958835601806641 2.7894270420074462891 2.7788910865783691406 2.8583600521087646484 2.7675690650939941406 0.11999999731779098511 2.7716441154479980469
10.671999931335449219 10.671999931335449219 10.671999931335449219 10.671999931335449219 0.9141489863395690918 4.814395904541015625 4.814395904541015625 8.0948238372802734375 8.0948238372802734375 7.7775821685791015625 7.7775821685791015625 2.7671880722045898438 2.7942099571228027344 2.6164870262145996094 2.5576050281524658203 2.7812590599060058594 2.8010540008544921875 2.7675690650939941406 2.7535879611968994141 2.7675690650939941406 2.7535879611968994141 2.7675690650939941406 2.7675690650939941406 2.7675690650939941406 2.7675690650939941406 2.7675690650939941406 2.7535879611968994141 2.7675690650939941406 12.704999923706054688 2.7675690650939941406 2.7675690650939941406 2.7675690650939941406 2.7675690650939941406 2.7488958835601806641 2.7716441154479980469 2.7716441154479980469 0.11999999731779098511 0.11999999731779098511 0.20000000298023223877 0.20000000298023223877
10.671999931335449219 9.0528631210327148438 12.704999923706054688 12.704999923706054688 4.814395904541015625 4.814395904541015625 4.814395904541015625 2.8583600521087646484 20.327999114990234375 9.2086153030395507812 8.8396005630493164062 8.0283288955688476562 7.8579549789428710938 7.8270201683044433594 2.8002250194549560547 2.8010540008544921875 2.5740599632263183594 2.7883059978485107422 2.8010540008544921875 2.7675690650939941406 2.7675690650939941406 2.7675690650939941406 2.7675690650939941406 2.7675690650939941406 2.7675690650939941406 2.7675690650939941406 2.7675690650939941406 2.7675690650939941406 2.7675690650939941406 10.671999931335449219 2.7675690650939941406 2.7675690650939941406 2.7488958835601806641 2.7488958835601806641 2.7716441154479980469 0.059999998658895492554 0.059999998658895492554 0.11999999731779098511 0.11999999731779098511 2.8375730514526367188
9.3927593231201171875 2.8089959621429443359 12.704999923706054688 4.814395904541015625 4.814395904541015625 4.814395904541015625 4.814395904541015625 2.8152740001678466797 9.0528631210327148438 9.0528631210327148438 4.814395904541015625 2.8166460990905761719 7.8579549789428710938 7.6005101203918457031 2.7675690650939941406 2.5576050281524658203 2.5576050281524658203 2.8010540008544921875 2.7535879611968994141 2.7675690650939941406 2.7675690650939941406 2.7535879611968994141 2.7675690650939941406 2.7675690650939941406 2.7675690650939941406 2.7675690650939941406 2.7675690650939941406 2.7675690650939941406 2.7675690650939941406 2.7675690650939941406 2.7675690650939941406 2.8583600521087646484 2.8152740001678466797 2.7675690650939941406 2.7675690650939941406 2.7675690650939941406 2.7675690650939941406 2.7675690650939941406 0.11999999731779098511 4.814395904541015625
10.671999931335449219 2.8095099925994873047 2.8095099925994873047 2.7716441154479980469 4.814395904541015625 4.814395904541015625 4.814395904541015625 4.814395904541015625 2.7812590599060058594 4.814395904541015625 4.814395904541015625 4.814395904541015625 7.8579549789428710938 7.6863431930541992188 7.78079986572265625 2.5576050281524658203 2.7905189990997314453 2.7912890911102294922 2.7699611186981201172 2.7675690650939941406 2.7675690650939941406 2.7675690650939941406 2.7675690650939941406 2.7747910022735595703 2.7675690650939941406 2.7675690650939941406 2.7675690650939941406 2.7675690650939941406 2.7675690650939941406 2.7675690650939941406 2.7675690650939941406 2.7675690650939941406 2.7788910865783691406 2.8152740001678466797 2.7675690650939941406 2.8152740001678466797 2.8152740001678466797 2.7905189990997314453 2.7716441154479980469 0.11999999731779098511
