Big_Beef/DataInputs30m/o_10_ChemistryPools/1990_Mar2025/N_g_Det_BgStem_2.asc
ncols        345
nrows        426
xllcorner    508536.404131802963
yllcorner    5265678.997906560078
cellsize     30.000000000000
NODATA_value -9999
[rows 144 to 161 of 426, columns 156 to 194 of 345]
0.59949600696563720703 1.3437030315399169922 0.88700002431869506836 1.425686955451965332 0.86675000190734863281 0.8775730133056640625 1.1172389984130859375 1.2872010469436645508 1.3452149629592895508 1.0562980175018310547 0.80375599861145019531 0.80375599861145019531 1.0562980175018310547 0.94872397184371948242 1.1172389984130859375 1.8031200170516967773 1.2495160102844238281 1.8031200170516967773 1.3127410411834716797 1.1376440525054931641 0.81183201074600219727 1.3452149629592895508 1.3719389438629150391 1.1376440525054931641 0.76884400844573974609 0.19314399361610412598 1.3219009637832641602 1.3905329704284667969 3.0036909580230712891 3.0036909580230712891 1.2637000083923339844 0.59949600696563720703 0.63300001621246337891 0.63300001621246337891 0.63300001621246337891 0.079000003635883331299 0.079000003635883331299 0.59949600696563720703 1.3865649700164794922
5.5684208869934082031 0.079000003635883331299 0.88700002431869506836 0.88700002431869506836 0.88700002431869506836 0.88700002431869506836 0.8775730133056640625 0.88700002431869506836 1.1172389984130859375 2.4489998817443847656 0.93705499172210693359 1.1376440525054931641 0.80375599861145019531 1.3905329704284667969 0.94872397184371948242 0.94872397184371948242 0.94872397184371948242 1.1172389984130859375 0.19370700418949127197 0.18889300525188446045 1.441537022590637207 0.81183201074600219727 1.3127410411834716797 0.88700002431869506836 1.1172389984130859375 0.23055599629878997803 0.079000003635883331299 0.76884400844573974609 0.76884400844573974609 3.0036909580230712891 1.0359710454940795898 0.63300001621246337891 0.63300001621246337891 0.079000003635883331299 0.046999998390674591064 0.079000003635883331299 0.14344899356365203857 0.15855200588703155518 0.59949600696563720703
0.93705499172210693359 0.88700002431869506836 0.88700002431869506836 0.88700002431869506836 0.88700002431869506836 0.87759000062942504883 0.20548400282859802246 1.3419289588928222656 0.2005790024995803833 0.80375599861145019531 0.20439499616622924805 0.81183201074600219727 1.1376440525054931641 1.1172389984130859375 1.1172389984130859375 1.4362640380859375 1.2855010032653808594 1.1172389984130859375 0.2031729966402053833 0.63300001621246337891 0.63300001621246337891 0.88700002431869506836 1.1172389984130859375 0.88700002431869506836 1.2674109935760498047 1.6890000104904174805 0.23055599629878997803 0.81183201074600219727 0.76884400844573974609 0.079000003635883331299 0.19314399361610412598 0.63300001621246337891 0.046999998390674591064 0.046999998390674591064 0.63300001621246337891 0.079000003635883331299 0.15855200588703155518 0.046999998390674591064 0.046999998390674591064
0.35539001226425170898 1.3437030315399169922 1.0559999942779541016 0.8775730133056640625 0.86675000190734863281 1.3905329704284667969 1.0559999942779541016 0.19314399361610412598 0.8775730133056640625 0.93705499172210693359 0.046999998390674591064 0.19314399361610412598 1.1172389984130859375 1.3127410411834716797 1.2674109935760498047 1.2674109935760498047 1.3719389438629150391 0.94872397184371948242 1.8031200170516967773 0.63300001621246337891 0.046999998390674591064 0.024000000208616256714 2.0282940864562988281 0.88700002431869506836 0.88700002431869506836 1.3127410411834716797 1.3719389438629150391 1.1376440525054931641 0.19370700418949127197 0.19734500348567962646 0.88700002431869506836 1.6890000104904174805 0.046999998390674591064 0.63300001621246337891 0.63300001621246337891 0.63300001621246337891 0.046999998390674591064 0.046999998390674591064 0.046999998390674591064
1.7486970424652099609 0.17346400022506713867 1.0559999942779541016 0.86675000190734863281 0.92362797260284423828 3.4573509693145751953 0.8775730133056640625 0.94872397184371948242 0.88700002431869506836 0.2005790024995803833 0.80375599861145019531 1.4362640380859375 1.4362640380859375 1.4362640380859375 1.2495160102844238281 1.3127410411834716797 0.90556800365447998047 1.6153579950332641602 1.9676309823989868164 1.0770779848098754883 0.8775730133056640625 0.8775730133056640625 1.1172389984130859375 1.1172389984130859375 1.0559999942779541016 1.3127410411834716797 1.3127410411834716797 0.88700002431869506836 1.3084830045700073242 0.046999998390674591064 0.2105150073766708374 0.079000003635883331299 0.046999998390674591064 0.63300001621246337891 0.63300001621246337891 0.046999998390674591064 0.079000003635883331299 0.15855200588703155518 0.59949600696563720703
1.1172389984130859375 0.80375599861145019531 1.4362640380859375 0.94872397184371948242 0.8775730133056640625 0.8775730133056640625 0.8775730133056640625 0.94872397184371948242 0.8775730133056640625 0.80375599861145019531 0.88700002431869506836 1.4362640380859375 0.88700002431869506836 1.3127410411834716797 1.0559999942779541016 0.079000003635883331299 0.81183201074600219727 1.1172389984130859375 0.76884400844573974609 0.77356201410293579102 1.1172389984130859375 1.9676309823989868164 1.1172389984130859375 0.21003699302673339844 0.19370700418949127197 0.17753499746322631836 0.20609100162982940674 1.3865649700164794922 1.0359710454940795898 0.14907999336719512939 0.14907999336719512939 0.046999998390674591064 0.046999998390674591064 0.046999998390674591064 0.046999998390674591064 0.046999998390674591064 0.66995400190353393555 1.6890000104904174805 0.88700002431869506836
1.4362640380859375 0.94872397184371948242 0.8775730133056640625 0.8775730133056640625 1.1172389984130859375 0.8775730133056640625 0.8775730133056640625 0.8775730133056640625 0.8775730133056640625 0.80375599861145019531 1.3419289588928222656 0.88700002431869506836 0.94872397184371948242 1.3905329704284667969 0.86675000190734863281 0.80768501758575439453 0.80768501758575439453 0.079000003635883331299 0.76646697521209716797 3.4573509693145751953 0.024000000208616256714 1.0770779848098754883 1.1172389984130859375 0.19370700418949127197 0.046999998390674591064 0.15855200588703155518 1.3437030315399169922 0.14344899356365203857 0.15855200588703155518 0.046999998390674591064 0.59949600696563720703 0.046999998390674591064 0.046999998390674591064 0.046999998390674591064 0.63300001621246337891 0.63300001621246337891 0.046999998390674591064 1.3127410411834716797 1.3127410411834716797
0.20548400282859802246 0.8775730133056640625 0.8775730133056640625 0.8775730133056640625 2.2231109142303466797 0.8775730133056640625 1.8031200170516967773 0.76884400844573974609 0.8775730133056640625 0.80375599861145019531 0.8775730133056640625 1.3590819835662841797 1.3590819835662841797 0.86675000190734863281 1.3590819835662841797 1.3590819835662841797 3.4573509693145751953 1.8031200170516967773 3.4573509693145751953 1.1172389984130859375 1.8031200170516967773 3.4573509693145751953 1.1172389984130859375 0.079000003635883331299 1.1172389984130859375 0.59949600696563720703 0.96831899881362915039 0.14926899969577789307 0.15855200588703155518 0.046999998390674591064 0.046999998390674591064 0.046999998390674591064 0.079000003635883331299 0.046999998390674591064 0.046999998390674591064 0.079000003635883331299 0.046999998390674591064 0.88700002431869506836 0.88700002431869506836
0.8775730133056640625 0.8775730133056640625 0.8775730133056640625 0.8775730133056640625 0.8775730133056640625 0.8775730133056640625 1.1172389984130859375 0.8775730133056640625 0.94872397184371948242 0.80375599861145019531 0.80375599861145019531 1.2094850540161132812 1.3590819835662841797 1.3590819835662841797 1.3590819835662841797 1.0770779848098754883 1.0770779848098754883 1.0770779848098754883 1.0770779848098754883 1.0770779848098754883 1.1172389984130859375 3.4573509693145751953 1.3905329704284667969 1.3905329704284667969 0.046999998390674591064 0.19314399361610412598 0.17011399567127227783 0.14344899356365203857 0.046999998390674591064 0.046999998390674591064 0.079000003635883331299 0.35539001226425170898 0.046999998390674591064 0.046999998390674591064 0.046999998390674591064 0.079000003635883331299 0.079000003635883331299 1.0559999942779541016 1.0559999942779541016
0.8775730133056640625 0.8775730133056640625 0.8775730133056640625 1.3905329704284667969 1.3905329704284667969 0.8775730133056640625 0.94872397184371948242 0.21068799495697021484 0.8775730133056640625 0.94872397184371948242 0.8775730133056640625 0.86675000190734863281 1.3590819835662841797 1.3590819835662841797 1.3590819835662841797 3.4573509693145751953 1.0770779848098754883 1.0770779848098754883 1.1172389984130859375 1.1172389984130859375 1.0770779848098754883 3.4573509693145751953 1.1172389984130859375 1.1172389984130859375 1.3127410411834716797 0.19314399361610412598 1.1376440525054931641 0.046999998390674591064 0.046999998390674591064 0.046999998390674591064 0.35539001226425170898 0.35539001226425170898 0.35539001226425170898 0.046999998390674591064 0.046999998390674591064 0.046999998390674591064 0.046999998390674591064 2.4489998817443847656 0.18490800261497497559
0.8775730133056640625 0.8775730133056640625 0.94872397184371948242 1.1172389984130859375 0.94872397184371948242 0.80375599861145019531 0.8775730133056640625 1.4362640380859375 0.88700002431869506836 0.8775730133056640625 0.86675000190734863281 0.86675000190734863281 0.8775730133056640625 0.86675000190734863281 0.86675000190734863281 3.4573509693145751953 1.1172389984130859375 1.1172389984130859375 0.84199297428131103516 0.84199297428131103516 1.1172389984130859375 0.90556800365447998047 0.8775730133056640625 0.94872397184371948242 1.3219009637832641602 1.0239369869232177734 0.92362797260284423828 0.80649000406265258789 0.046999998390674591064 0.35539001226425170898 0.046999998390674591064 0.046999998390674591064 0.20270200073719024658 0.35539001226425170898 1.3219009637832641602 1.441537022590637207 0.079000003635883331299 0.079000003635883331299 0.079000003635883331299
0.77077597379684448242 0.80375599861145019531 0.76884400844573974609 1.3905329704284667969 0.80375599861145019531 1.3905329704284667969 0.19370700418949127197 0.21068799495697021484 0.88700002431869506836 0.86675000190734863281 0.8775730133056640625 0.86675000190734863281 0.86675000190734863281 0.86675000190734863281 0.86675000190734863281 0.8775730133056640625 1.1172389984130859375 1.8031200170516967773 0.84199297428131103516 5.5684208869934082031 0.81572800874710083008 0.8775730133056640625 1.1376440525054931641 1.3905329704284667969 1.3127410411834716797 1.3279520273208618164 5.5684208869934082031 5.5684208869934082031 3.4573509693145751953 0.046999998390674591064 0.17346400022506713867 1.2674109935760498047 1.3719389438629150391 0.20270200073719024658 1.6890000104904174805 2.4489998817443847656 0.35539001226425170898 0.35539001226425170898 0.35539001226425170898
0.83511197566986083984 1.3905329704284667969 1.3905329704284667969 0.94872397184371948242 0.94872397184371948242 1.5020530223846435547 0.19370700418949127197 1.1172389984130859375 0.76646697521209716797 0.86675000190734863281 0.86675000190734863281 0.86675000190734863281 0.86675000190734863281 0.86675000190734863281 1.1172389984130859375 1.1172389984130859375 0.77356201410293579102 1.8031200170516967773 0.80768501758575439453 0.079000003635883331299 0.079000003635883331299 1.1376440525054931641 0.90556800365447998047 1.2495160102844238281 1.2949340343475341797 0.87759000062942504883 0.59949600696563720703 3.4573509693145751953 0.87759000062942504883 0.079000003635883331299 0.88700002431869506836 0.88700002431869506836 0.20609100162982940674 2.4489998817443847656 0.19831000268459320068 1.3219009637832641602 0.35539001226425170898 0.35539001226425170898 0.35539001226425170898
0.046999998390674591064 1.1376440525054931641 0.80768501758575439453 0.83511197566986083984 0.94872397184371948242 0.80375599861145019531 0.88700002431869506836 0.80375599861145019531 0.079000003635883331299 0.86675000190734863281 0.86675000190734863281 0.86675000190734863281 2.7058460712432861328 0.86675000190734863281 0.86675000190734863281 0.84199297428131103516 1.8031200170516967773 1.8031200170516967773 1.8031200170516967773 0.8775730133056640625 1.3905329704284667969 1.3905329704284667969 0.80375599861145019531 1.3127410411834716797 1.1172389984130859375 1.3127410411834716797 0.046999998390674591064 0.87759000062942504883 0.079000003635883331299 0.079000003635883331299 1.0559999942779541016 0.88700002431869506836 0.20548400282859802246 0.20270200073719024658 0.88700002431869506836 0.35539001226425170898 0.35539001226425170898 0.35539001226425170898 0.35539001226425170898
0.94872397184371948242 1.8031200170516967773 2.7058460712432861328 1.8031200170516967773 0.94872397184371948242 0.81183201074600219727 0.94872397184371948242 0.8775730133056640625 0.8775730133056640625 0.80768501758575439453 0.81183201074600219727 0.84199297428131103516 5.5684208869934082031 0.079000003635883331299 0.80768501758575439453 0.079000003635883331299 0.85158699750900268555 0.83000397682189941406 1.8031200170516967773 1.1172389984130859375 1.3905329704284667969 0.94872397184371948242 0.80375599861145019531 1.3905329704284667969 1.1172389984130859375 3.0991790294647216797 1.8031200170516967773 1.3127410411834716797 1.1584279537200927734 0.079000003635883331299 0.14344899356365203857 0.046999998390674591064 0.046999998390674591064 0.88700002431869506836 0.88700002431869506836 0.88700002431869506836 0.35539001226425170898 0.35539001226425170898 0.35539001226425170898
1.1172389984130859375 0.80649000406265258789 0.84199297428131103516 3.4573509693145751953 1.3905329704284667969 0.83511197566986083984 0.079000003635883331299 1.1172389984130859375 0.8775730133056640625 0.8775730133056640625 0.80768501758575439453 0.80768501758575439453 1.8031200170516967773 2.7058460712432861328 5.5684208869934082031 0.079000003635883331299 5.5684208869934082031 0.079000003635883331299 5.5684208869934082031 1.2637000083923339844 1.3905329704284667969 0.8775730133056640625 1.1172389984130859375 1.8031200170516967773 1.3905329704284667969 1.3905329704284667969 1.1172389984130859375 0.47499999403953552246 0.88700002431869506836 0.079000003635883331299 0.046999998390674591064 0.046999998390674591064 0.046999998390674591064 2.4489998817443847656 1.2495160102844238281 0.35539001226425170898 0.35539001226425170898 0.35539001226425170898 0.35539001226425170898
0.079000003635883331299 1.2637000083923339844 0.079000003635883331299 0.84199297428131103516 1.8031200170516967773 0.8775730133056640625 0.86675000190734863281 0.86675000190734863281 0.8775730133056640625 0.8775730133056640625 0.83511197566986083984 1.8031200170516967773 0.83511197566986083984 5.5684208869934082031 5.5684208869934082031 0.80768501758575439453 0.079000003635883331299 5.5684208869934082031 3.8383669853210449219 1.1172389984130859375 1.1172389984130859375 0.19370700418949127197 1.3905329704284667969 1.3905329704284667969 3.0991790294647216797 1.3905329704284667969 1.3905329704284667969 0.47499999403953552246 0.079000003635883331299 0.046999998390674591064 0.046999998390674591064 3.4573509693145751953 0.81183201074600219727 1.425686955451965332 0.88700002431869506836 0.35539001226425170898 0.35539001226425170898 0.35539001226425170898 3.4573509693145751953
0.81183201074600219727 1.3905329704284667969 0.80768501758575439453 0.046999998390674591064 0.86675000190734863281 0.8775730133056640625 0.8775730133056640625 0.8775730133056640625 0.94872397184371948242 0.83511197566986083984 0.80768501758575439453 3.0036909580230712891 1.8031200170516967773 5.5684208869934082031 2.2904229164123535156 0.079000003635883331299 0.079000003635883331299 0.80768501758575439453 0.80768501758575439453 1.8348510265350341797 1.3213989734649658203 1.0559999942779541016 1.8031200170516967773 1.1172389984130859375 2.2904229164123535156 1.3905329704284667969 1.3905329704284667969 0.88700002431869506836 0.079000003635883331299 3.4573509693145751953 3.0036909580230712891 0.80649000406265258789 0.81183201074600219727 4.1270999908447265625 0.80768501758575439453 0.8775730133056640625 0.35539001226425170898 0.35539001226425170898 0.35539001226425170898
