Big_Beef/DataInputs30m/o_10_ChemistryPools/1990_Mar2025/N_g_Det_AgStem.asc
ncols        345
nrows        426
xllcorner    508536.404131802963
yllcorner    5265678.997906560078
cellsize     30.000000000000
NODATA_value -9999
[rows 72 to 89 of 426, columns 280 to 319 of 345]
0.39199998974800109863 0.39199998974800109863 0.56000000238418579102 0.39199998974800109863 0.39199998974800109863 0.39199998974800109863 0.39199998974800109863 13.319838523864746094 4.5062060356140136719 0.56000000238418579102 4.5062060356140136719 7.1187601089477539062 3.3589999675750732422 4.0178608894348144531 4.0178608894348144531 0.39199998974800109863 3.4433488845825195312 4.5062060356140136719 13.319838523864746094 0.56000000238418579102 4.5062060356140136719 0.56000000238418579102 13.319838523864746094 0.56000000238418579102 0.56000000238418579102 13.319838523864746094 4.6863188743591308594 4.6863188743591308594 4.6863188743591308594 6.3021941184997558594 0.56000000238418579102 4.5062060356140136719 0.56000000238418579102 11.483012199401855469 7.3270001411437988281 10.245557785034179688 11.72299957275390625 4.5545411109924316406 4.5545411109924316406 4.0178608894348144531
0.39199998974800109863 0.39199998974800109863 0.56000000238418579102 0.39199998974800109863 0.39199998974800109863 0.39199998974800109863 0.39199998974800109863 0.39199998974800109863 4.5062060356140136719 0.56000000238418579102 4.2260999679565429688 3.4433488845825195312 7.2182569503784179688 7.2182569503784179688 4.0178608894348144531 7.1187601089477539062 3.8054449558258056641 4.5062060356140136719 4.5062060356140136719 0.39199998974800109863 5.3980059623718261719 4.5062060356140136719 3.7861990928649902344 3.7861990928649902344 0.39199998974800109863 4.5062060356140136719 13.319838523864746094 4.5062060356140136719 4.6863188743591308594 5.4227890968322753906 5.4227890968322753906 5.4227890968322753906 13.766496658325195312 12.006725311279296875 11.72299957275390625 3.4872479438781738281 6.7044210433959960938 3.4433488845825195312 4.0178608894348144531 4.0178608894348144531
0.39199998974800109863 0.39199998974800109863 0.56000000238418579102 0.56000000238418579102 4.5062060356140136719 0.39199998974800109863 0.39199998974800109863 0.39199998974800109863 0.39199998974800109863 4.45409393310546875 4.45409393310546875 3.4433488845825195312 3.4433488845825195312 0.39199998974800109863 3.4433488845825195312 4.6863188743591308594 7.1187601089477539062 3.7861990928649902344 4.0178608894348144531 3.7861990928649902344 4.5062060356140136719 4.5062060356140136719 4.5545411109924316406 3.4107580184936523438 0.56000000238418579102 4.5062060356140136719 4.6863188743591308594 4.5062060356140136719 4.2224788665771484375 3.8760969638824462891 4.0178608894348144531 7.3270001411437988281 7.3270001411437988281 1.6784820556640625 16.118999481201171875 3.4872479438781738281 0.56000000238418579102 0.56000000238418579102 4.0178608894348144531 0.56000000238418579102
0.39199998974800109863 0.39199998974800109863 0.39199998974800109863 0.39199998974800109863 0.56000000238418579102 0.56000000238418579102 0.56000000238418579102 3.5017859935760498047 13.319838523864746094 4.5062060356140136719 4.45409393310546875 7.1187601089477539062 0.22400000691413879395 0.39199998974800109863 0.39199998974800109863 0.39199998974800109863 3.7861990928649902344 3.7861990928649902344 4.0178608894348144531 0.56000000238418579102 3.3892669677734375 3.7899260520935058594 0.56000000238418579102 0.39199998974800109863 4.5062060356140136719 3.7861990928649902344 4.0178608894348144531 6.5947008132934570312 7.2182569503784179688 3.4107580184936523438 11.173348426818847656 11.483012199401855469 2.0322179794311523438 2.0812599658966064453 2.0524179935455322266 3.4872479438781738281 0.56000000238418579102 2.0322179794311523438 4.5545411109924316406 3.4433488845825195312
1.8976470232009887695 0.39199998974800109863 0.56000000238418579102 0.39199998974800109863 0.39199998974800109863 0.56000000238418579102 0.56000000238418579102 0.56000000238418579102 0.56000000238418579102 0.22400000691413879395 0.39199998974800109863 0.39199998974800109863 0.39199998974800109863 0.39199998974800109863 0.39199998974800109863 0.39199998974800109863 4.45409393310546875 3.4433488845825195312 4.0178608894348144531 0.56000000238418579102 0.56000000238418579102 4.5062060356140136719 13.319838523864746094 6.7189998626708984375 0.39199998974800109863 13.319838523864746094 4.5062060356140136719 6.5586209297180175781 3.4913640022277832031 13.319838523864746094 2.5080239772796630859 2.5080239772796630859 7.3270001411437988281 10.245557785034179688 1.8941260576248168945 2.0322179794311523438 10.7635345458984375 1.9270559549331665039 4.0178608894348144531 0.39199998974800109863
7.3270001411437988281 6.5586209297180175781 0.39199998974800109863 0.39199998974800109863 0.39199998974800109863 0.39199998974800109863 0.56000000238418579102 4.5062060356140136719 0.56000000238418579102 0.39199998974800109863 0.56000000238418579102 7.2182569503784179688 3.7861990928649902344 0.39199998974800109863 3.7861990928649902344 4.5062060356140136719 3.4433488845825195312 3.4433488845825195312 3.4433488845825195312 4.0178608894348144531 3.398529052734375 3.7899260520935058594 3.8054449558258056641 6.7189998626708984375 0.39199998974800109863 6.7189998626708984375 0.56000000238418579102 3.7899260520935058594 3.4433488845825195312 13.319838523864746094 1.8507820367813110352 6.1539998054504394531 2.5080239772796630859 10.749139785766601562 11.022432327270507812 11.483012199401855469 11.483012199401855469 7.1187601089477539062 3.8054449558258056641 0.39199998974800109863
4.5545411109924316406 0.39199998974800109863 6.940608978271484375 0.56000000238418579102 5.4644260406494140625 0.39199998974800109863 0.39199998974800109863 0.39199998974800109863 0.22400000691413879395 0.39199998974800109863 13.319838523864746094 0.56000000238418579102 0.56000000238418579102 0.56000000238418579102 3.9350171089172363281 13.319838523864746094 3.4433488845825195312 3.3589999675750732422 3.3589999675750732422 0.56000000238418579102 0.56000000238418579102 6.7189998626708984375 6.7189998626708984375 0.56000000238418579102 0.39199998974800109863 6.7189998626708984375 0.56000000238418579102 6.7189998626708984375 13.319838523864746094 3.8760969638824462891 10.629427909851074219 6.1539998054504394531 11.483012199401855469 11.72299957275390625 10.245557785034179688 12.006725311279296875 12.006725311279296875 0.56000000238418579102 4.0178608894348144531 0.39199998974800109863
3.4247889518737792969 4.5062060356140136719 0.56000000238418579102 3.7861990928649902344 3.7861990928649902344 0.39199998974800109863 0.39199998974800109863 0.39199998974800109863 0.39199998974800109863 0.39199998974800109863 4.5062060356140136719 4.5062060356140136719 3.7861990928649902344 0.56000000238418579102 3.7861990928649902344 4.2260999679565429688 3.4433488845825195312 3.3589999675750732422 3.3589999675750732422 6.8045339584350585938 3.7861990928649902344 6.7189998626708984375 6.7189998626708984375 0.56000000238418579102 6.7189998626708984375 6.7189998626708984375 6.7189998626708984375 6.7189998626708984375 13.319838523864746094 13.319838523864746094 6.1539998054504394531 10.629427909851074219 12.006725311279296875 12.006725311279296875 10.245557785034179688 3.4872479438781738281 10.245557785034179688 2.0322179794311523438 4.0178608894348144531 0.39199998974800109863
3.3589999675750732422 4.6863188743591308594 5.6686649322509765625 6.8045339584350585938 0.56000000238418579102 6.940608978271484375 0.39199998974800109863 13.319838523864746094 0.39199998974800109863 4.5062060356140136719 0.56000000238418579102 4.5062060356140136719 3.7861990928649902344 0.56000000238418579102 0.39199998974800109863 3.4433488845825195312 7.2182569503784179688 3.4433488845825195312 3.3589999675750732422 3.3589999675750732422 3.3589999675750732422 4.5545411109924316406 4.5545411109924316406 6.7189998626708984375 0.56000000238418579102 13.319838523864746094 3.4247889518737792969 4.5545411109924316406 4.5545411109924316406 4.5545411109924316406 4.5545411109924316406 3.4637289047241210938 11.72299957275390625 2.0524179935455322266 3.6610898971557617188 3.5017859935760498047 0.56000000238418579102 4.0178608894348144531 7.3270001411437988281 0.39199998974800109863
3.3589999675750732422 13.319838523864746094 13.319838523864746094 4.6317257881164550781 4.3046450614929199219 0.1230000033974647522 0.22400000691413879395 13.319838523864746094 4.5062060356140136719 6.8045339584350585938 6.8045339584350585938 0.56000000238418579102 3.7861990928649902344 7.2182569503784179688 0.39199998974800109863 0.39199998974800109863 0.39199998974800109863 0.39199998974800109863 3.3589999675750732422 3.3589999675750732422 3.3589999675750732422 4.0178608894348144531 4.5545411109924316406 0.56000000238418579102 0.39199998974800109863 6.4745469093322753906 3.4107580184936523438 4.8504271507263183594 4.5545411109924316406 4.5545411109924316406 4.5545411109924316406 12.006725311279296875 12.137192726135253906 0.56000000238418579102 6.5586209297180175781 3.7899260520935058594 0.56000000238418579102 4.0222787857055664062 10.629427909851074219 0.39199998974800109863
3.3589999675750732422 0.39199998974800109863 3.3589999675750732422 5.4644260406494140625 6.940608978271484375 0.56000000238418579102 0.39199998974800109863 0.39199998974800109863 6.940608978271484375 0.56000000238418579102 13.319838523864746094 6.8045339584350585938 6.8045339584350585938 7.2182569503784179688 0.39199998974800109863 0.39199998974800109863 0.22400000691413879395 0.39199998974800109863 13.319838523864746094 6.7189998626708984375 5.3660969734191894531 5.6828999519348144531 4.5545411109924316406 0.39199998974800109863 4.5062060356140136719 3.398529052734375 4.5545411109924316406 0.39199998974800109863 4.0178608894348144531 4.5545411109924316406 4.5545411109924316406 10.052877426147460938 9.8387136459350585938 11.173348426818847656 3.8760969638824462891 4.5545411109924316406 4.5545411109924316406 6.1539998054504394531 1.4453159570693969727 1.8318459987640380859
3.3589999675750732422 7.5341272354125976562 5.4644260406494140625 0.56000000238418579102 6.940608978271484375 0.39199998974800109863 0.39199998974800109863 0.39199998974800109863 0.39199998974800109863 0.56000000238418579102 13.319838523864746094 4.5062060356140136719 3.7861990928649902344 4.5062060356140136719 0.39199998974800109863 0.39199998974800109863 0.39199998974800109863 0.39199998974800109863 4.0178608894348144531 6.7189998626708984375 6.7189998626708984375 3.4247889518737792969 4.0178608894348144531 4.5062060356140136719 0.56000000238418579102 4.5545411109924316406 4.5545411109924316406 1.9270559549331665039 4.0178608894348144531 4.5062060356140136719 3.7899260520935058594 6.1539998054504394531 6.1539998054504394531 3.4872479438781738281 4.5545411109924316406 4.0178608894348144531 1.9270559549331665039 1.8318459987640380859 3.4637289047241210938 0.39199998974800109863
13.319838523864746094 5.4644260406494140625 7.1187601089477539062 7.1187601089477539062 3.7861990928649902344 4.5062060356140136719 3.7861990928649902344 0.39199998974800109863 0.39199998974800109863 3.5017859935760498047 0.56000000238418579102 6.6095628738403320312 3.7861990928649902344 13.319838523864746094 13.319838523864746094 0.39199998974800109863 0.56000000238418579102 0.56000000238418579102 4.0178608894348144531 4.0178608894348144531 4.0178608894348144531 5.4663209915161132812 4.0178608894348144531 4.0178608894348144531 0.39199998974800109863 3.7861990928649902344 3.4433488845825195312 3.4247889518737792969 4.0178608894348144531 3.7559618949890136719 3.8760969638824462891 7.3270001411437988281 10.489376068115234375 3.6610898971557617188 3.398529052734375 4.5545411109924316406 0.56000000238418579102 0.56000000238418579102 4.0222787857055664062 0.39199998974800109863
3.3892669677734375 7.1187601089477539062 7.1187601089477539062 3.8054449558258056641 0.56000000238418579102 0.56000000238418579102 3.7861990928649902344 6.940608978271484375 0.39199998974800109863 0.22400000691413879395 0.39199998974800109863 13.319838523864746094 4.5062060356140136719 13.319838523864746094 13.319838523864746094 4.1115918159484863281 4.5062060356140136719 0.56000000238418579102 4.0178608894348144531 4.0178608894348144531 4.5545411109924316406 7.1187601089477539062 7.1187601089477539062 0.39199998974800109863 0.39199998974800109863 6.5586209297180175781 4.5545411109924316406 3.4247889518737792969 5.4663209915161132812 3.7559618949890136719 3.8760969638824462891 7.3270001411437988281 1.7676039934158325195 0.56000000238418579102 3.398529052734375 4.5545411109924316406 6.4745469093322753906 0.56000000238418579102 3.4107580184936523438 4.9947772026062011719
4.0587849617004394531 4.0587849617004394531 5.1735348701477050781 5.6828999519348144531 5.6828999519348144531 7.1187601089477539062 3.3892669677734375 3.7861990928649902344 0.1230000033974647522 0.22400000691413879395 0.39199998974800109863 4.5062060356140136719 0.39199998974800109863 0.39199998974800109863 6.940608978271484375 0.39199998974800109863 0.39199998974800109863 0.39199998974800109863 4.5062060356140136719 0.39199998974800109863 0.56000000238418579102 4.5062060356140136719 0.39199998974800109863 0.39199998974800109863 0.39199998974800109863 13.319838523864746094 0.39199998974800109863 0.39199998974800109863 0.39199998974800109863 0.39199998974800109863 0.39199998974800109863 0.39199998974800109863 13.319838523864746094 0.39199998974800109863 0.39199998974800109863 13.319838523864746094 0.39199998974800109863 0.39199998974800109863 0.39199998974800109863 4.5062060356140136719
3.4872479438781738281 4.3314528465270996094 3.398529052734375 4.5545411109924316406 5.6828999519348144531 7.1187601089477539062 3.3892669677734375 3.4433488845825195312 0.39199998974800109863 0.22400000691413879395 0.39199998974800109863 0.22400000691413879395 0.44800001382827758789 0.22400000691413879395 0.56000000238418579102 5.4227890968322753906 6.940608978271484375 0.39199998974800109863 0.39199998974800109863 6.3021941184997558594 13.319838523864746094 0.56000000238418579102 5.4227890968322753906 5.4227890968322753906 0.39199998974800109863 0.39199998974800109863 5.4227890968322753906 13.319838523864746094 0.39199998974800109863 0.39199998974800109863 13.319838523864746094 0.39199998974800109863 0.39199998974800109863 4.5062060356140136719 0.39199998974800109863 0.39199998974800109863 0.39199998974800109863 5.3980059623718261719 0.39199998974800109863 0.39199998974800109863
4.5545411109924316406 4.5545411109924316406 3.8760969638824462891 3.7559618949890136719 4.5545411109924316406 7.1187601089477539062 0.56000000238418579102 0.39199998974800109863 0.22400000691413879395 0.39199998974800109863 0.39199998974800109863 0.44800001382827758789 0.16799999773502349854 0.16799999773502349854 13.319838523864746094 3.7861990928649902344 3.7861990928649902344 7.2182569503784179688 3.9350171089172363281 7.2182569503784179688 6.3021941184997558594 9.0204648971557617188 3.398529052734375 6.4745469093322753906 4.5545411109924316406 7.2182569503784179688 3.2976789474487304688 5.4227890968322753906 6.3021941184997558594 7.2182569503784179688 6.3021941184997558594 6.3021941184997558594 1.4453159570693969727 4.5062060356140136719 5.3980059623718261719 7.2182569503784179688 0.1230000033974647522 3.9350171089172363281 5.4227890968322753906 0.39199998974800109863
5.4663209915161132812 7.1187601089477539062 5.4663209915161132812 4.0178608894348144531 4.0178608894348144531 7.1187601089477539062 0.56000000238418579102 0.39199998974800109863 0.39199998974800109863 0.39199998974800109863 0.22400000691413879395 0.16799999773502349854 0.22400000691413879395 0.22400000691413879395 0.39199998974800109863 6.8045339584350585938 3.4433488845825195312 7.2182569503784179688 13.319838523864746094 13.319838523864746094 13.319838523864746094 13.319838523864746094 9.0204648971557617188 3.7861990928649902344 4.5545411109924316406 10.052877426147460938 6.4758639335632324219 6.1539998054504394531 6.3021941184997558594 4.2224788665771484375 10.390382766723632812 10.621461868286132812 1.9060159921646118164 4.0178608894348144531 4.0178608894348144531 3.3994491100311279297 3.3892669677734375 7.2182569503784179688 7.2182569503784179688 3.4433488845825195312
