Big_Beef/DataInputs30m/o_10_ChemistryPools/1990_Mar2025/N_g_Det_BgStem_1.asc
ncols        345
nrows        426
xllcorner    508536.404131802963
yllcorner    5265678.997906560078
cellsize     30.000000000000
NODATA_value -9999
[rows 324 to 341 of 426, columns 156 to 194 of 345]
0.7532380223274230957 0.92457598447799682617 0.71651297807693481445 0.92457598447799682617 0.71651297807693481445 0.73410797119140625 0.72868901491165161133 0.71887600421905517578 0.73410797119140625 0.7532380223274230957 1.0852149724960327148 1.0852149724960327148 0.72868901491165161133 0.70824402570724487305 0.7532380223274230957 0.71158999204635620117 0.87384700775146484375 0.77340602874755859375 0.77340602874755859375 0.74890702962875366211 0.7532380223274230957 0.74890702962875366211 0.7532380223274230957 1.5748219490051269531 1.5748219490051269531 0.71627402305603027344 1.5748219490051269531 1.5748219490051269531 0.74890702962875366211 0.74890702962875366211 0.74890702962875366211 0.77340602874755859375 0.7532380223274230957 0.92457598447799682617 0.92457598447799682617 0.73410797119140625 0.73410797119140625 0.73410797119140625 0.73410797119140625
0.7532380223274230957 0.92457598447799682617 0.71651297807693481445 0.95139199495315551758 0.95139199495315551758 0.71651297807693481445 0.71887600421905517578 1.0852149724960327148 0.72868901491165161133 0.73410797119140625 0.73410797119140625 0.71887600421905517578 0.70806801319122314453 0.72345298528671264648 0.7532380223274230957 0.7532380223274230957 0.7532380223274230957 0.77340602874755859375 0.74890702962875366211 0.90740299224853515625 0.7532380223274230957 0.7532380223274230957 0.72345298528671264648 0.71887600421905517578 0.90740299224853515625 1.5748219490051269531 0.98550301790237426758 0.71651297807693481445 0.7532380223274230957 0.74890702962875366211 0.74890702962875366211 0.7532380223274230957 0.7532380223274230957 0.92457598447799682617 0.92457598447799682617 0.7532380223274230957 0.73410797119140625 0.7532380223274230957 0.7532380223274230957
0.7532380223274230957 0.7532380223274230957 0.7532380223274230957 0.73410797119140625 0.71651297807693481445 1.0311110019683837891 0.71887600421905517578 0.71887600421905517578 0.90740299224853515625 0.7532380223274230957 0.7532380223274230957 0.71887600421905517578 0.72345298528671264648 0.72345298528671264648 0.7532380223274230957 0.7532380223274230957 0.74890702962875366211 0.74890702962875366211 0.74890702962875366211 0.7532380223274230957 0.7532380223274230957 0.7532380223274230957 0.72345298528671264648 0.72345298528671264648 0.7532380223274230957 0.72345298528671264648 0.71651297807693481445 0.71651297807693481445 0.7532380223274230957 0.7532380223274230957 0.7532380223274230957 0.7532380223274230957 0.92457598447799682617 0.92457598447799682617 0.92457598447799682617 0.71651297807693481445 0.7532380223274230957 0.7532380223274230957 0.7532380223274230957
0.90740299224853515625 0.73410797119140625 0.7532380223274230957 0.7532380223274230957 1.0311110019683837891 1.467532038688659668 0.71627402305603027344 0.90740299224853515625 0.81074100732803344727 0.7532380223274230957 1.0311110019683837891 0.72345298528671264648 0.72345298528671264648 0.74890702962875366211 0.7532380223274230957 0.7532380223274230957 0.74890702962875366211 0.70779901742935180664 0.70779901742935180664 0.7532380223274230957 0.70779901742935180664 0.7532380223274230957 0.81074100732803344727 0.77340602874755859375 0.7532380223274230957 0.77340602874755859375 0.72868901491165161133 0.72345298528671264648 0.71651297807693481445 0.72345298528671264648 0.90740299224853515625 0.7532380223274230957 0.73410797119140625 0.73410797119140625 0.73410797119140625 0.90740299224853515625 0.73410797119140625 0.7532380223274230957 0.7532380223274230957
0.90740299224853515625 1.0076260566711425781 0.7532380223274230957 0.92457598447799682617 0.73410797119140625 1.0311110019683837891 0.73909002542495727539 0.95139199495315551758 0.95139199495315551758 0.71651297807693481445 1.0311110019683837891 0.95139199495315551758 0.71651297807693481445 0.72345298528671264648 0.74890702962875366211 0.74890702962875366211 0.74890702962875366211 0.70779901742935180664 0.7532380223274230957 0.7532380223274230957 0.7532380223274230957 0.94246500730514526367 0.7532380223274230957 0.7532380223274230957 0.74890702962875366211 0.70759397745132446289 0.77340602874755859375 0.72345298528671264648 0.72345298528671264648 0.72345298528671264648 0.7532380223274230957 0.71651297807693481445 0.73410797119140625 0.73410797119140625 0.73410797119140625 0.73410797119140625 0.7532380223274230957 0.7532380223274230957 0.7532380223274230957
0.72345298528671264648 0.72345298528671264648 0.71651297807693481445 0.71651297807693481445 0.71651297807693481445 0.73410797119140625 0.73410797119140625 0.71887600421905517578 0.72345298528671264648 0.95139199495315551758 1.0311110019683837891 0.72345298528671264648 0.72345298528671264648 0.7532380223274230957 0.74890702962875366211 0.7532380223274230957 0.7532380223274230957 0.70779901742935180664 0.71009099483489990234 0.7532380223274230957 0.70824402570724487305 0.81074100732803344727 0.7532380223274230957 0.7532380223274230957 0.71955400705337524414 0.81074100732803344727 0.77340602874755859375 0.77340602874755859375 0.74890702962875366211 0.72345298528671264648 0.72345298528671264648 0.71651297807693481445 0.92457598447799682617 0.73410797119140625 0.73410797119140625 0.73410797119140625 0.73410797119140625 0.7532380223274230957 0.73410797119140625
3.6265931129455566406 0.86250597238540649414 0.71651297807693481445 0.95139199495315551758 0.71651297807693481445 0.73410797119140625 0.71887600421905517578 0.71887600421905517578 0.73909002542495727539 0.73909002542495727539 0.71651297807693481445 0.74890702962875366211 0.74890702962875366211 0.74890702962875366211 0.74890702962875366211 0.7532380223274230957 0.74890702962875366211 0.7532380223274230957 0.71651297807693481445 0.72345298528671264648 0.72345298528671264648 0.81074100732803344727 0.72345298528671264648 0.7532380223274230957 0.7532380223274230957 0.71651297807693481445 0.72345298528671264648 0.72868901491165161133 0.74890702962875366211 0.7532380223274230957 0.92457598447799682617 0.92457598447799682617 0.73410797119140625 0.92457598447799682617 0.73410797119140625 0.90740299224853515625 0.90740299224853515625 0.72868901491165161133 0.71887600421905517578
0.52898097038269042969 0.98550301790237426758 0.71651297807693481445 0.71651297807693481445 1.0311110019683837891 0.71887600421905517578 0.71887600421905517578 0.73410797119140625 0.7532380223274230957 0.73410797119140625 0.7532380223274230957 0.74890702962875366211 0.74890702962875366211 0.74890702962875366211 0.77340602874755859375 0.74890702962875366211 0.74890702962875366211 0.74890702962875366211 0.74890702962875366211 0.71651297807693481445 0.72345298528671264648 0.81074100732803344727 0.72345298528671264648 0.71651297807693481445 0.71651297807693481445 0.71651297807693481445 0.72345298528671264648 1.8090000152587890625 0.72868901491165161133 0.92457598447799682617 0.92457598447799682617 0.92457598447799682617 0.81863802671432495117 0.95139199495315551758 0.71651297807693481445 3.6265931129455566406 3.6265931129455566406 0.71651297807693481445 0.73909002542495727539
0.95139199495315551758 0.98550301790237426758 0.71651297807693481445 0.95139199495315551758 1.0076260566711425781 1.0076260566711425781 0.71887600421905517578 0.71887600421905517578 0.73410797119140625 0.74890702962875366211 0.70779901742935180664 0.71651297807693481445 0.7532380223274230957 0.81074100732803344727 0.77648901939392089844 0.77340602874755859375 0.74890702962875366211 0.74890702962875366211 0.74890702962875366211 0.7532380223274230957 0.81074100732803344727 0.81074100732803344727 0.90740299224853515625 0.72345298528671264648 0.71651297807693481445 0.72345298528671264648 1.8090000152587890625 1.8090000152587890625 0.7532380223274230957 0.92457598447799682617 0.92457598447799682617 0.71651297807693481445 0.71651297807693481445 0.71651297807693481445 0.81863802671432495117 0.92457598447799682617 0.71651297807693481445 0.86880797147750854492 0.86880797147750854492
0.92457598447799682617 0.92457598447799682617 0.92457598447799682617 0.71651297807693481445 0.92457598447799682617 0.73909002542495727539 0.72868901491165161133 0.71887600421905517578 0.73410797119140625 0.7532380223274230957 0.7532380223274230957 0.71651297807693481445 0.72345298528671264648 0.81074100732803344727 0.81074100732803344727 0.90740299224853515625 0.77340602874755859375 0.74890702962875366211 0.74890702962875366211 0.72345298528671264648 0.72868901491165161133 0.74890702962875366211 0.94246500730514526367 0.84657299518585205078 0.84657299518585205078 0.71651297807693481445 1.8090000152587890625 1.8090000152587890625 0.74890702962875366211 0.92457598447799682617 0.71651297807693481445 0.92457598447799682617 0.98550301790237426758 0.92457598447799682617 0.71651297807693481445 0.71651297807693481445 0.71651297807693481445 0.95139199495315551758 0.95139199495315551758
0.92457598447799682617 3.6265931129455566406 0.95139199495315551758 0.72345298528671264648 0.73909002542495727539 0.72868901491165161133 0.72868901491165161133 0.72868901491165161133 0.7532380223274230957 0.7532380223274230957 0.71651297807693481445 0.71651297807693481445 0.70806801319122314453 0.81074100732803344727 0.74890702962875366211 0.74890702962875366211 0.77340602874755859375 0.77340602874755859375 0.74890702962875366211 0.74890702962875366211 0.71651297807693481445 0.72345298528671264648 1.8090000152587890625 0.74842000007629394531 0.92457598447799682617 0.81074100732803344727 1.8090000152587890625 1.8090000152587890625 0.74890702962875366211 0.71651297807693481445 0.92457598447799682617 0.71651297807693481445 3.6265931129455566406 0.92457598447799682617 0.71651297807693481445 0.71651297807693481445 0.71651297807693481445 0.71651297807693481445 0.71651297807693481445
0.95139199495315551758 0.95139199495315551758 0.72345298528671264648 1.467532038688659668 0.73909002542495727539 1.1154600381851196289 0.72345298528671264648 1.0076260566711425781 0.7532380223274230957 0.7532380223274230957 0.72345298528671264648 0.71651297807693481445 0.73942899703979492188 0.70806801319122314453 0.72868901491165161133 0.72345298528671264648 0.74890702962875366211 0.74890702962875366211 0.71651297807693481445 0.71651297807693481445 0.7532380223274230957 0.7532380223274230957 0.98550301790237426758 1.1790009737014770508 0.74842000007629394531 0.87384700775146484375 1.8090000152587890625 0.74890702962875366211 0.71651297807693481445 0.71651297807693481445 0.92457598447799682617 0.71651297807693481445 0.71651297807693481445 0.92457598447799682617 0.71651297807693481445 0.71651297807693481445 0.71651297807693481445 0.72345298528671264648 0.81074100732803344727
0.72345298528671264648 1.467532038688659668 1.467532038688659668 1.2155090570449829102 3.6265931129455566406 0.70806801319122314453 0.98550301790237426758 0.71651297807693481445 0.90740299224853515625 0.7532380223274230957 0.71651297807693481445 0.7532380223274230957 0.81074100732803344727 0.72868901491165161133 0.72345298528671264648 0.72345298528671264648 0.71651297807693481445 0.71651297807693481445 0.74890702962875366211 0.71651297807693481445 0.71651297807693481445 0.74890702962875366211 0.98550301790237426758 0.98550301790237426758 0.87384700775146484375 0.94246500730514526367 0.77340602874755859375 0.74890702962875366211 0.7532380223274230957 0.7532380223274230957 0.7532380223274230957 0.7532380223274230957 0.7532380223274230957 0.7532380223274230957 0.7532380223274230957 0.7532380223274230957 0.7532380223274230957 0.96319800615310668945 0.70759397745132446289
3.6265931129455566406 0.95139199495315551758 1.2155090570449829102 3.6265931129455566406 0.90740299224853515625 0.73909002542495727539 0.73909002542495727539 0.90740299224853515625 0.90740299224853515625 0.72345298528671264648 0.72345298528671264648 0.72345298528671264648 0.81074100732803344727 0.72345298528671264648 0.72345298528671264648 0.72345298528671264648 0.71651297807693481445 0.71651297807693481445 0.72345298528671264648 0.74890702962875366211 0.71651297807693481445 0.71651297807693481445 0.74890702962875366211 0.74890702962875366211 0.74890702962875366211 1.8090000152587890625 1.8090000152587890625 6.74011993408203125 6.74011993408203125 0.7532380223274230957 0.94246500730514526367 0.7532380223274230957 0.73410797119140625 0.7532380223274230957 0.7532380223274230957 0.7532380223274230957 0.7532380223274230957 1.0311110019683837891 0.70759397745132446289
0.73909002542495727539 0.95139199495315551758 3.6265931129455566406 3.6265931129455566406 3.6265931129455566406 3.6265931129455566406 1.5748219490051269531 0.90740299224853515625 0.90740299224853515625 0.72345298528671264648 0.72345298528671264648 0.72345298528671264648 0.72868901491165161133 0.72345298528671264648 0.72345298528671264648 0.72345298528671264648 0.95139199495315551758 0.71651297807693481445 0.71651297807693481445 0.71651297807693481445 0.98550301790237426758 0.71651297807693481445 0.74890702962875366211 0.74890702962875366211 0.74890702962875366211 1.8090000152587890625 1.8090000152587890625 1.8090000152587890625 6.74011993408203125 0.87384700775146484375 0.70759397745132446289 0.7532380223274230957 0.7532380223274230957 0.7532380223274230957 0.7532380223274230957 0.7597020268440246582 0.71204000711441040039 0.74402397871017456055 0.70759397745132446289
0.98550301790237426758 3.6265931129455566406 2.3162970542907714844 1.5748219490051269531 3.6265931129455566406 0.72868901491165161133 0.72868901491165161133 0.86250597238540649414 3.6265931129455566406 0.72345298528671264648 0.98550301790237426758 0.98550301790237426758 0.72345298528671264648 0.72345298528671264648 0.72345298528671264648 0.71651297807693481445 0.71651297807693481445 0.71651297807693481445 0.71651297807693481445 0.71651297807693481445 0.71651297807693481445 0.71651297807693481445 0.74890702962875366211 0.74890702962875366211 0.84657299518585205078 6.74011993408203125 6.74011993408203125 6.74011993408203125 6.74011993408203125 0.87384700775146484375 0.7532380223274230957 0.7532380223274230957 0.7532380223274230957 0.7532380223274230957 0.73410797119140625 0.73410797119140625 0.43350100517272949219 0.43350100517272949219 0.43350100517272949219
2.3162970542907714844 3.6265931129455566406 0.73942899703979492188 2.3162970542907714844 1.5748219490051269531 0.90740299224853515625 1.5748219490051269531 0.90740299224853515625 0.95139199495315551758 1.0311110019683837891 0.95139199495315551758 0.71651297807693481445 0.72345298528671264648 0.72345298528671264648 0.98550301790237426758 0.71651297807693481445 0.71651297807693481445 0.71651297807693481445 0.71651297807693481445 0.71651297807693481445 0.72345298528671264648 0.71651297807693481445 0.74890702962875366211 0.84657299518585205078 1.8090000152587890625 6.74011993408203125 6.74011993408203125 0.87225401401519775391 0.7532380223274230957 0.71955400705337524414 0.7597020268440246582 0.73410797119140625 0.43350100517272949219 0.43350100517272949219 0.43350100517272949219 0.73410797119140625 0.43350100517272949219 0.43350100517272949219 0.43350100517272949219
1.2948440313339233398 0.73942899703979492188 0.73942899703979492188 1.0311110019683837891 0.70936602354049682617 1.5748219490051269531 1.3336269855499267578 1.0311110019683837891 1.0311110019683837891 1.0311110019683837891 0.72345298528671264648 0.72345298528671264648 0.72345298528671264648 0.98550301790237426758 0.71651297807693481445 0.71651297807693481445 0.72345298528671264648 0.98550301790237426758 0.98550301790237426758 0.71651297807693481445 0.72345298528671264648 0.72345298528671264648 0.72345298528671264648 0.74890702962875366211 1.1790009737014770508 1.1790009737014770508 0.90053802728652954102 0.84657299518585205078 0.7597020268440246582 0.7597020268440246582 0.7597020268440246582 0.73410797119140625 0.7597020268440246582 0.43350100517272949219 0.43350100517272949219 0.43350100517272949219 0.43350100517272949219 0.43350100517272949219 0.43350100517272949219
