Big_Beef/DataInputs30m/o_10_ChemistryPools/1990_Mar2025/N_g_AgStem.asc
ncols        345
nrows        426
xllcorner    508536.404131802963
yllcorner    5265678.997906560078
cellsize     30.000000000000
NODATA_value -9999
[rows 342 to 359 of 426, columns 280 to 319 of 345]
27.77281951904296875 34.44368743896484375 24.125326156616210938 24.125326156616210938 29.884326934814453125 23.450031280517578125 23.450031280517578125 27.306066513061523438 18.5083770751953125 27.306066513061523438 23.450031280517578125 23.450031280517578125 28.091932296752929688 28.091932296752929688 23.450031280517578125 28.091932296752929688 17.037532806396484375 22.819536209106445312 22.819536209106445312 17.037532806396484375 17.037532806396484375 17.037532806396484375 30.05072784423828125 30.05072784423828125 18.99718475341796875 28.96785736083984375 18.99718475341796875 37.7692413330078125 0.80034297704696655273 19.444505691528320312 18.5083770751953125 5.6352639198303222656 8.2933301925659179688 18.5083770751953125 5.6352639198303222656 7.2301888465881347656 31.100862503051757812 0.80034297704696655273 0.80034297704696655273 7.5721569061279296875
27.77281951904296875 15.670678138732910156 22.281402587890625 26.767826080322265625 18.99718475341796875 31.517648696899414062 23.450031280517578125 27.306066513061523438 27.306066513061523438 23.450031280517578125 23.450031280517578125 28.091932296752929688 28.091932296752929688 28.091932296752929688 6.0257887840270996094 28.091932296752929688 28.091932296752929688 22.819536209106445312 23.450031280517578125 33.30042266845703125 28.251224517822265625 30.05072784423828125 26.00347137451171875 28.96785736083984375 29.863124847412109375 28.805568695068359375 29.362527847290039062 15.670678138732910156 4.8939571380615234375 0.80034297704696655273 31.100862503051757812 7.5721569061279296875 7.5721569061279296875 7.5721569061279296875 4.8939571380615234375 7.5721569061279296875 6.0257887840270996094 4.8939571380615234375 0.80034297704696655273 0.80034297704696655273
25.315187454223632812 27.77281951904296875 26.767826080322265625 22.0981903076171875 18.99718475341796875 18.99718475341796875 31.517648696899414062 38.048004150390625 28.091932296752929688 23.450031280517578125 38.048004150390625 28.091932296752929688 28.091932296752929688 28.091932296752929688 17.037532806396484375 6.0257887840270996094 17.037532806396484375 23.450031280517578125 22.819536209106445312 22.819536209106445312 33.30042266845703125 30.751377105712890625 18.99718475341796875 21.913469314575195312 15.670678138732910156 28.805568695068359375 0.80034297704696655273 5.6352639198303222656 0.80034297704696655273 0.80034297704696655273 5.6352639198303222656 5.6352639198303222656 10.749238014221191406 7.5721569061279296875 7.5721569061279296875 29.269832611083984375 5.6352639198303222656 31.100862503051757812 0.80034297704696655273 4.8939571380615234375
22.281402587890625 26.767826080322265625 26.767826080322265625 23.450031280517578125 22.819536209106445312 37.7692413330078125 23.450031280517578125 17.037532806396484375 17.037532806396484375 38.048004150390625 17.037532806396484375 17.037532806396484375 17.037532806396484375 17.037532806396484375 13.651000022888183594 13.651000022888183594 17.037532806396484375 23.450031280517578125 22.819536209106445312 22.0981903076171875 12.25383758544921875 8.63812255859375 15.670678138732910156 15.670678138732910156 15.670678138732910156 21.534151077270507812 34.44368743896484375 0.80034297704696655273 0.80034297704696655273 0.80034297704696655273 29.269832611083984375 4.8939571380615234375 15.670678138732910156 0.80034297704696655273 23.318059921264648438 0.80034297704696655273 0.80034297704696655273 0.80034297704696655273 0.80034297704696655273 0.80034297704696655273
32.372646331787109375 32.23892974853515625 32.372646331787109375 22.819536209106445312 22.819536209106445312 31.517648696899414062 22.819536209106445312 17.037532806396484375 17.037532806396484375 17.037532806396484375 17.037532806396484375 17.037532806396484375 17.037532806396484375 22.819536209106445312 38.048004150390625 38.048004150390625 38.048004150390625 38.048004150390625 38.048004150390625 18.5083770751953125 17.798559188842773438 27.77281951904296875 21.534151077270507812 21.534151077270507812 27.77281951904296875 27.77281951904296875 18.5083770751953125 0.80034297704696655273 0.80034297704696655273 11.083375930786132812 29.269832611083984375 34.44368743896484375 6.8241300582885742188 5.6352639198303222656 0.80034297704696655273 0.80034297704696655273 0.80034297704696655273 0.80034297704696655273 0.80034297704696655273 0.80034297704696655273
32.5043487548828125 32.5043487548828125 23.450031280517578125 22.819536209106445312 31.517648696899414062 31.517648696899414062 27.306066513061523438 17.037532806396484375 17.037532806396484375 17.037532806396484375 17.037532806396484375 38.048004150390625 38.048004150390625 23.450031280517578125 17.531324386596679688 17.531324386596679688 38.048004150390625 38.048004150390625 27.306066513061523438 28.688856124877929688 28.688856124877929688 21.534151077270507812 21.534151077270507812 21.534151077270507812 21.534151077270507812 27.77281951904296875 18.5083770751953125 31.100862503051757812 0.80034297704696655273 0.80034297704696655273 29.269832611083984375 18.2646636962890625 15.670678138732910156 4.0923748016357421875 4.0923748016357421875 0.80034297704696655273 0.80034297704696655273 0.80034297704696655273 0.80034297704696655273 0.80034297704696655273
9.7616119384765625 34.05291748046875 34.05291748046875 15.364874839782714844 22.0981903076171875 22.0981903076171875 22.0981903076171875 17.037532806396484375 17.037532806396484375 17.037532806396484375 17.037532806396484375 38.048004150390625 38.048004150390625 17.531324386596679688 17.531324386596679688 17.531324386596679688 38.048004150390625 22.819536209106445312 18.5083770751953125 21.534151077270507812 21.534151077270507812 21.534151077270507812 18.5083770751953125 21.534151077270507812 27.77281951904296875 21.534151077270507812 18.5083770751953125 8.6761322021484375 23.638324737548828125 31.100862503051757812 0.80034297704696655273 29.269832611083984375 18.765104293823242188 7.5721569061279296875 5.6352639198303222656 0.80034297704696655273 29.269832611083984375 0.80034297704696655273 0.80034297704696655273 0.80034297704696655273
13.651000022888183594 17.037532806396484375 17.037532806396484375 17.037532806396484375 22.819536209106445312 26.767826080322265625 26.767826080322265625 17.037532806396484375 17.037532806396484375 38.048004150390625 38.048004150390625 38.048004150390625 38.048004150390625 38.048004150390625 38.048004150390625 22.819536209106445312 22.819536209106445312 28.688856124877929688 27.77281951904296875 27.77281951904296875 26.767826080322265625 26.767826080322265625 6.0257887840270996094 27.77281951904296875 27.77281951904296875 27.77281951904296875 21.534151077270507812 18.5083770751953125 27.718069076538085938 26.517980575561523438 28.720167160034179688 17.037532806396484375 5.6352639198303222656 0.80034297704696655273 7.5721569061279296875 0.80034297704696655273 4.8939571380615234375 0.80034297704696655273 0.80034297704696655273 0.80034297704696655273
13.651000022888183594 17.037532806396484375 22.819536209106445312 27.306066513061523438 22.819536209106445312 17.037532806396484375 17.037532806396484375 17.037532806396484375 17.531324386596679688 38.048004150390625 38.048004150390625 38.048004150390625 38.048004150390625 38.048004150390625 38.048004150390625 31.517648696899414062 28.688856124877929688 28.688856124877929688 27.77281951904296875 17.29229736328125 18.5083770751953125 26.767826080322265625 26.767826080322265625 27.77281951904296875 27.77281951904296875 27.77281951904296875 18.5083770751953125 21.534151077270507812 18.5083770751953125 29.587606430053710938 29.863124847412109375 12.519382476806640625 5.6352639198303222656 0.80034297704696655273 0.80034297704696655273 0.80034297704696655273 0.80034297704696655273 0.80034297704696655273 0.80034297704696655273 0.80034297704696655273
17.037532806396484375 17.037532806396484375 22.819536209106445312 22.819536209106445312 23.450031280517578125 38.048004150390625 38.048004150390625 17.037532806396484375 38.048004150390625 22.819536209106445312 17.531324386596679688 17.531324386596679688 22.819536209106445312 22.819536209106445312 22.819536209106445312 28.688856124877929688 21.534151077270507812 27.77281951904296875 27.77281951904296875 33.841705322265625 18.5083770751953125 26.767826080322265625 16.48600006103515625 16.48600006103515625 27.77281951904296875 21.534151077270507812 26.767826080322265625 28.688856124877929688 22.0981903076171875 28.96785736083984375 30.05072784423828125 28.805568695068359375 6.0257887840270996094 6.0257887840270996094 0.80034297704696655273 0.80034297704696655273 0.80034297704696655273 0.80034297704696655273 0.80034297704696655273 0.80034297704696655273
34.05291748046875 23.450031280517578125 23.450031280517578125 6.0257887840270996094 22.819536209106445312 23.450031280517578125 38.048004150390625 23.450031280517578125 18.2646636962890625 22.819536209106445312 22.819536209106445312 23.450031280517578125 22.0981903076171875 20.753702163696289062 20.753702163696289062 21.534151077270507812 27.77281951904296875 27.77281951904296875 31.232667922973632812 33.841705322265625 27.77281951904296875 26.767826080322265625 18.99718475341796875 18.5083770751953125 16.48600006103515625 26.767826080322265625 26.767826080322265625 30.05072784423828125 30.05072784423828125 29.587606430053710938 28.96785736083984375 28.805568695068359375 13.030999183654785156 0.80034297704696655273 12.701975822448730469 0.80034297704696655273 0.80034297704696655273 0.80034297704696655273 5.2830410003662109375 5.6352639198303222656
23.450031280517578125 23.450031280517578125 22.819536209106445312 22.819536209106445312 22.819536209106445312 38.048004150390625 23.450031280517578125 38.048004150390625 23.450031280517578125 27.77281951904296875 23.450031280517578125 22.819536209106445312 18.99718475341796875 27.306066513061523438 28.688856124877929688 27.77281951904296875 27.77281951904296875 33.841705322265625 33.841705322265625 27.77281951904296875 18.5083770751953125 26.767826080322265625 6.0257887840270996094 18.5083770751953125 17.29229736328125 18.99718475341796875 18.5083770751953125 22.0981903076171875 29.587606430053710938 29.587606430053710938 9.866039276123046875 21.162641525268554688 5.6352639198303222656 0.80034297704696655273 0.80034297704696655273 6.0257887840270996094 0.80034297704696655273 0.80034297704696655273 0.80034297704696655273 0.80034297704696655273
22.819536209106445312 38.048004150390625 23.450031280517578125 22.819536209106445312 23.450031280517578125 38.048004150390625 23.450031280517578125 18.2646636962890625 23.450031280517578125 23.450031280517578125 22.819536209106445312 22.819536209106445312 22.0981903076171875 27.306066513061523438 22.819536209106445312 27.77281951904296875 17.29229736328125 18.5083770751953125 17.29229736328125 33.841705322265625 18.5083770751953125 27.77281951904296875 26.767826080322265625 17.29229736328125 27.77281951904296875 18.5083770751953125 18.5083770751953125 22.0981903076171875 20.753702163696289062 21.534151077270507812 32.13993072509765625 21.162641525268554688 4.8939571380615234375 7.5721569061279296875 5.6352639198303222656 0.80034297704696655273 0.80034297704696655273 7.5721569061279296875 6.0257887840270996094 7.5721569061279296875
38.048004150390625 38.048004150390625 22.819536209106445312 22.819536209106445312 6.0257887840270996094 17.531324386596679688 17.531324386596679688 23.450031280517578125 6.0257887840270996094 21.534151077270507812 22.819536209106445312 20.753702163696289062 21.534151077270507812 18.2646636962890625 22.819536209106445312 18.5083770751953125 18.5083770751953125 18.5083770751953125 27.77281951904296875 27.77281951904296875 18.5083770751953125 27.77281951904296875 18.5083770751953125 24.125326156616210938 18.99718475341796875 22.819536209106445312 22.0981903076171875 30.05072784423828125 30.05072784423828125 20.753702163696289062 29.587606430053710938 18.5083770751953125 7.5721569061279296875 19.886531829833984375 4.8939571380615234375 18.032552719116210938 5.6352639198303222656 0.051213998347520828247 4.8317670822143554688 7.5721569061279296875
22.819536209106445312 22.819536209106445312 27.306066513061523438 22.819536209106445312 38.048004150390625 22.819536209106445312 31.517648696899414062 22.819536209106445312 22.819536209106445312 21.534151077270507812 22.819536209106445312 18.99718475341796875 27.306066513061523438 18.2646636962890625 17.29229736328125 18.5083770751953125 18.5083770751953125 24.125326156616210938 18.2646636962890625 27.77281951904296875 17.29229736328125 6.0257887840270996094 6.0257887840270996094 18.99718475341796875 6.0257887840270996094 18.5083770751953125 22.0981903076171875 30.05072784423828125 29.587606430053710938 29.587606430053710938 28.96785736083984375 19.886531829833984375 30.476289749145507812 19.886531829833984375 25.861997604370117188 18.2646636962890625 22.601747512817382812 32.13993072509765625 0.051213998347520828247 4.8939571380615234375
22.819536209106445312 24.125326156616210938 22.0981903076171875 22.819536209106445312 22.819536209106445312 21.534151077270507812 29.884326934814453125 37.7692413330078125 31.517648696899414062 22.819536209106445312 22.819536209106445312 27.306066513061523438 27.306066513061523438 22.819536209106445312 6.0257887840270996094 6.0257887840270996094 27.77281951904296875 35.095958709716796875 18.5083770751953125 16.202165603637695312 18.5083770751953125 18.99718475341796875 23.450031280517578125 17.29229736328125 22.0981903076171875 31.517648696899414062 22.0981903076171875 29.587606430053710938 29.863124847412109375 28.96785736083984375 28.805568695068359375 21.534151077270507812 18.2646636962890625 17.037532806396484375 28.091932296752929688 21.534151077270507812 0.051213998347520828247 0.051213998347520828247 0.051213998347520828247 0.051213998347520828247
22.819536209106445312 26.767826080322265625 22.819536209106445312 22.0981903076171875 18.5083770751953125 21.534151077270507812 28.688856124877929688 27.306066513061523438 27.306066513061523438 27.306066513061523438 22.819536209106445312 22.819536209106445312 22.0981903076171875 17.531324386596679688 18.5083770751953125 18.5083770751953125 18.2646636962890625 6.0257887840270996094 27.77281951904296875 18.5083770751953125 27.77281951904296875 6.0257887840270996094 18.99718475341796875 22.0981903076171875 22.0981903076171875 22.0981903076171875 28.805568695068359375 29.587606430053710938 28.805568695068359375 28.96785736083984375 28.805568695068359375 21.534151077270507812 19.660360336303710938 19.660360336303710938 19.660360336303710938 20.753702163696289062 22.0981903076171875 0.051213998347520828247 0.051213998347520828247 0.051213998347520828247
17.531324386596679688 18.5083770751953125 22.819536209106445312 22.819536209106445312 18.5083770751953125 18.5083770751953125 18.5083770751953125 21.534151077270507812 27.306066513061523438 27.306066513061523438 27.306066513061523438 18.5083770751953125 28.688856124877929688 16.202165603637695312 18.5083770751953125 18.5083770751953125 18.2646636962890625 18.99718475341796875 31.232667922973632812 31.232667922973632812 33.841705322265625 18.2646636962890625 18.5083770751953125 22.0981903076171875 18.5083770751953125 15.063814163208007812 27.306066513061523438 18.5083770751953125 29.587606430053710938 29.21590423583984375 18.5083770751953125 28.091932296752929688 20.753702163696289062 21.534151077270507812 22.0981903076171875 13.030999183654785156 28.091932296752929688 28.720167160034179688 0.051213998347520828247 0.051213998347520828247
