Big_Beef/DataInputs30m/o_10_ChemistryPools/1990_Mar2025/N_g_root_2.asc
ncols        345
nrows        426
xllcorner    508536.404131802963
yllcorner    5265678.997906560078
cellsize     30.000000000000
NODATA_value -9999
[rows 270 to 287 of 426, columns 39 to 77 of 345]
3.1561639308929443359 3.1561639308929443359 3.0744600296020507812 3.0744600296020507812 2.8288021087646484375 3.0744600296020507812 0.054900001734495162964 0.054900001734495162964 2.2451639175415039062 2.6299979686737060547 2.8895471096038818359 3.0744600296020507812 3.1644039154052734375 0.0053280000574886798859 0.0053280000574886798859 0.07196000218391418457 3.1132719516754150391 3.1888270378112792969 3.1644039154052734375 2.1129109859466552734 0.054900001734495162964 0.054900001734495162964 0.054900001734495162964 3.1468710899353027344 0.07196000218391418457 0.054900001734495162964 0.87599998712539672852 0.87599998712539672852 0.87599998712539672852 0.87599998712539672852 0.87599998712539672852 0.87599998712539672852 0.87599998712539672852 0.87599998712539672852 0.87599998712539672852 0.87599998712539672852 0.87599998712539672852 0.87599998712539672852 0.87599998712539672852
3.1561639308929443359 3.1561639308929443359 3.0744600296020507812 2.8288021087646484375 2.8288021087646484375 0.054900001734495162964 0.030999999493360519409 0.054900001734495162964 2.1129109859466552734 2.6299979686737060547 2.8895471096038818359 3.0744600296020507812 3.1888270378112792969 2.8895471096038818359 3.1135740280151367188 2.8895471096038818359 3.1132719516754150391 3.1888270378112792969 3.1481170654296875 0.054900001734495162964 0.079700000584125518799 3.1220180988311767578 3.1468710899353027344 3.1888270378112792969 0.054900001734495162964 0.87599998712539672852 0.87599998712539672852 0.87599998712539672852 0.87599998712539672852 0.87599998712539672852 0.87599998712539672852 0.87599998712539672852 0.87599998712539672852 0.87599998712539672852 0.87599998712539672852 0.87599998712539672852 0.87599998712539672852 0.87599998712539672852 0.87599998712539672852
0.07196000218391418457 2.8895471096038818359 2.8288021087646484375 2.8288021087646484375 2.8288021087646484375 3.1622369289398193359 2.8895471096038818359 2.6299979686737060547 3.1622369289398193359 2.6299979686737060547 3.1220180988311767578 3.0744600296020507812 3.1888270378112792969 3.1481170654296875 2.8895471096038818359 2.1129109859466552734 3.1465919017791748047 3.018383026123046875 0.054900001734495162964 0.054900001734495162964 0.054900001734495162964 1.8487420082092285156 0.079700000584125518799 0.054900001734495162964 0.054900001734495162964 0.87599998712539672852 0.87599998712539672852 0.87599998712539672852 0.87599998712539672852 0.87599998712539672852 0.87599998712539672852 0.87599998712539672852 0.87599998712539672852 0.87599998712539672852 0.87599998712539672852 0.87599998712539672852 0.87599998712539672852 0.87599998712539672852 0.87599998712539672852
3.1561639308929443359 2.8895471096038818359 2.8288021087646484375 2.8288021087646484375 3.0259680747985839844 3.1622369289398193359 2.8895471096038818359 2.6299979686737060547 3.1622369289398193359 2.2451639175415039062 3.1060690879821777344 2.1129109859466552734 2.8895471096038818359 3.1888270378112792969 3.1888270378112792969 3.1622369289398193359 2.8895471096038818359 0.079700000584125518799 2.8895471096038818359 2.8895471096038818359 2.8895471096038818359 3.1888270378112792969 0.079700000584125518799 0.079700000584125518799 0.87599998712539672852 0.87599998712539672852 0.87599998712539672852 0.87599998712539672852 0.87599998712539672852 0.87599998712539672852 0.87599998712539672852 0.87599998712539672852 0.87599998712539672852 0.87599998712539672852 0.87599998712539672852 0.87599998712539672852 0.87599998712539672852 0.87599998712539672852 0.87599998712539672852
3.0209031105041503906 3.1441850662231445312 2.2451639175415039062 2.8288021087646484375 2.6299979686737060547 2.1129109859466552734 2.8895471096038818359 2.8895471096038818359 3.1622369289398193359 3.141117095947265625 3.1060690879821777344 3.1220180988311767578 3.1622369289398193359 0.07196000218391418457 3.1676158905029296875 0.079700000584125518799 2.8895471096038818359 0.079700000584125518799 2.1129109859466552734 3.018383026123046875 3.018383026123046875 2.8895471096038818359 0.079700000584125518799 0.87599998712539672852 0.87599998712539672852 0.87599998712539672852 0.87599998712539672852 0.87599998712539672852 0.87599998712539672852 0.87599998712539672852 0.87599998712539672852 0.87599998712539672852 0.87599998712539672852 0.87599998712539672852 0.87599998712539672852 0.87599998712539672852 0.87599998712539672852 0.87599998712539672852 5.3669857978820800781
2.9865860939025878906 3.1441850662231445312 2.8288021087646484375 2.9865860939025878906 2.1129109859466552734 2.1129109859466552734 2.1129109859466552734 2.8895471096038818359 3.1060690879821777344 3.0772418975830078125 3.1060690879821777344 2.8895471096038818359 2.8895471096038818359 2.8895471096038818359 3.1220180988311767578 3.1888270378112792969 0.079700000584125518799 0.079700000584125518799 3.018383026123046875 3.0744600296020507812 0.079700000584125518799 0.079700000584125518799 0.87599998712539672852 0.87599998712539672852 0.87599998712539672852 0.87599998712539672852 0.87599998712539672852 0.87599998712539672852 0.87599998712539672852 0.87599998712539672852 0.87599998712539672852 0.87599998712539672852 0.87599998712539672852 0.87599998712539672852 0.87599998712539672852 0.87599998712539672852 5.3669857978820800781 5.3669857978820800781 5.3669152259826660156
3.0014989376068115234 3.1441850662231445312 3.0744600296020507812 2.9865860939025878906 2.1129109859466552734 3.018383026123046875 2.1129109859466552734 2.1129109859466552734 2.6299979686737060547 3.0772418975830078125 3.0014989376068115234 3.0744600296020507812 2.1129109859466552734 2.8895471096038818359 2.8895471096038818359 0.079700000584125518799 0.079700000584125518799 3.0744600296020507812 3.018383026123046875 0.079700000584125518799 0.079700000584125518799 0.079700000584125518799 0.87599998712539672852 0.87599998712539672852 0.87599998712539672852 0.87599998712539672852 0.87599998712539672852 0.87599998712539672852 0.87599998712539672852 0.87599998712539672852 0.87599998712539672852 0.87599998712539672852 0.07196000218391418457 0.87599998712539672852 0.87599998712539672852 0.87599998712539672852 3.0599749088287353516 5.3678998947143554688 5.3678998947143554688
0.0886000022292137146 0.054900001734495162964 3.1561639308929443359 3.0744600296020507812 2.8895471096038818359 3.018383026123046875 2.1129109859466552734 0.079700000584125518799 3.0014989376068115234 3.1246020793914794922 3.0014989376068115234 3.1220180988311767578 2.1129109859466552734 2.8895471096038818359 2.8895471096038818359 0.079700000584125518799 3.018383026123046875 3.018383026123046875 3.018383026123046875 0.079700000584125518799 0.079700000584125518799 0.87599998712539672852 0.87599998712539672852 0.87599998712539672852 0.87599998712539672852 0.87599998712539672852 0.87599998712539672852 0.87599998712539672852 0.87599998712539672852 0.87599998712539672852 0.87599998712539672852 3.1453509330749511719 0.87599998712539672852 3.0599749088287353516 3.0697679519653320312 3.0697679519653320312 2.4837889671325683594 2.4840400218963623047 5.3671488761901855469
0.0886000022292137146 2.2451639175415039062 3.1561639308929443359 3.0744600296020507812 3.0744600296020507812 2.9962720870971679688 2.9962720870971679688 2.1129109859466552734 3.0744600296020507812 2.9962720870971679688 3.1561639308929443359 1.5965770483016967773 0.054900001734495162964 2.8895471096038818359 3.1888270378112792969 0.079700000584125518799 3.018383026123046875 3.018383026123046875 0.079700000584125518799 0.87599998712539672852 0.87599998712539672852 0.87599998712539672852 0.87599998712539672852 0.87599998712539672852 0.87599998712539672852 0.87599998712539672852 0.87599998712539672852 0.87599998712539672852 0.87599998712539672852 0.87599998712539672852 0.87599998712539672852 0.87599998712539672852 3.0599749088287353516 5.3669857978820800781 5.3680491447448730469 5.3678078651428222656 2.4839498996734619141 5.3671488761901855469 5.3672032356262207031
0.0886000022292137146 2.6299979686737060547 3.1644039154052734375 3.1060690879821777344 2.6299979686737060547 2.9962720870971679688 3.1644039154052734375 2.1129109859466552734 2.6032879352569580078 3.0744600296020507812 0.054900001734495162964 0.054900001734495162964 0.030999999493360519409 0.07196000218391418457 0.079700000584125518799 3.018383026123046875 3.018383026123046875 0.079700000584125518799 0.079700000584125518799 0.87599998712539672852 0.87599998712539672852 0.87599998712539672852 0.87599998712539672852 0.87599998712539672852 0.87599998712539672852 0.87599998712539672852 0.87599998712539672852 0.87599998712539672852 0.87599998712539672852 0.87599998712539672852 0.87599998712539672852 3.0599749088287353516 3.0697679519653320312 0.87599998712539672852 5.3671488761901855469 5.3671488761901855469 2.4840800762176513672 5.3681950569152832031 2.48410797119140625
3.0744600296020507812 3.1561639308929443359 3.1060690879821777344 3.1060690879821777344 2.1129109859466552734 3.1060690879821777344 3.1644039154052734375 3.1419289112091064453 3.0744600296020507812 3.0744600296020507812 0.0886000022292137146 0.030999999493360519409 0.054900001734495162964 0.079700000584125518799 0.079700000584125518799 3.0882050991058349609 0.079700000584125518799 0.079700000584125518799 5.3676509857177734375 0.87599998712539672852 0.87599998712539672852 0.87599998712539672852 0.87599998712539672852 0.87599998712539672852 0.87599998712539672852 0.87599998712539672852 0.87599998712539672852 0.87599998712539672852 0.87599998712539672852 0.87599998712539672852 0.87599998712539672852 0.87599998712539672852 0.87599998712539672852 0.87599998712539672852 0.87599998712539672852 0.85834497213363647461 5.3677740097045898438 5.3677740097045898438 5.3676891326904296875
3.1246020793914794922 3.0744600296020507812 3.1060690879821777344 3.1247029304504394531 3.1247029304504394531 3.1522340774536132812 3.0744600296020507812 3.1644039154052734375 3.1419289112091064453 3.0744600296020507812 0.0886000022292137146 0.0886000022292137146 0.054900001734495162964 0.079700000584125518799 3.1888270378112792969 3.1888270378112792969 0.079700000584125518799 5.3683061599731445312 5.3676509857177734375 0.87599998712539672852 0.87599998712539672852 0.87599998712539672852 0.87599998712539672852 0.87599998712539672852 0.87599998712539672852 0.87599998712539672852 0.87599998712539672852 0.87599998712539672852 0.87599998712539672852 0.87599998712539672852 0.87599998712539672852 0.87599998712539672852 0.87599998712539672852 0.87599998712539672852 0.87599998712539672852 5.3675909042358398438 5.3680491447448730469 5.3678998947143554688 5.3678998947143554688
3.1676158905029296875 3.1888270378112792969 1.2364490032196044922 0.07196000218391418457 0.0886000022292137146 1.2364490032196044922 3.1247029304504394531 3.1888270378112792969 3.1247029304504394531 0.030999999493360519409 0.0886000022292137146 0.0886000022292137146 2.5308170318603515625 0.079700000584125518799 0.079700000584125518799 0.079700000584125518799 0.079700000584125518799 0.85834497213363647461 0.87599998712539672852 0.87599998712539672852 0.87599998712539672852 0.87599998712539672852 0.87599998712539672852 0.87599998712539672852 0.87599998712539672852 0.87599998712539672852 0.87599998712539672852 0.87599998712539672852 0.87599998712539672852 0.87599998712539672852 0.87599998712539672852 0.87599998712539672852 0.87599998712539672852 0.87599998712539672852 5.3671488761901855469 5.3681950569152832031 5.3680491447448730469 5.3678998947143554688 2.48410797119140625
0.0886000022292137146 0.0886000022292137146 0.054900001734495162964 0.0886000022292137146 0.0886000022292137146 0.0886000022292137146 0.0886000022292137146 0.0886000022292137146 0.0886000022292137146 0.0886000022292137146 2.5308170318603515625 3.1135740280151367188 3.1135740280151367188 0.079700000584125518799 0.079700000584125518799 0.079700000584125518799 0.054900001734495162964 0.054900001734495162964 0.87599998712539672852 0.87599998712539672852 0.87599998712539672852 0.87599998712539672852 0.87599998712539672852 0.87599998712539672852 0.87599998712539672852 0.87599998712539672852 0.87599998712539672852 0.87599998712539672852 0.87599998712539672852 0.87599998712539672852 0.87599998712539672852 0.87599998712539672852 0.87599998712539672852 5.3669857978820800781 2.4842219352722167969 5.3680491447448730469 3.0772418975830078125 3.1060690879821777344 3.0772418975830078125
0.0886000022292137146 0.0886000022292137146 0.054900001734495162964 0.0886000022292137146 0.0886000022292137146 0.0886000022292137146 0.079700000584125518799 0.0886000022292137146 0.0886000022292137146 0.0886000022292137146 2.5308170318603515625 3.0772418975830078125 0.054900001734495162964 0.054900001734495162964 0.87599998712539672852 0.87599998712539672852 0.030999999493360519409 0.054900001734495162964 0.054900001734495162964 0.87599998712539672852 0.079700000584125518799 0.87599998712539672852 0.87599998712539672852 0.87599998712539672852 0.87599998712539672852 0.87599998712539672852 0.87599998712539672852 0.87599998712539672852 0.87599998712539672852 0.87599998712539672852 0.87599998712539672852 5.3676509857177734375 5.3671488761901855469 5.3671488761901855469 5.3680491447448730469 5.3680491447448730469 3.0599749088287353516 3.0772418975830078125 3.0772418975830078125
3.1211359500885009766 0.054900001734495162964 0.0886000022292137146 0.079700000584125518799 0.0886000022292137146 0.0886000022292137146 0.079700000584125518799 0.0886000022292137146 0.0886000022292137146 0.030999999493360519409 0.030999999493360519409 0.054900001734495162964 0.054900001734495162964 0.054900001734495162964 0.054900001734495162964 0.079700000584125518799 0.079700000584125518799 0.079700000584125518799 0.054900001734495162964 0.054900001734495162964 0.054900001734495162964 0.87599998712539672852 0.87599998712539672852 0.87599998712539672852 0.87599998712539672852 0.87599998712539672852 0.87599998712539672852 0.87599998712539672852 0.87599998712539672852 0.87599998712539672852 0.87599998712539672852 5.3669857978820800781 5.3671488761901855469 5.3680491447448730469 5.3680491447448730469 5.3677740097045898438 5.3678407669067382812 5.3680491447448730469 2.4838991165161132812
0.054900001734495162964 0.054900001734495162964 0.079700000584125518799 0.079700000584125518799 0.0886000022292137146 0.0886000022292137146 0.054900001734495162964 2.5308170318603515625 0.054900001734495162964 0.030999999493360519409 0.030999999493360519409 0.030999999493360519409 0.030999999493360519409 0.0053280000574886798859 0.87599998712539672852 0.87599998712539672852 0.079700000584125518799 0.079700000584125518799 0.054900001734495162964 0.054900001734495162964 0.87599998712539672852 0.87599998712539672852 0.87599998712539672852 0.87599998712539672852 0.87599998712539672852 0.87599998712539672852 0.87599998712539672852 0.87599998712539672852 5.3681502342224121094 5.3681950569152832031 5.3669857978820800781 5.3680491447448730469 5.3680491447448730469 5.3680491447448730469 5.3680491447448730469 5.3677740097045898438 5.3678407669067382812 5.3678407669067382812 5.3672308921813964844
0.0886000022292137146 0.054900001734495162964 0.0886000022292137146 0.0886000022292137146 0.07196000218391418457 0.07196000218391418457 0.030999999493360519409 0.054900001734495162964 0.030999999493360519409 0.030999999493360519409 0.054900001734495162964 0.054900001734495162964 0.054900001734495162964 0.079700000584125518799 0.079700000584125518799 0.054900001734495162964 0.054900001734495162964 0.054900001734495162964 0.054900001734495162964 0.054900001734495162964 0.87599998712539672852 0.87599998712539672852 0.87599998712539672852 0.87599998712539672852 0.87599998712539672852 0.87599998712539672852 0.87599998712539672852 0.87599998712539672852 0.87599998712539672852 5.3671488761901855469 5.3671488761901855469 5.3680491447448730469 5.3678998947143554688 5.3678998947143554688 5.3678407669067382812 5.3683061599731445312 5.3681950569152832031 5.3672308921813964844 1.2364490032196044922
