Big_Beef/DataInputs30m/o_10_ChemistryPools/1990_Mar2025/N_g_Det_root_2.asc
ncols        345
nrows        426
xllcorner    508536.404131802963
yllcorner    5265678.997906560078
cellsize     30.000000000000
NODATA_value -9999
[rows 324 to 341 of 426, columns 240 to 279 of 345]
0.34219801425933837891 2.8396248817443847656 0.34219801425933837891 0.34219801425933837891 0.34219801425933837891 2.7739019393920898438 2.6143009662628173828 6.3340001106262207031 11.152956008911132812 2.6049299240112304688 2.6049299240112304688 2.8158359527587890625 4.655792236328125 2.8331720829010009766 2.7017710208892822266 2.7670600414276123047 3.7726070880889892578 6.3340001106262207031 5.3200001716613769531 2.7207510471343994141 3.3947350978851318359 6.3340001106262207031 5.3200001716613769531 5.3200001716613769531 3.1529929637908935547 3.5603430271148681641 10.133999824523925781 6.3340001106262207031 13.405279159545898438 6.3340001106262207031 13.080742835998535156 2.7571270465850830078 2.7832241058349609375 2.7832241058349609375 2.6116049289703369141 5.3200001716613769531 4.655792236328125 2.7766060829162597656 4.655792236328125 4.655792236328125
2.6111021041870117188 0.34219801425933837891 0.34219801425933837891 0.34219801425933837891 2.6556959152221679688 2.6143009662628173828 2.7739019393920898438 6.3340001106262207031 6.3340001106262207031 2.6049299240112304688 2.7739019393920898438 2.7017710208892822266 2.7017710208892822266 2.7868750095367431641 2.7670600414276123047 2.85015106201171875 2.7670600414276123047 2.85015106201171875 2.8182849884033203125 2.8238990306854248047 2.8039059638977050781 6.3340001106262207031 6.3340001106262207031 6.3340001106262207031 13.819223403930664062 5.3200001716613769531 5.3200001716613769531 6.3340001106262207031 13.405279159545898438 6.3340001106262207031 6.3340001106262207031 2.8131620883941650391 2.7160229682922363281 2.7766060829162597656 2.7766060829162597656 6.3340001106262207031 3.0810370445251464844 4.655792236328125 2.6116049289703369141 5.3200001716613769531
0.34219801425933837891 0.34219801425933837891 0.34219801425933837891 0.34219801425933837891 2.8331720829010009766 2.7739019393920898438 2.6143009662628173828 2.7670600414276123047 2.7766060829162597656 2.7670600414276123047 2.7670600414276123047 2.8093729019165039062 2.7670600414276123047 2.7739019393920898438 2.7739019393920898438 2.8215320110321044922 2.8093729019165039062 0.34219801425933837891 0.34219801425933837891 0.34219801425933837891 0.34219801425933837891 3.6067769527435302734 10.133999824523925781 6.3340001106262207031 6.3340001106262207031 6.3340001106262207031 10.133999824523925781 6.3340001106262207031 13.687618255615234375 13.7541961669921875 3.5509550571441650391 2.7160229682922363281 4.655792236328125 2.8768351078033447266 0.34219801425933837891 2.7766060829162597656 2.7766060829162597656 4.655792236328125 6.3340001106262207031 6.3340001106262207031
0.34219801425933837891 0.34219801425933837891 0.34219801425933837891 0.34219801425933837891 0.34219801425933837891 2.7739019393920898438 2.6143009662628173828 2.7670600414276123047 2.7911360263824462891 2.7517640590667724609 0.34219801425933837891 0.34219801425933837891 2.6556959152221679688 0.34219801425933837891 0.34219801425933837891 0.34219801425933837891 0.34219801425933837891 0.34219801425933837891 0.34219801425933837891 0.34219801425933837891 3.6067769527435302734 5.3200001716613769531 14.694000244140625 6.3340001106262207031 5.3200001716613769531 6.3340001106262207031 6.3340001106262207031 6.3340001106262207031 6.3340001106262207031 3.5965828895568847656 3.5337679386138916016 5.3200001716613769531 4.655792236328125 2.8533580303192138672 2.8533580303192138672 0.34219801425933837891 2.7766060829162597656 4.655792236328125 4.655792236328125 2.8215320110321044922
0.34219801425933837891 0.34219801425933837891 0.34219801425933837891 0.34219801425933837891 0.34219801425933837891 0.34219801425933837891 0.34219801425933837891 0.34219801425933837891 0.34219801425933837891 0.34219801425933837891 0.34219801425933837891 0.34219801425933837891 0.34219801425933837891 0.34219801425933837891 0.34219801425933837891 0.34219801425933837891 0.34219801425933837891 0.34219801425933837891 0.34219801425933837891 0.34219801425933837891 3.6067769527435302734 0.34219801425933837891 5.3200001716613769531 3.5603430271148681641 3.5603430271148681641 3.5603430271148681641 2.7760140895843505859 2.8238990306854248047 5.3200001716613769531 6.3340001106262207031 5.3200001716613769531 2.8055260181427001953 0.34219801425933837891 0.34219801425933837891 0.34219801425933837891 2.7017710208892822266 2.6274731159210205078 2.7873089313507080078 2.8215320110321044922 2.8768351078033447266
0.34219801425933837891 0.34219801425933837891 0.34219801425933837891 0.34219801425933837891 0.34219801425933837891 0.34219801425933837891 0.34219801425933837891 0.34219801425933837891 0.34219801425933837891 0.34219801425933837891 0.34219801425933837891 0.34219801425933837891 0.34219801425933837891 0.34219801425933837891 0.34219801425933837891 0.34219801425933837891 0.34219801425933837891 0.34219801425933837891 0.34219801425933837891 0.34219801425933837891 0.34219801425933837891 2.85015106201171875 13.080742835998535156 5.3200001716613769531 2.85015106201171875 2.85015106201171875 2.85015106201171875 2.85015106201171875 10.133999824523925781 3.5337679386138916016 6.3340001106262207031 2.8268489837646484375 0.34219801425933837891 2.7857110500335693359 2.7953391075134277344 2.7517640590667724609 2.7714529037475585938 2.7714529037475585938 2.8973009586334228516 2.8215320110321044922
0.34219801425933837891 0.34219801425933837891 0.34219801425933837891 0.34219801425933837891 0.34219801425933837891 0.34219801425933837891 0.34219801425933837891 0.34219801425933837891 0.34219801425933837891 0.34219801425933837891 0.34219801425933837891 0.34219801425933837891 0.34219801425933837891 0.34219801425933837891 0.34219801425933837891 0.34219801425933837891 0.34219801425933837891 0.34219801425933837891 0.34219801425933837891 0.34219801425933837891 13.080742835998535156 2.8223919868469238281 2.7711839675903320312 2.8973009586334228516 6.3340001106262207031 6.3340001106262207031 6.3340001106262207031 5.3200001716613769531 6.3340001106262207031 6.3340001106262207031 0.34219801425933837891 2.8039059638977050781 2.85015106201171875 2.7857110500335693359 2.8238990306854248047 2.8182849884033203125 2.80811309814453125 3.5817530155181884766 2.8973009586334228516 2.8194921016693115234
0.34219801425933837891 0.34219801425933837891 0.34219801425933837891 0.34219801425933837891 0.34219801425933837891 0.34219801425933837891 0.34219801425933837891 0.34219801425933837891 0.34219801425933837891 0.34219801425933837891 0.34219801425933837891 0.34219801425933837891 0.34219801425933837891 0.34219801425933837891 0.34219801425933837891 0.34219801425933837891 0.34219801425933837891 0.34219801425933837891 0.34219801425933837891 5.3200001716613769531 3.5965828895568847656 14.751008033752441406 2.8973009586334228516 2.8238990306854248047 6.3340001106262207031 13.080742835998535156 10.133999824523925781 10.133999824523925781 2.8055260181427001953 2.8039059638977050781 6.3340001106262207031 2.7857110500335693359 5.3200001716613769531 2.7953391075134277344 2.8182849884033203125 2.8182849884033203125 2.8055260181427001953 6.3340001106262207031 2.7484428882598876953 2.7714529037475585938
0.34219801425933837891 0.34219801425933837891 0.34219801425933837891 0.34219801425933837891 2.7509338855743408203 2.8187670707702636719 0.34219801425933837891 0.34219801425933837891 0.34219801425933837891 0.34219801425933837891 0.34219801425933837891 0.34219801425933837891 0.34219801425933837891 0.34219801425933837891 0.34219801425933837891 0.34219801425933837891 0.34219801425933837891 0.34219801425933837891 2.7714529037475585938 5.3200001716613769531 2.8223919868469238281 2.8223919868469238281 2.85015106201171875 5.3200001716613769531 3.5603430271148681641 6.3340001106262207031 5.3200001716613769531 2.7857110500335693359 2.85015106201171875 2.8307590484619140625 2.7908170223236083984 5.3200001716613769531 2.7783150672912597656 2.7953391075134277344 2.8039059638977050781 2.8182849884033203125 5.3200001716613769531 3.5603430271148681641 6.3340001106262207031 2.80811309814453125
2.8027720451354980469 0.34219801425933837891 0.34219801425933837891 2.7953391075134277344 2.8401188850402832031 2.8187670707702636719 2.7953391075134277344 2.8187670707702636719 2.8187670707702636719 2.8187670707702636719 0.34219801425933837891 0.34219801425933837891 0.34219801425933837891 0.34219801425933837891 0.34219801425933837891 0.34219801425933837891 0.34219801425933837891 0.34219801425933837891 2.7783150672912597656 2.7953391075134277344 2.8238990306854248047 2.8238990306854248047 2.8238990306854248047 3.5603430271148681641 10.133999824523925781 5.3200001716613769531 2.85015106201171875 2.8238990306854248047 2.8238990306854248047 2.7760140895843505859 5.3200001716613769531 2.7953391075134277344 2.8268489837646484375 2.8331720829010009766 2.8055260181427001953 2.7714529037475585938 2.85015106201171875 3.5603430271148681641 2.7908170223236083984 2.7688701152801513672
2.7953391075134277344 2.7953391075134277344 0.34219801425933837891 0.34219801425933837891 0.34219801425933837891 0.34219801425933837891 0.34219801425933837891 0.34219801425933837891 2.8187670707702636719 2.7858579158782958984 0.34219801425933837891 2.8187670707702636719 0.34219801425933837891 0.34219801425933837891 0.34219801425933837891 3.6067769527435302734 5.3200001716613769531 2.8055260181427001953 2.8182849884033203125 2.8055260181427001953 2.8182849884033203125 2.8238990306854248047 6.3340001106262207031 3.5603430271148681641 3.6998579502105712891 2.85015106201171875 2.8238990306854248047 2.8055260181427001953 2.8182849884033203125 2.7760140895843505859 2.8307590484619140625 5.3200001716613769531 2.7801609039306640625 2.8039059638977050781 2.7714529037475585938 2.7714529037475585938 2.8307590484619140625 2.7908170223236083984 3.4950509071350097656 2.8307590484619140625
2.8401188850402832031 2.7953391075134277344 0.34219801425933837891 0.34219801425933837891 0.34219801425933837891 0.34219801425933837891 0.34219801425933837891 0.34219801425933837891 2.8401188850402832031 2.8187670707702636719 2.7858579158782958984 2.7857110500335693359 13.835915565490722656 5.3200001716613769531 3.7334969043731689453 2.7688701152801513672 2.8182849884033203125 2.7858579158782958984 3.7857830524444580078 5.3200001716613769531 2.8307590484619140625 2.7908170223236083984 2.85015106201171875 2.8055260181427001953 13.01416015625 6.3340001106262207031 2.7714529037475585938 2.8039059638977050781 2.8055260181427001953 2.8307590484619140625 2.8220999240875244141 2.8307590484619140625 2.8307590484619140625 2.8238990306854248047 2.8307590484619140625 2.7688701152801513672 2.8973009586334228516 2.8294041156768798828 2.8039059638977050781 2.8182849884033203125
2.7953391075134277344 2.7953391075134277344 2.7953391075134277344 0.34219801425933837891 0.34219801425933837891 0.34219801425933837891 0.34219801425933837891 0.34219801425933837891 0.34219801425933837891 2.6111021041870117188 2.7857110500335693359 2.7858579158782958984 2.8182849884033203125 2.7688701152801513672 2.8238990306854248047 2.7688701152801513672 2.7688701152801513672 2.7783150672912597656 2.7857110500335693359 2.7857110500335693359 2.8538570404052734375 2.7629249095916748047 2.7711839675903320312 2.85015106201171875 3.4950509071350097656 2.8238990306854248047 2.8331720829010009766 2.8039059638977050781 2.7936120033264160156 2.7714529037475585938 2.8039059638977050781 2.8307590484619140625 2.7908170223236083984 2.7908170223236083984 2.8307590484619140625 2.8307590484619140625 2.8055260181427001953 2.8171100616455078125 2.8268489837646484375 2.8039679527282714844
2.7858579158782958984 0.34219801425933837891 0.34219801425933837891 0.34219801425933837891 0.34219801425933837891 0.34219801425933837891 0.34219801425933837891 0.34219801425933837891 0.34219801425933837891 0.34219801425933837891 2.8039059638977050781 2.8055260181427001953 2.7688701152801513672 2.85015106201171875 2.85015106201171875 2.85015106201171875 6.3340001106262207031 2.8187670707702636719 2.7934710979461669922 5.3200001716613769531 2.7766060829162597656 2.8238990306854248047 2.8238990306854248047 2.8307590484619140625 5.3200001716613769531 2.7857110500335693359 2.7688701152801513672 2.8039059638977050781 2.8268489837646484375 2.8396248817443847656 2.8396248817443847656 2.7953391075134277344 2.85015106201171875 2.7953391075134277344 2.85015106201171875 2.8039059638977050781 2.8039059638977050781 2.7911360263824462891 2.8039679527282714844 2.8039679527282714844
2.8039679527282714844 0.34219801425933837891 0.34219801425933837891 0.34219801425933837891 0.34219801425933837891 0.34219801425933837891 0.34219801425933837891 0.34219801425933837891 0.34219801425933837891 2.8039059638977050781 2.8055260181427001953 2.7748630046844482422 2.8039059638977050781 2.7760140895843505859 2.7908170223236083984 5.3200001716613769531 2.7207510471343994141 3.5603430271148681641 2.7857110500335693359 6.3340001106262207031 2.8973009586334228516 2.85015106201171875 2.85015106201171875 2.7908170223236083984 2.7908170223236083984 2.85015106201171875 2.7858579158782958984 2.8039059638977050781 2.8268489837646484375 2.8268489837646484375 2.8396248817443847656 2.7607119083404541016 2.8268489837646484375 2.8093729019165039062 2.7739019393920898438 2.7936120033264160156 2.7936120033264160156 2.8039059638977050781 2.8307590484619140625 2.7936120033264160156
0.34219801425933837891 0.34219801425933837891 0.34219801425933837891 0.34219801425933837891 0.34219801425933837891 0.34219801425933837891 0.34219801425933837891 0.34219801425933837891 2.8307590484619140625 2.8131620883941650391 2.7858579158782958984 2.8039059638977050781 2.8039059638977050781 2.7760140895843505859 2.8182849884033203125 5.3200001716613769531 3.3992578983306884766 13.080742835998535156 5.3200001716613769531 0.34219801425933837891 0.34219801425933837891 0.34219801425933837891 2.8307590484619140625 2.7798221111297607422 2.8307590484619140625 2.8307590484619140625 2.8154549598693847656 2.7857110500335693359 2.7936120033264160156 2.7936120033264160156 2.7936120033264160156 2.8055260181427001953 2.8117499351501464844 2.8039059638977050781 2.8039059638977050781 2.8294041156768798828 2.7936120033264160156 2.7936120033264160156 2.7936120033264160156 2.7936120033264160156
0.34219801425933837891 0.34219801425933837891 0.34219801425933837891 0.34219801425933837891 0.34219801425933837891 0.34219801425933837891 0.34219801425933837891 2.7711839675903320312 2.8182849884033203125 2.8182849884033203125 2.8182849884033203125 2.8223919868469238281 2.8055260181427001953 10.133999824523925781 13.01416015625 6.3340001106262207031 2.85015106201171875 0.34219801425933837891 0.34219801425933837891 2.8220999240875244141 2.8039059638977050781 2.8055260181427001953 2.8220999240875244141 2.8307590484619140625 2.8154549598693847656 2.8055260181427001953 2.8039679527282714844 2.7627949714660644531 2.8268489837646484375 2.8396248817443847656 2.7936120033264160156 2.8307590484619140625 2.8268489837646484375 2.8484869003295898438 2.7607119083404541016 2.8331720829010009766 2.7936120033264160156 2.7936120033264160156 2.8039059638977050781 2.7936120033264160156
0.34219801425933837891 0.34219801425933837891 0.34219801425933837891 0.34219801425933837891 0.34219801425933837891 0.34219801425933837891 0.34219801425933837891 2.8396248817443847656 2.7688701152801513672 2.7688701152801513672 2.8182849884033203125 2.8238990306854248047 10.133999824523925781 13.080742835998535156 10.133999824523925781 13.080742835998535156 2.8055260181427001953 2.85015106201171875 5.3200001716613769531 3.5787200927734375 2.8039059638977050781 2.85015106201171875 2.85015106201171875 2.8307590484619140625 2.8039059638977050781 2.8039059638977050781 2.8039059638977050781 2.8396248817443847656 2.7808110713958740234 2.8268489837646484375 2.8509860038757324219 2.8307590484619140625 2.8039679527282714844 2.8039679527282714844 2.8307590484619140625 2.8331720829010009766 2.7936120033264160156 2.7936120033264160156 2.7936120033264160156 2.7936120033264160156
