Big_Beef/DataInputs30m/o_10_ChemistryPools/1990_Mar2025/N_g_Det_BgStem_3.asc
ncols        345
nrows        426
xllcorner    508536.404131802963
yllcorner    5265678.997906560078
cellsize     30.000000000000
NODATA_value -9999
[rows 374 to 390 of 426, columns 273 to 311 of 345]
0.21193100512027740479 0.26871401071548461914 0.2403309941291809082 0.2403309941291809082 0.18081800639629364014 0.27754899859428405762 0.18081800639629364014 0.22727799415588378906 0.22727799415588378906 0.18081800639629364014 0.29925200343132019043 0.22031100094318389893 0.33199998736381530762 0.22727799415588378906 0.33199998736381530762 0.33199998736381530762 0.32865500450134277344 0.2403309941291809082 0.33199998736381530762 0.33199998736381530762 0.33199998736381530762 0.33199998736381530762 0.33199998736381530762 0.33199998736381530762 0.33199998736381530762 0.33199998736381530762 0.73960298299789428711 0.19076099991798400879 0.19076099991798400879 0.19076099991798400879 0.26001700758934020996 0.18446099758148193359 0.18446099758148193359 0.2823689877986907959 0.66500002145767211914 0.18725399672985076904 0.71951901912689208984 0.46599999070167541504 0.2403309941291809082
0.18794299662113189697 0.22031100094318389893 0.18274700641632080078 0.18081800639629364014 0.27754899859428405762 0.22727799415588378906 0.30458098649978637695 0.22727799415588378906 0.22727799415588378906 0.22727799415588378906 0.27754899859428405762 0.22031100094318389893 0.32865500450134277344 0.32865500450134277344 0.32865500450134277344 0.32865500450134277344 0.35924500226974487305 0.2403309941291809082 0.22031100094318389893 0.33199998736381530762 0.33199998736381530762 0.33199998736381530762 0.33199998736381530762 0.33199998736381530762 0.33199998736381530762 0.27754899859428405762 0.27754899859428405762 0.33199998736381530762 0.21193100512027740479 0.21193100512027740479 0.22727799415588378906 0.22727799415588378906 0.22031100094318389893 0.88700002431869506836 0.66500002145767211914 0.2823689877986907959 0.2823689877986907959 0.46599999070167541504 0.30990201234817504883
0.26871401071548461914 0.22031100094318389893 0.18440000712871551514 0.22249500453472137451 0.18604199588298797607 0.22031100094318389893 0.30458098649978637695 0.2823689877986907959 0.2823689877986907959 0.29925200343132019043 0.22031100094318389893 0.22031100094318389893 0.32865500450134277344 0.29925200343132019043 0.29925200343132019043 0.29925200343132019043 0.18207700550556182861 0.17196699976921081543 0.22031100094318389893 0.33199998736381530762 0.33199998736381530762 0.33199998736381530762 0.33199998736381530762 0.33199998736381530762 0.33199998736381530762 0.32865500450134277344 0.33199998736381530762 0.27754899859428405762 0.26001700758934020996 0.22727799415588378906 0.27754899859428405762 0.66500002145767211914 0.66500002145767211914 0.66500002145767211914 0.2823689877986907959 0.34264698624610900879 0.18725399672985076904 0.29367101192474365234 0.22727799415588378906
0.18081800639629364014 0.18081800639629364014 0.22727799415588378906 0.37623000144958496094 0.22031100094318389893 0.22031100094318389893 0.34264698624610900879 0.19334100186824798584 0.22727799415588378906 0.22727799415588378906 0.22727799415588378906 0.18081800639629364014 0.22727799415588378906 0.18301999568939208984 0.22727799415588378906 0.18301999568939208984 0.18301999568939208984 0.17196699976921081543 0.1590079963207244873 0.22031100094318389893 0.22031100094318389893 0.32865500450134277344 0.33199998736381530762 0.27754899859428405762 0.33199998736381530762 0.33199998736381530762 0.33199998736381530762 0.27754899859428405762 0.27754899859428405762 0.42562401294708251953 0.19076099991798400879 0.66500002145767211914 0.2823689877986907959 0.20615999400615692139 0.18685199320316314697 0.22727799415588378906 0.18621699512004852295 0.29367101192474365234 0.19823500514030456543
0.18081800639629364014 0.18301999568939208984 0.22727799415588378906 0.22727799415588378906 0.18604199588298797607 0.29367101192474365234 0.18301999568939208984 0.22727799415588378906 0.22727799415588378906 0.22727799415588378906 0.22727799415588378906 0.22727799415588378906 0.22727799415588378906 0.22727799415588378906 0.22727799415588378906 0.22727799415588378906 0.22727799415588378906 0.18207700550556182861 0.16280700266361236572 0.16280700266361236572 0.16549700498580932617 0.18725399672985076904 0.27754899859428405762 0.27754899859428405762 0.27754899859428405762 0.27754899859428405762 0.33199998736381530762 0.27754899859428405762 0.42562401294708251953 0.65512299537658691406 0.66500002145767211914 0.20596599578857421875 0.20596599578857421875 0.20596599578857421875 0.2823689877986907959 0.22727799415588378906 0.22727799415588378906 0.2823689877986907959 0.18685199320316314697
0.19173200428485870361 0.1978130042552947998 0.22727799415588378906 0.18446099758148193359 0.18604199588298797607 0.22727799415588378906 0.18301999568939208984 0.2823689877986907959 0.22727799415588378906 0.37623000144958496094 0.22727799415588378906 0.18301999568939208984 0.18301999568939208984 0.22727799415588378906 0.18301999568939208984 0.18301999568939208984 0.22727799415588378906 0.18301999568939208984 0.47034999728202819824 0.52355301380157470703 0.16280700266361236572 0.26871401071548461914 0.26871401071548461914 0.2823689877986907959 0.22031100094318389893 0.27754899859428405762 0.32865500450134277344 0.27754899859428405762 0.27754899859428405762 0.66500002145767211914 0.18440000712871551514 0.20596599578857421875 0.18685199320316314697 0.22727799415588378906 0.19823500514030456543 0.19823500514030456543 0.2823689877986907959 0.19823500514030456543 0.22727799415588378906
0.19173200428485870361 0.22727799415588378906 0.22727799415588378906 0.18621699512004852295 0.18621699512004852295 0.22727799415588378906 0.18301999568939208984 0.2823689877986907959 0.22727799415588378906 0.18301999568939208984 0.22727799415588378906 0.22727799415588378906 0.18301999568939208984 0.22727799415588378906 0.22727799415588378906 0.37623000144958496094 0.22727799415588378906 0.22727799415588378906 0.35924500226974487305 0.51037502288818359375 0.55500000715255737305 0.66500002145767211914 0.2403309941291809082 0.26871401071548461914 0.18274700641632080078 0.51102900505065917969 0.27754899859428405762 0.35924500226974487305 0.27754899859428405762 0.26001700758934020996 0.18160800635814666748 0.22727799415588378906 0.22727799415588378906 0.22727799415588378906 0.2823689877986907959 0.2823689877986907959 0.19823500514030456543 0.19823500514030456543 0.18685199320316314697
0.18301999568939208984 0.18301999568939208984 0.22727799415588378906 0.18301999568939208984 0.22727799415588378906 0.22727799415588378906 0.2823689877986907959 0.22727799415588378906 0.22727799415588378906 0.22727799415588378906 0.18301999568939208984 0.22727799415588378906 0.22727799415588378906 0.27294299006462097168 0.18301999568939208984 0.20472000539302825928 0.18301999568939208984 0.20472000539302825928 0.35924500226974487305 0.19089500606060028076 0.22031100094318389893 0.66500002145767211914 0.66500002145767211914 0.66500002145767211914 0.66500002145767211914 0.2823689877986907959 0.22031100094318389893 0.26871401071548461914 0.27754899859428405762 0.42562401294708251953 0.2823689877986907959 0.18685199320316314697 0.18685199320316314697 0.19823500514030456543 0.19823500514030456543 0.19823500514030456543 0.2823689877986907959 0.19823500514030456543 0.18685199320316314697
0.18301999568939208984 0.22727799415588378906 0.22727799415588378906 0.18301999568939208984 0.37623000144958496094 0.18301999568939208984 0.18301999568939208984 0.18301999568939208984 0.22727799415588378906 0.22727799415588378906 0.18301999568939208984 0.18160800635814666748 0.18301999568939208984 0.27294299006462097168 0.20472000539302825928 0.20472000539302825928 0.20472000539302825928 0.20472000539302825928 0.20472000539302825928 0.20472000539302825928 0.20472000539302825928 0.22727799415588378906 0.22727799415588378906 0.66500002145767211914 0.66500002145767211914 0.2823689877986907959 0.27754899859428405762 0.27754899859428405762 0.27754899859428405762 0.2823689877986907959 0.20596599578857421875 0.2823689877986907959 0.19823500514030456543 0.19823500514030456543 0.19823500514030456543 0.19823500514030456543 0.2823689877986907959 0.18685199320316314697 0.22727799415588378906
0.37623000144958496094 0.22727799415588378906 0.18301999568939208984 0.18685199320316314697 0.2823689877986907959 0.18301999568939208984 0.18301999568939208984 0.070477999746799468994 0.070477999746799468994 0.070477999746799468994 0.070477999746799468994 0.070477999746799468994 0.070477999746799468994 0.19823500514030456543 0.20472000539302825928 0.20472000539302825928 0.070477999746799468994 0.070477999746799468994 0.070477999746799468994 0.20472000539302825928 0.20472000539302825928 0.18301999568939208984 0.22727799415588378906 0.66500002145767211914 0.66500002145767211914 0.2823689877986907959 0.27754899859428405762 0.35924500226974487305 0.21193100512027740479 0.20596599578857421875 0.2823689877986907959 0.2823689877986907959 0.19823500514030456543 0.19823500514030456543 0.23357300460338592529 0.2823689877986907959 0.19823500514030456543 0.19823500514030456543 0.18685199320316314697
0.37623000144958496094 0.37623000144958496094 0.22727799415588378906 0.18301999568939208984 0.18685199320316314697 0.18685199320316314697 0.22727799415588378906 0.070477999746799468994 0.070477999746799468994 0.070477999746799468994 0.070477999746799468994 0.070477999746799468994 0.070477999746799468994 0.37623000144958496094 0.20472000539302825928 0.070477999746799468994 0.070477999746799468994 0.20472000539302825928 0.070477999746799468994 0.20472000539302825928 0.73960298299789428711 0.22727799415588378906 0.22727799415588378906 0.66500002145767211914 0.66500002145767211914 0.2823689877986907959 0.35924500226974487305 0.22727799415588378906 0.27754899859428405762 0.2823689877986907959 0.19823500514030456543 0.22727799415588378906 0.2823689877986907959 0.19823500514030456543 0.18685199320316314697 0.19823500514030456543 0.2823689877986907959 0.18685199320316314697 0.18685199320316314697
0.37623000144958496094 0.2823689877986907959 0.19823500514030456543 0.18685199320316314697 0.18685199320316314697 0.18301999568939208984 0.070477999746799468994 0.070477999746799468994 0.070477999746799468994 0.070477999746799468994 0.070477999746799468994 0.18301999568939208984 0.18301999568939208984 0.20472000539302825928 0.20472000539302825928 0.070477999746799468994 0.070477999746799468994 0.20472000539302825928 0.20472000539302825928 0.20472000539302825928 0.20472000539302825928 0.20472000539302825928 0.37623000144958496094 0.73960298299789428711 0.35924500226974487305 0.66500002145767211914 0.2823689877986907959 0.27754899859428405762 0.20596599578857421875 0.2823689877986907959 0.2823689877986907959 0.29925200343132019043 0.19823500514030456543 0.2823689877986907959 0.18685199320316314697 0.19823500514030456543 0.19823500514030456543 0.18685199320316314697 0.19823500514030456543
0.18301999568939208984 0.22727799415588378906 0.18685199320316314697 0.18685199320316314697 0.070477999746799468994 0.070477999746799468994 0.070477999746799468994 0.070477999746799468994 0.070477999746799468994 0.070477999746799468994 0.070477999746799468994 0.18301999568939208984 0.18301999568939208984 0.18301999568939208984 0.30990201234817504883 0.37623000144958496094 0.20472000539302825928 0.19823500514030456543 0.20472000539302825928 0.20472000539302825928 0.20472000539302825928 0.18301999568939208984 0.2823689877986907959 0.2823689877986907959 0.22031100094318389893 0.66500002145767211914 0.18274700641632080078 0.22727799415588378906 0.20596599578857421875 0.2823689877986907959 0.23357300460338592529 0.2823689877986907959 0.18685199320316314697 0.2823689877986907959 0.19823500514030456543 0.19823500514030456543 0.19823500514030456543 0.19823500514030456543 0.18685199320316314697
0.18685199320316314697 0.18081800639629364014 0.18081800639629364014 0.19823500514030456543 0.070477999746799468994 0.070477999746799468994 0.070477999746799468994 0.070477999746799468994 0.070477999746799468994 0.070477999746799468994 0.18301999568939208984 0.18301999568939208984 0.37623000144958496094 0.18301999568939208984 0.20472000539302825928 0.20472000539302825928 0.20472000539302825928 0.20472000539302825928 0.20472000539302825928 0.20472000539302825928 0.20472000539302825928 0.18301999568939208984 0.22727799415588378906 0.22727799415588378906 0.27754899859428405762 0.66500002145767211914 0.18274700641632080078 0.20596599578857421875 0.2823689877986907959 0.19823500514030456543 0.19823500514030456543 0.2823689877986907959 0.19823500514030456543 0.2823689877986907959 0.2823689877986907959 0.19823500514030456543 0.18685199320316314697 0.27754899859428405762 0.20495100319385528564
0.19173200428485870361 0.20291599631309509277 0.18814100325107574463 0.070477999746799468994 0.070477999746799468994 0.070477999746799468994 0.070477999746799468994 0.070477999746799468994 0.070477999746799468994 0.27754899859428405762 0.22727799415588378906 0.37623000144958496094 0.18301999568939208984 0.18301999568939208984 0.20472000539302825928 0.37623000144958496094 0.070477999746799468994 0.73960298299789428711 0.20472000539302825928 0.20472000539302825928 0.20472000539302825928 0.73960298299789428711 0.22727799415588378906 0.22727799415588378906 0.66500002145767211914 0.66500002145767211914 0.66500002145767211914 0.66500002145767211914 0.20596599578857421875 0.2823689877986907959 0.19823500514030456543 0.19823500514030456543 0.2823689877986907959 0.19823500514030456543 0.2823689877986907959 0.2823689877986907959 0.19823500514030456543 0.27754899859428405762 0.27754899859428405762
0.19173200428485870361 0.18081800639629364014 0.070477999746799468994 0.070477999746799468994 0.070477999746799468994 0.18301999568939208984 0.070477999746799468994 0.070477999746799468994 0.22727799415588378906 0.22727799415588378906 0.18301999568939208984 0.37623000144958496094 0.18301999568939208984 0.18301999568939208984 0.18301999568939208984 0.070477999746799468994 0.73960298299789428711 0.20472000539302825928 0.20472000539302825928 0.20472000539302825928 0.20472000539302825928 0.20472000539302825928 0.19823500514030456543 0.18301999568939208984 0.2823689877986907959 0.66500002145767211914 0.66500002145767211914 0.18081800639629364014 0.27754899859428405762 0.2823689877986907959 0.19823500514030456543 0.19823500514030456543 0.2823689877986907959 0.18685199320316314697 0.19823500514030456543 0.27754899859428405762 0.18685199320316314697 0.20611099898815155029 0.19823500514030456543
0.22727799415588378906 0.070477999746799468994 0.070477999746799468994 0.070477999746799468994 0.070477999746799468994 0.37623000144958496094 0.42562401294708251953 0.42562401294708251953 0.27754899859428405762 0.18301999568939208984 0.18301999568939208984 0.18301999568939208984 0.18301999568939208984 0.18301999568939208984 0.18301999568939208984 0.29925200343132019043 0.37623000144958496094 0.18301999568939208984 0.20472000539302825928 0.20472000539302825928 0.20472000539302825928 0.19823500514030456543 0.19823500514030456543 0.73960298299789428711 0.66500002145767211914 0.66500002145767211914 0.18274700641632080078 0.18446099758148193359 0.27754899859428405762 0.19823500514030456543 0.19823500514030456543 0.26001700758934020996 0.2823689877986907959 0.30458098649978637695 0.30458098649978637695 0.18685199320316314697 0.27754899859428405762 0.27754899859428405762 0.20596599578857421875
