Big_Beef/DataInputs30m/o_10_ChemistryPools/1990_Mar2025/N_g_AgStem.asc
ncols        345
nrows        426
xllcorner    508536.404131802963
yllcorner    5265678.997906560078
cellsize     30.000000000000
NODATA_value -9999
[rows 18 to 35 of 426, columns 240 to 279 of 345]
0.065600000321865081787 0.059000000357627868652 0.059000000357627868652 0.059000000357627868652 0.065600000321865081787 0.065600000321865081787 0.065600000321865081787 0.040699999779462814331 0.040699999779462814331 0.040699999779462814331 0.059000000357627868652 0.059000000357627868652 0.80034297704696655273 0.059000000357627868652 16.202165603637695312 29.8600006103515625 29.8600006103515625 29.8600006103515625 29.8600006103515625 29.8600006103515625 29.8600006103515625 29.8600006103515625 29.8600006103515625 0.80034297704696655273 0.059000000357627868652 0.059000000357627868652 24.718328475952148438 24.125326156616210938 16.202165603637695312 21.162641525268554688 24.26595306396484375 28.091932296752929688 32.4598236083984375 0.065600000321865081787 0.065600000321865081787 8.8190851211547851562 32.290008544921875 0.059000000357627868652 11.94118499755859375 10.242952346801757812
0.023000000044703483582 0.040699999779462814331 0.040699999779462814331 0.040699999779462814331 0.065600000321865081787 29.8600006103515625 0.065600000321865081787 0.065600000321865081787 0.065600000321865081787 0.059000000357627868652 0.059000000357627868652 0.059000000357627868652 0.059000000357627868652 0.059000000357627868652 16.202165603637695312 0.051213998347520828247 29.8600006103515625 29.8600006103515625 29.8600006103515625 29.8600006103515625 29.8600006103515625 29.8600006103515625 29.8600006103515625 0.80034297704696655273 0.040699999779462814331 0.059000000357627868652 2.5859251022338867188 0.059000000357627868652 24.125326156616210938 28.091932296752929688 21.162641525268554688 21.162641525268554688 21.162641525268554688 21.162641525268554688 0.065600000321865081787 0.023000000044703483582 8.8190851211547851562 0.059000000357627868652 8.8190851211547851562 11.94118499755859375
0.040699999779462814331 0.040699999779462814331 0.80034297704696655273 0.040699999779462814331 0.040699999779462814331 29.8600006103515625 0.065600000321865081787 0.040699999779462814331 0.040699999779462814331 0.80034297704696655273 22.9842071533203125 0.059000000357627868652 0.059000000357627868652 23.62644195556640625 22.63600921630859375 16.202165603637695312 29.8600006103515625 29.8600006103515625 29.8600006103515625 29.8600006103515625 29.8600006103515625 29.8600006103515625 29.8600006103515625 0.80034297704696655273 16.202165603637695312 0.040699999779462814331 0.059000000357627868652 16.202165603637695312 9.0599775314331054688 16.202165603637695312 32.05907440185546875 21.162641525268554688 21.162641525268554688 21.162641525268554688 33.970386505126953125 28.499118804931640625 5.0517668724060058594 0.059000000357627868652 33.30042266845703125 31.52498626708984375
22.9842071533203125 0.040699999779462814331 0.80034297704696655273 12.519382476806640625 12.519382476806640625 29.8600006103515625 0.065600000321865081787 0.023000000044703483582 0.059000000357627868652 0.80034297704696655273 24.718328475952148438 33.970386505126953125 28.499118804931640625 28.499118804931640625 22.63600921630859375 16.202165603637695312 0.80034297704696655273 29.8600006103515625 29.8600006103515625 29.8600006103515625 29.8600006103515625 29.8600006103515625 29.8600006103515625 0.80034297704696655273 16.202165603637695312 0.059000000357627868652 16.202165603637695312 16.202165603637695312 13.651000022888183594 27.77281951904296875 9.7616119384765625 22.0981903076171875 21.162641525268554688 33.970386505126953125 0.051213998347520828247 0.051213998347520828247 21.162641525268554688 0.059000000357627868652 11.979198455810546875 28.529119491577148438
22.9842071533203125 22.9842071533203125 0.059000000357627868652 26.365055084228515625 11.94118499755859375 26.365055084228515625 15.670678138732910156 0.065600000321865081787 0.065600000321865081787 0.040699999779462814331 4.0923748016357421875 4.0923748016357421875 32.4598236083984375 23.952602386474609375 26.514316558837890625 16.202165603637695312 16.202165603637695312 29.8600006103515625 29.8600006103515625 29.8600006103515625 29.8600006103515625 29.8600006103515625 29.8600006103515625 0.80034297704696655273 16.202165603637695312 0.059000000357627868652 16.202165603637695312 32.05907440185546875 26.365055084228515625 19.900930404663085938 28.091932296752929688 21.162641525268554688 21.162641525268554688 28.499118804931640625 0.051213998347520828247 0.051213998347520828247 0.023000000044703483582 0.040699999779462814331 0.059000000357627868652 10.242952346801757812
0.059000000357627868652 0.059000000357627868652 32.4598236083984375 24.26595306396484375 24.26595306396484375 21.162641525268554688 24.26595306396484375 0.040699999779462814331 0.040699999779462814331 0.059000000357627868652 0.040699999779462814331 11.083375930786132812 11.083375930786132812 23.952602386474609375 26.514316558837890625 26.514316558837890625 16.202165603637695312 29.8600006103515625 29.8600006103515625 29.8600006103515625 29.8600006103515625 29.8600006103515625 29.8600006103515625 0.80034297704696655273 16.202165603637695312 26.514316558837890625 26.514316558837890625 26.514316558837890625 26.514316558837890625 28.091932296752929688 28.091932296752929688 6.0257887840270996094 21.162641525268554688 6.0257887840270996094 0.051213998347520828247 0.051213998347520828247 0.051213998347520828247 0.80034297704696655273 0.040699999779462814331 0.040699999779462814331
0.059000000357627868652 7.2301888465881347656 0.80034297704696655273 32.4598236083984375 33.970386505126953125 33.970386505126953125 32.4598236083984375 0.040699999779462814331 0.059000000357627868652 0.059000000357627868652 0.040699999779462814331 19.255575180053710938 11.083375930786132812 32.4598236083984375 26.514316558837890625 26.514316558837890625 26.514316558837890625 16.202165603637695312 29.8600006103515625 29.8600006103515625 29.8600006103515625 29.8600006103515625 29.8600006103515625 29.8600006103515625 16.202165603637695312 23.62644195556640625 22.63600921630859375 22.63600921630859375 32.05907440185546875 16.202165603637695312 28.499118804931640625 6.0257887840270996094 32.4598236083984375 24.125326156616210938 16.202165603637695312 24.125326156616210938 15.936132431030273438 15.936132431030273438 0.059000000357627868652 24.125326156616210938
0.059000000357627868652 22.9842071533203125 32.4598236083984375 33.970386505126953125 28.091932296752929688 21.162641525268554688 0.040699999779462814331 0.040699999779462814331 0.040699999779462814331 0.040699999779462814331 16.202165603637695312 32.4598236083984375 29.269832611083984375 32.4598236083984375 22.63600921630859375 22.63600921630859375 22.63600921630859375 29.8600006103515625 29.8600006103515625 29.8600006103515625 29.8600006103515625 29.8600006103515625 29.8600006103515625 0.80034297704696655273 16.202165603637695312 23.62644195556640625 22.63600921630859375 26.514316558837890625 26.365055084228515625 19.900930404663085938 26.514316558837890625 21.162641525268554688 0.059000000357627868652 24.125326156616210938 24.125326156616210938 0.059000000357627868652 24.125326156616210938 16.202165603637695312 0.059000000357627868652 0.040699999779462814331
16.202165603637695312 0.059000000357627868652 32.4598236083984375 33.970386505126953125 19.900930404663085938 24.26595306396484375 16.202165603637695312 0.80034297704696655273 0.80034297704696655273 0.059000000357627868652 24.125326156616210938 26.514316558837890625 16.202165603637695312 32.4598236083984375 22.63600921630859375 22.63600921630859375 16.202165603637695312 0.040699999779462814331 29.8600006103515625 29.8600006103515625 29.8600006103515625 29.8600006103515625 0.80034297704696655273 22.9842071533203125 16.202165603637695312 26.514316558837890625 26.514316558837890625 32.05907440185546875 26.365055084228515625 19.900930404663085938 28.091932296752929688 21.162641525268554688 24.125326156616210938 0.059000000357627868652 24.125326156616210938 24.125326156616210938 24.125326156616210938 32.4598236083984375 0.040699999779462814331 0.040699999779462814331
16.202165603637695312 0.059000000357627868652 0.040699999779462814331 24.125326156616210938 20.941562652587890625 24.26595306396484375 21.162641525268554688 24.125326156616210938 0.059000000357627868652 0.059000000357627868652 21.162641525268554688 26.514316558837890625 26.514316558837890625 26.514316558837890625 26.514316558837890625 22.63600921630859375 0.051213998347520828247 14.360180854797363281 6.1840229034423828125 29.8600006103515625 29.8600006103515625 29.8600006103515625 32.4598236083984375 16.202165603637695312 21.162641525268554688 26.514316558837890625 32.05907440185546875 32.05907440185546875 32.05907440185546875 24.26595306396484375 32.05907440185546875 28.091932296752929688 24.26595306396484375 31.30432891845703125 31.30432891845703125 24.125326156616210938 0.059000000357627868652 24.125326156616210938 0.059000000357627868652 0.059000000357627868652
22.281402587890625 0.059000000357627868652 24.125326156616210938 24.125326156616210938 16.202165603637695312 24.26595306396484375 21.162641525268554688 0.040699999779462814331 0.059000000357627868652 24.718328475952148438 26.514316558837890625 22.63600921630859375 16.202165603637695312 26.514316558837890625 26.514316558837890625 16.202165603637695312 16.202165603637695312 30.751377105712890625 10.242952346801757812 10.242952346801757812 29.8600006103515625 24.125326156616210938 32.4598236083984375 23.62644195556640625 21.162641525268554688 26.514316558837890625 32.05907440185546875 26.365055084228515625 24.26595306396484375 24.26595306396484375 32.05907440185546875 21.162641525268554688 0.059000000357627868652 31.30432891845703125 20.941562652587890625 20.941562652587890625 22.0981903076171875 24.26595306396484375 0.059000000357627868652 0.040699999779462814331
22.281402587890625 0.059000000357627868652 24.125326156616210938 32.4598236083984375 28.091932296752929688 16.202165603637695312 16.202165603637695312 24.125326156616210938 24.125326156616210938 0.059000000357627868652 22.63600921630859375 16.202165603637695312 26.514316558837890625 26.514316558837890625 22.63600921630859375 16.202165603637695312 8.8190851211547851562 30.803491592407226562 29.8600006103515625 29.8600006103515625 0.040699999779462814331 24.125326156616210938 16.202165603637695312 23.62644195556640625 22.63600921630859375 26.514316558837890625 26.365055084228515625 24.26595306396484375 24.26595306396484375 24.26595306396484375 28.091932296752929688 21.162641525268554688 16.202165603637695312 24.26595306396484375 24.26595306396484375 24.26595306396484375 0.040699999779462814331 8.7402505874633789062 20.941562652587890625 0.040699999779462814331
19.900930404663085938 0.040699999779462814331 0.023000000044703483582 32.4598236083984375 16.202165603637695312 16.202165603637695312 0.040699999779462814331 16.202165603637695312 0.059000000357627868652 0.059000000357627868652 22.63600921630859375 26.514316558837890625 31.568450927734375 26.627368927001953125 10.6463775634765625 29.8600006103515625 29.8600006103515625 29.8600006103515625 29.8600006103515625 29.8600006103515625 29.8600006103515625 0.059000000357627868652 0.80034297704696655273 22.63600921630859375 22.63600921630859375 26.514316558837890625 23.775363922119140625 26.365055084228515625 24.26595306396484375 24.26595306396484375 24.26595306396484375 22.0981903076171875 22.0981903076171875 26.365055084228515625 26.365055084228515625 0.059000000357627868652 0.040699999779462814331 0.059000000357627868652 0.040699999779462814331 0.040699999779462814331
32.05907440185546875 0.80034297704696655273 0.059000000357627868652 24.125326156616210938 24.125326156616210938 24.26595306396484375 20.941562652587890625 24.125326156616210938 0.059000000357627868652 0.059000000357627868652 16.202165603637695312 26.514316558837890625 31.608938217163085938 31.52498626708984375 20.941562652587890625 29.8600006103515625 29.8600006103515625 29.8600006103515625 29.8600006103515625 29.8600006103515625 29.8600006103515625 29.8600006103515625 29.8600006103515625 16.202165603637695312 22.63600921630859375 22.63600921630859375 22.63600921630859375 26.514316558837890625 23.775363922119140625 23.775363922119140625 26.365055084228515625 31.52498626708984375 11.94118499755859375 11.94118499755859375 11.273388862609863281 0.059000000357627868652 10.242952346801757812 0.059000000357627868652 0.040699999779462814331 0.040699999779462814331
0.040699999779462814331 4.8939571380615234375 0.040699999779462814331 0.059000000357627868652 24.125326156616210938 16.202165603637695312 24.125326156616210938 0.80034297704696655273 24.125326156616210938 16.202165603637695312 16.202165603637695312 16.202165603637695312 26.627368927001953125 30.803491592407226562 9.927379608154296875 9.927379608154296875 29.8600006103515625 29.8600006103515625 29.8600006103515625 29.8600006103515625 29.8600006103515625 29.8600006103515625 29.8600006103515625 20.941562652587890625 22.281402587890625 0.059000000357627868652 22.63600921630859375 22.63600921630859375 26.514316558837890625 23.775363922119140625 8.7402505874633789062 32.020793914794921875 12.407012939453125 31.52498626708984375 24.26595306396484375 11.273388862609863281 10.242952346801757812 0.059000000357627868652 0.040699999779462814331 1.9670900106430053711
8.8190851211547851562 16.202165603637695312 0.040699999779462814331 0.059000000357627868652 24.718328475952148438 16.202165603637695312 0.040699999779462814331 0.059000000357627868652 16.202165603637695312 16.202165603637695312 16.202165603637695312 33.30042266845703125 32.05907440185546875 32.05907440185546875 26.365055084228515625 11.94118499755859375 29.8600006103515625 29.8600006103515625 29.8600006103515625 29.8600006103515625 29.8600006103515625 29.8600006103515625 29.8600006103515625 29.8600006103515625 20.941562652587890625 22.281402587890625 26.514316558837890625 26.514316558837890625 22.281402587890625 30.638299942016601562 11.94118499755859375 8.7402505874633789062 26.365055084228515625 31.52498626708984375 30.803491592407226562 26.365055084228515625 26.365055084228515625 30.803491592407226562 0.059000000357627868652 30.803491592407226562
29.657136917114257812 0.059000000357627868652 0.040699999779462814331 24.125326156616210938 32.4598236083984375 16.202165603637695312 26.514316558837890625 16.202165603637695312 16.202165603637695312 26.514316558837890625 11.979198455810546875 13.969249725341796875 24.26595306396484375 32.05907440185546875 15.936132431030273438 11.94118499755859375 29.8600006103515625 29.8600006103515625 29.8600006103515625 29.8600006103515625 29.8600006103515625 29.8600006103515625 29.8600006103515625 29.8600006103515625 29.8600006103515625 16.202165603637695312 22.281402587890625 22.281402587890625 26.514316558837890625 26.514316558837890625 23.775363922119140625 31.52498626708984375 26.365055084228515625 22.0981903076171875 26.365055084228515625 11.94118499755859375 26.365055084228515625 0.059000000357627868652 0.059000000357627868652 31.52498626708984375
29.29219818115234375 8.8190851211547851562 0.059000000357627868652 24.125326156616210938 16.202165603637695312 18.5083770751953125 32.05907440185546875 21.162641525268554688 21.162641525268554688 26.514316558837890625 33.30042266845703125 33.30042266845703125 9.927379608154296875 13.969249725341796875 18.5083770751953125 26.365055084228515625 19.900930404663085938 32.05907440185546875 29.8600006103515625 29.8600006103515625 29.8600006103515625 29.8600006103515625 29.8600006103515625 0.040699999779462814331 0.059000000357627868652 24.125326156616210938 32.05907440185546875 26.627368927001953125 22.281402587890625 26.514316558837890625 23.775363922119140625 11.94118499755859375 24.26595306396484375 22.0981903076171875 11.94118499755859375 11.273388862609863281 0.059000000357627868652 0.059000000357627868652 9.927379608154296875 9.927379608154296875
