Big_Beef/DataInputs30m/o_10_ChemistryPools/1990_Mar2025/N_g_root_1.asc
ncols        345
nrows        426
xllcorner    508536.404131802963
yllcorner    5265678.997906560078
cellsize     30.000000000000
NODATA_value -9999
[rows 357 to 373 of 426, columns 0 to 39 of 345]
0.27450001239776611328 0.39849999547004699707 4.0487041473388671875 3.9336240291595458984 3.9336240291595458984 3.6970369815826416016 4.3724718093872070312 4.3800001144409179688 4.3800001144409179688 4.3800001144409179688 4.3800001144409179688 8.3725299835205078125 0.0068160002119839191437 0.0068160002119839191437 0.39849999547004699707 4.026271820068359375 3.9150910377502441406 0.0068160002119839191437 0.0068160002119839191437 0.0068160002119839191437 3.9336240291595458984 4.3800001144409179688 3.9371829032897949219 3.8402729034423828125 0.44279998540878295898 0.44279998540878295898 0.27450001239776611328 0.15500000119209289551 0.27450001239776611328 0.27450001239776611328 0.39849999547004699707 3.9979081153869628906 0.39849999547004699707 3.9740669727325439453 0.39849999547004699707 4.0381598472595214844 0.27450001239776611328 0.27450001239776611328 0.27450001239776611328 4.0331330299377441406
0.27450001239776611328 3.6970369815826416016 3.8875129222869873047 4.0695447921752929688 3.9336240291595458984 4.376811981201171875 4.3727707862854003906 4.3800001144409179688 4.3800001144409179688 4.3800001144409179688 4.3800001144409179688 4.3761649131774902344 8.3703031539916992188 4.3767099380493164062 4.026271820068359375 0.39849999547004699707 0.0068160002119839191437 0.0068160002119839191437 0.092069000005722045898 0.092069000005722045898 3.9371829032897949219 4.3800001144409179688 3.9336240291595458984 3.8402729034423828125 0.27450001239776611328 0.44279998540878295898 0.44279998540878295898 0.27450001239776611328 0.39849999547004699707 0.27450001239776611328 0.39849999547004699707 3.9832820892333984375 3.9832820892333984375 0.39849999547004699707 3.6970369815826416016 4.0381598472595214844 0.27450001239776611328 0.27450001239776611328 0.44279998540878295898 4.0331330299377441406
0.39849999547004699707 3.8618750572204589844 3.6970369815826416016 4.0799531936645507812 0.39849999547004699707 3.9371829032897949219 3.8402729034423828125 4.3800001144409179688 4.3800001144409179688 4.3761029243469238281 4.37703704833984375 4.37703704833984375 4.0199480056762695312 3.9150910377502441406 0.27450001239776611328 0.39849999547004699707 4.026271820068359375 0.092069000005722045898 8.3332777023315429688 0.092069000005722045898 4.3800001144409179688 4.3800001144409179688 3.9371829032897949219 3.8402729034423828125 0.44279998540878295898 0.44279998540878295898 0.39849999547004699707 0.44279998540878295898 0.39849999547004699707 0.39849999547004699707 3.9836699962615966797 3.9944720268249511719 4.0381598472595214844 4.0799531936645507812 3.92761993408203125 3.9336240291595458984 0.0068160002119839191437 0.0068160002119839191437 0.44279998540878295898 0.44279998540878295898
4.0278639793395996094 0.39849999547004699707 3.6970369815826416016 2.7033669948577880859 4.0528130531311035156 2.9861729145050048828 3.0257179737091064453 4.3800001144409179688 4.3800001144409179688 4.3761649131774902344 4.3766608238220214844 8.3713750839233398438 3.9933431148529052734 0.27450001239776611328 0.27450001239776611328 3.9944720268249511719 0.27450001239776611328 4.0487041473388671875 8.3332777023315429688 0.69988399744033813477 4.3800001144409179688 4.0331330299377441406 0.44279998540878295898 0.44279998540878295898 0.44279998540878295898 0.44279998540878295898 0.44279998540878295898 0.44279998540878295898 0.44279998540878295898 0.27450001239776611328 3.9832820892333984375 4.0799531936645507812 0.27450001239776611328 3.9150910377502441406 3.92761993408203125 0.0068160002119839191437 0.27450001239776611328 0.27450001239776611328 0.27450001239776611328 0.27450001239776611328
3.6970369815826416016 0.27450001239776611328 3.6970369815826416016 3.6970369815826416016 4.0528130531311035156 4.0528130531311035156 4.3800001144409179688 4.3800001144409179688 4.363536834716796875 4.3766608238220214844 4.3766608238220214844 4.37703704833984375 4.0199480056762695312 0.0068160002119839191437 0.39849999547004699707 0.39849999547004699707 0.092069000005722045898 0.27450001239776611328 0.092069000005722045898 4.3769087791442871094 4.3800001144409179688 4.3800001144409179688 0.0068160002119839191437 0.44279998540878295898 0.44279998540878295898 0.44279998540878295898 0.44279998540878295898 0.39849999547004699707 0.39849999547004699707 0.39849999547004699707 2.0427429676055908203 0.092069000005722045898 0.27450001239776611328 4.0381598472595214844 0.27450001239776611328 0.27450001239776611328 0.27450001239776611328 0.27450001239776611328 0.27450001239776611328 0.27450001239776611328
4.0487041473388671875 0.27450001239776611328 3.6970369815826416016 3.6970369815826416016 4.0799531936645507812 2.3653750419616699219 4.3800001144409179688 4.3800001144409179688 4.3772559165954589844 4.3766169548034667969 4.3766608238220214844 8.3706483840942382812 3.9977788925170898438 4.026271820068359375 0.39849999547004699707 0.27450001239776611328 8.3717403411865234375 0.69988399744033813477 4.37638092041015625 4.3800001144409179688 4.3800001144409179688 4.0331330299377441406 0.44279998540878295898 0.0068160002119839191437 0.44279998540878295898 0.44279998540878295898 0.44279998540878295898 0.44279998540878295898 0.44279998540878295898 0.39849999547004699707 2.0427429676055908203 0.15500000119209289551 0.27450001239776611328 0.092069000005722045898 4.0259127616882324219 0.27450001239776611328 4.0381598472595214844 3.9979081153869628906 3.6970369815826416016 3.8715798854827880859
3.6970369815826416016 3.6970369815826416016 0.39849999547004699707 3.9336240291595458984 3.9336240291595458984 3.6970369815826416016 4.3800001144409179688 4.3800001144409179688 8.3638248443603515625 4.3727707862854003906 4.3761649131774902344 8.3725109100341796875 3.8402729034423828125 3.8402729034423828125 0.39849999547004699707 0.27450001239776611328 8.3717403411865234375 0.092069000005722045898 4.3769087791442871094 4.3800001144409179688 4.0695447921752929688 0.44279998540878295898 0.44279998540878295898 0.44279998540878295898 0.44279998540878295898 0.27450001239776611328 0.27450001239776611328 0.44279998540878295898 0.44279998540878295898 0.44279998540878295898 0.39849999547004699707 4.0381598472595214844 0.27450001239776611328 3.9336240291595458984 2.7033669948577880859 4.0599451065063476562 2.7033669948577880859 3.9336240291595458984 3.6970369815826416016 3.9740669727325439453
4.0799531936645507812 0.39849999547004699707 0.27450001239776611328 0.27450001239776611328 3.9336240291595458984 4.0331330299377441406 4.3800001144409179688 0.69988399744033813477 4.3800001144409179688 4.3727707862854003906 4.3766608238220214844 4.3766608238220214844 3.0257179737091064453 4.026271820068359375 0.39849999547004699707 0.39849999547004699707 0.39849999547004699707 4.3765110969543457031 3.9150910377502441406 3.9150910377502441406 4.0695447921752929688 3.9336240291595458984 0.44279998540878295898 0.44279998540878295898 0.39849999547004699707 2.7033669948577880859 0.092069000005722045898 0.44279998540878295898 0.44279998540878295898 0.092069000005722045898 0.39849999547004699707 4.0381598472595214844 2.7033669948577880859 3.6970369815826416016 2.7033669948577880859 3.9336240291595458984 4.0599451065063476562 3.9336240291595458984 3.9740669727325439453 3.8715798854827880859
4.0528130531311035156 0.39849999547004699707 0.27450001239776611328 3.6970369815826416016 2.7033669948577880859 4.3800001144409179688 4.3800001144409179688 4.3800001144409179688 4.3800001144409179688 0.69988399744033813477 4.3766608238220214844 8.3687496185302734375 8.3712615966796875 0.69988399744033813477 0.39849999547004699707 0.27450001239776611328 0.27450001239776611328 4.0809621810913085938 4.3767437934875488281 4.0331330299377441406 3.9371829032897949219 3.6970369815826416016 0.44279998540878295898 1.5819760560989379883 0.092069000005722045898 4.0799531936645507812 3.9832820892333984375 3.9836699962615966797 3.6970369815826416016 4.0381598472595214844 0.39849999547004699707 3.6970369815826416016 3.4368410110473632812 2.7033669948577880859 2.7033669948577880859 3.9740669727325439453 3.9740669727325439453 3.8930599689483642578 3.9740669727325439453 3.9371829032897949219
4.0381598472595214844 0.27450001239776611328 3.6970369815826416016 3.6970369815826416016 0.092069000005722045898 4.3800001144409179688 4.3800001144409179688 4.3800001144409179688 4.3800001144409179688 4.3800001144409179688 4.3771610260009765625 3.9740669727325439453 3.6970369815826416016 4.0381598472595214844 0.39849999547004699707 0.27450001239776611328 4.026271820068359375 3.9150910377502441406 3.9740669727325439453 4.0331330299377441406 4.0331330299377441406 3.9150910377502441406 3.8618750572204589844 3.6970369815826416016 0.44279998540878295898 4.0381598472595214844 0.44279998540878295898 4.0799531936645507812 4.0799531936645507812 4.0278639793395996094 0.39849999547004699707 2.7033669948577880859 3.9336240291595458984 3.9740669727325439453 3.9740669727325439453 8.371463775634765625 4.3769087791442871094 3.61931610107421875 3.9371829032897949219 3.9371829032897949219
3.9832820892333984375 0.27450001239776611328 0.27450001239776611328 0.27450001239776611328 0.27450001239776611328 8.3332777023315429688 8.3332777023315429688 4.3800001144409179688 4.3800001144409179688 4.3800001144409179688 0.69988399744033813477 3.9740669727325439453 3.9740669727325439453 3.9336240291595458984 0.27450001239776611328 0.27450001239776611328 3.9832820892333984375 4.0331330299377441406 3.9740669727325439453 4.0331330299377441406 3.9336240291595458984 3.9150910377502441406 3.9336240291595458984 3.9336240291595458984 0.39849999547004699707 0.39849999547004699707 0.39849999547004699707 4.3800001144409179688 4.0799531936645507812 3.6970369815826416016 0.39849999547004699707 3.9336240291595458984 3.61931610107421875 3.9336240291595458984 8.3704376220703125 8.3708372116088867188 3.9371829032897949219 3.9371829032897949219 3.9336240291595458984 3.8402729034423828125
3.9836699962615966797 0.27450001239776611328 0.27450001239776611328 0.15500000119209289551 0.27450001239776611328 4.0381598472595214844 8.3726596832275390625 8.3652982711791992188 4.3800001144409179688 4.3800001144409179688 8.3332777023315429688 3.9371829032897949219 3.9371829032897949219 0.39849999547004699707 0.27450001239776611328 0.39849999547004699707 0.39849999547004699707 3.9740669727325439453 3.9371829032897949219 3.9740669727325439453 3.9740669727325439453 3.9336240291595458984 3.9336240291595458984 3.9336240291595458984 2.7033669948577880859 0.44279998540878295898 0.39849999547004699707 4.3800001144409179688 3.8715798854827880859 4.0799531936645507812 0.39849999547004699707 2.7033669948577880859 3.8211929798126220703 3.9336240291595458984 4.3763499259948730469 3.6970369815826416016 3.8715798854827880859 3.8715798854827880859 4.3760151863098144531 3.8402729034423828125
0.27450001239776611328 0.27450001239776611328 3.9371829032897949219 3.9836699962615966797 3.6970369815826416016 8.3717403411865234375 0.39849999547004699707 4.3745431900024414062 8.3706483840942382812 4.3800001144409179688 4.3800001144409179688 4.3760151863098144531 8.3712244033813476562 8.3716363906860351562 0.27450001239776611328 3.6970369815826416016 0.39849999547004699707 3.9371829032897949219 3.9740669727325439453 3.9740669727325439453 3.9740669727325439453 3.9336240291595458984 4.0799531936645507812 0.092069000005722045898 0.44279998540878295898 0.44279998540878295898 0.44279998540878295898 4.3800001144409179688 4.0528130531311035156 0.39849999547004699707 2.7033669948577880859 2.7033669948577880859 3.8211929798126220703 3.9336240291595458984 3.6970369815826416016 3.9371829032897949219 3.8715798854827880859 3.8715798854827880859 3.8715798854827880859 3.8402729034423828125
3.6970369815826416016 0.27450001239776611328 3.9832820892333984375 3.6970369815826416016 3.92761993408203125 3.9150910377502441406 4.0459299087524414062 8.3670148849487304688 8.3706483840942382812 4.3800001144409179688 4.3761649131774902344 4.37703704833984375 8.3706483840942382812 0.27450001239776611328 3.6970369815826416016 3.6970369815826416016 0.39849999547004699707 3.9336240291595458984 3.9371829032897949219 3.9336240291595458984 3.9740669727325439453 4.0799531936645507812 3.6970369815826416016 4.0799531936645507812 0.44279998540878295898 0.39849999547004699707 0.44279998540878295898 2.7033669948577880859 4.0528130531311035156 0.39849999547004699707 0.39849999547004699707 3.9336240291595458984 3.8211929798126220703 3.9371829032897949219 3.61931610107421875 3.8715798854827880859 3.5279059410095214844 3.8715798854827880859 3.8402729034423828125 3.7905728816986083984
0.39849999547004699707 0.39849999547004699707 0.27450001239776611328 0.27450001239776611328 0.39849999547004699707 0.0068160002119839191437 0.39849999547004699707 4.3763718605041503906 8.3703031539916992188 4.3800001144409179688 4.3761649131774902344 4.3769087791442871094 4.36765289306640625 0.27450001239776611328 0.27450001239776611328 0.39849999547004699707 4.0799531936645507812 4.0331330299377441406 4.0487041473388671875 3.9740669727325439453 3.9336240291595458984 2.9861729145050048828 3.9988570213317871094 8.3687496185302734375 2.3653750419616699219 0.44279998540878295898 0.44279998540878295898 4.3800001144409179688 3.9979081153869628906 3.6970369815826416016 0.39849999547004699707 3.6970369815826416016 3.9336240291595458984 3.61931610107421875 3.61931610107421875 3.9371829032897949219 3.5279059410095214844 3.8715798854827880859 3.9371829032897949219 3.61931610107421875
0.39849999547004699707 0.27450001239776611328 0.27450001239776611328 0.27450001239776611328 0.27450001239776611328 0.0068160002119839191437 0.0068160002119839191437 4.3769669532775878906 4.3800001144409179688 4.3800001144409179688 3.92761993408203125 4.3766169548034667969 8.3699903488159179688 4.3457479476928710938 0.27450001239776611328 0.27450001239776611328 0.39849999547004699707 3.9371829032897949219 3.9740669727325439453 3.9336240291595458984 3.9371829032897949219 4.0528130531311035156 4.0487041473388671875 8.3722991943359375 4.3457479476928710938 3.593441009521484375 3.593441009521484375 0.092069000005722045898 0.092069000005722045898 0.39849999547004699707 0.39849999547004699707 3.6970369815826416016 3.9740669727325439453 3.8402729034423828125 3.9336240291595458984 4.0228338241577148438 3.5279059410095214844 4.026271820068359375 3.9336240291595458984 3.9371829032897949219
3.8618750572204589844 0.27450001239776611328 0.27450001239776611328 0.39849999547004699707 0.27450001239776611328 0.27450001239776611328 0.39849999547004699707 0.0068160002119839191437 3.9150910377502441406 4.3800001144409179688 8.3708372116088867188 3.9336240291595458984 8.3632650375366210938 4.3724718093872070312 8.3652982711791992188 4.3761649131774902344 0.39849999547004699707 3.9371829032897949219 3.9740669727325439453 0.39849999547004699707 4.0809621810913085938 4.0799531936645507812 4.0381598472595214844 4.0259127616882324219 4.3763499259948730469 4.3800001144409179688 4.3800001144409179688 0.092069000005722045898 0.092069000005722045898 0.39849999547004699707 2.7033669948577880859 3.6970369815826416016 3.364955902099609375 3.364955902099609375 4.0228338241577148438 4.0459299087524414062 3.9979081153869628906 0.39849999547004699707 4.3767437934875488281 8.3717403411865234375
