Big_Beef/DataInputs30m/o_10_ChemistryPools/1990_Mar2025/N_g_Det_root_1.asc
ncols        345
nrows        426
xllcorner    508536.404131802963
yllcorner    5265678.997906560078
cellsize     30.000000000000
NODATA_value -9999
[rows 342 to 359 of 426, columns 160 to 199 of 345]
2.8245899677276611328 2.8245899677276611328 2.7894270420074462891 2.7894270420074462891 2.7894270420074462891 2.7894270420074462891 2.7764420509338378906 2.7764420509338378906 2.8389480113983154297 2.8389480113983154297 2.8389480113983154297 2.7764420509338378906 2.7764420509338378906 2.8583600521087646484 2.8188331127166748047 2.7764420509338378906 2.7764420509338378906 2.7353549003601074219 2.7353549003601074219 2.7351980209350585938 2.7788910865783691406 2.7489631175994873047 2.7489631175994873047 2.7904720306396484375 2.7788910865783691406 0.37209799885749816895 0.37209799885749816895 0.37209799885749816895 2.7904720306396484375 2.7904720306396484375 0.37209799885749816895 0.37209799885749816895 2.7904720306396484375 2.7904720306396484375 0.37209799885749816895 0.37209799885749816895 1.6039999723434448242 1.6039999723434448242 1.6039999723434448242 1.6039999723434448242
2.7802269458770751953 2.7505118846893310547 2.7894270420074462891 2.7894270420074462891 2.7894270420074462891 2.7894270420074462891 2.7764420509338378906 2.8389480113983154297 2.8389480113983154297 2.8188331127166748047 2.8188331127166748047 2.7764420509338378906 2.7589368820190429688 2.8171510696411132812 2.8152740001678466797 2.7589368820190429688 2.7353549003601074219 2.7353549003601074219 2.7353549003601074219 2.7353549003601074219 2.7788910865783691406 2.8508350849151611328 2.7788910865783691406 2.7788910865783691406 2.7788910865783691406 0.37209799885749816895 0.37209799885749816895 0.37209799885749816895 2.7904720306396484375 0.37209799885749816895 0.37209799885749816895 0.37209799885749816895 0.37209799885749816895 0.37209799885749816895 0.37209799885749816895 0.37209799885749816895 1.6039999723434448242 1.6039999723434448242 1.6039999723434448242 1.6039999723434448242
2.7802269458770751953 2.7505118846893310547 2.7894270420074462891 2.7894270420074462891 2.7894270420074462891 2.7894270420074462891 2.7764420509338378906 2.7764420509338378906 2.7764420509338378906 2.8583600521087646484 2.7589368820190429688 2.8152740001678466797 2.8171510696411132812 2.8188331127166748047 2.8152740001678466797 2.8188331127166748047 2.7353549003601074219 2.7788910865783691406 2.7353549003601074219 2.7353549003601074219 2.7904720306396484375 2.7788910865783691406 2.7788910865783691406 2.7904720306396484375 2.7788910865783691406 2.7788910865783691406 0.37209799885749816895 0.37209799885749816895 1.6039999723434448242 0.37209799885749816895 0.37209799885749816895 0.37209799885749816895 1.6039999723434448242 1.6039999723434448242 0.37209799885749816895 1.6039999723434448242 1.6039999723434448242 1.6039999723434448242 1.6039999723434448242 1.6039999723434448242
2.5740599632263183594 2.7894270420074462891 2.7894270420074462891 2.7764420509338378906 2.7764420509338378906 2.7764420509338378906 2.7905189990997314453 2.8583600521087646484 2.8188331127166748047 2.8583600521087646484 2.8171510696411132812 2.8171510696411132812 2.8188331127166748047 2.8188331127166748047 2.8252770900726318359 2.7353549003601074219 2.8252770900726318359 2.7353549003601074219 0.37209799885749816895 0.37209799885749816895 0.37209799885749816895 0.37209799885749816895 0.37209799885749816895 0.37209799885749816895 2.7904720306396484375 2.7353549003601074219 2.7904720306396484375 1.6039999723434448242 1.6039999723434448242 0.37209799885749816895 0.37209799885749816895 1.6039999723434448242 1.6039999723434448242 1.6039999723434448242 1.6039999723434448242 1.6039999723434448242 2.7924709320068359375 1.6039999723434448242 1.6039999723434448242 1.6039999723434448242
2.7894270420074462891 2.7788910865783691406 2.7894270420074462891 2.7905189990997314453 2.7905189990997314453 0.23399999737739562988 2.7845160961151123047 2.7845160961151123047 2.7351980209350585938 2.8508350849151611328 2.7589368820190429688 2.8171510696411132812 2.8188331127166748047 2.7353549003601074219 2.7353549003601074219 2.8252770900726318359 2.8252770900726318359 0.37209799885749816895 0.37209799885749816895 0.37209799885749816895 0.37209799885749816895 0.37209799885749816895 0.37209799885749816895 0.37209799885749816895 2.7904720306396484375 2.7904720306396484375 2.7353549003601074219 1.6039999723434448242 0.37209799885749816895 0.37209799885749816895 1.6039999723434448242 1.6039999723434448242 1.6039999723434448242 1.6039999723434448242 2.7904720306396484375 2.7904720306396484375 2.7924709320068359375 1.6039999723434448242 1.6039999723434448242 1.6039999723434448242
2.5740599632263183594 2.7788910865783691406 2.8389480113983154297 2.8152740001678466797 2.7905189990997314453 2.8389480113983154297 0.23399999737739562988 0.23399999737739562988 2.8389480113983154297 2.7351980209350585938 2.8583600521087646484 2.8171510696411132812 2.8188331127166748047 2.7353549003601074219 2.7353549003601074219 0.37209799885749816895 0.37209799885749816895 0.37209799885749816895 0.37209799885749816895 0.37209799885749816895 0.37209799885749816895 0.37209799885749816895 0.37209799885749816895 0.37209799885749816895 2.7353549003601074219 2.7353549003601074219 0.37209799885749816895 0.37209799885749816895 0.37209799885749816895 1.6039999723434448242 1.6039999723434448242 1.6039999723434448242 1.6039999723434448242 1.6039999723434448242 2.7904720306396484375 2.7904720306396484375 2.7924709320068359375 2.7924709320068359375 2.7910199165344238281 2.7261040210723876953
2.8389480113983154297 2.7764420509338378906 2.7764420509338378906 2.8152740001678466797 2.8389480113983154297 2.7856609821319580078 2.7535879611968994141 2.7351980209350585938 2.7353549003601074219 2.8152740001678466797 2.7716441154479980469 2.8188331127166748047 2.7353549003601074219 2.7353549003601074219 2.7353549003601074219 0.37209799885749816895 0.37209799885749816895 1.6039999723434448242 0.37209799885749816895 0.37209799885749816895 0.37209799885749816895 0.37209799885749816895 0.37209799885749816895 0.37209799885749816895 1.6039999723434448242 0.37209799885749816895 0.37209799885749816895 0.37209799885749816895 1.6039999723434448242 0.37209799885749816895 1.6039999723434448242 1.6039999723434448242 1.6039999723434448242 2.7904720306396484375 2.7488958835601806641 2.7904720306396484375 2.7924709320068359375 2.7910199165344238281 2.7910199165344238281 2.7910199165344238281
2.7905189990997314453 2.8152740001678466797 2.8583600521087646484 2.7353549003601074219 2.7351980209350585938 2.7351980209350585938 2.7535879611968994141 2.7353549003601074219 2.7353549003601074219 2.7411830425262451172 2.7353549003601074219 2.8508350849151611328 2.8252770900726318359 2.7353549003601074219 0.37209799885749816895 0.37209799885749816895 1.6039999723434448242 1.6039999723434448242 1.6039999723434448242 0.37209799885749816895 1.6039999723434448242 1.6039999723434448242 0.37209799885749816895 1.6039999723434448242 0.37209799885749816895 1.6039999723434448242 1.6039999723434448242 1.6039999723434448242 1.6039999723434448242 1.6039999723434448242 1.6039999723434448242 1.6039999723434448242 2.7904720306396484375 2.7904720306396484375 2.7488958835601806641 2.7261040210723876953 2.7261040210723876953 2.7924709320068359375 2.7924709320068359375 2.7910199165344238281
2.8152740001678466797 2.8152740001678466797 2.8152740001678466797 2.8152740001678466797 2.7353549003601074219 2.7353549003601074219 2.7353549003601074219 2.7353549003601074219 2.7351980209350585938 2.8188331127166748047 2.7716441154479980469 2.7353549003601074219 2.7904720306396484375 2.7351980209350585938 2.7904720306396484375 0.37209799885749816895 1.6039999723434448242 0.37209799885749816895 0.37209799885749816895 1.6039999723434448242 1.6039999723434448242 1.6039999723434448242 1.6039999723434448242 1.6039999723434448242 1.6039999723434448242 1.6039999723434448242 0.37209799885749816895 0.37209799885749816895 0.37209799885749816895 1.6039999723434448242 2.7904720306396484375 2.7488958835601806641 2.7904720306396484375 2.7904720306396484375 2.7904720306396484375 2.7261040210723876953 2.7261040210723876953 2.7910199165344238281 2.7910199165344238281 2.7910199165344238281
2.7764420509338378906 2.8152740001678466797 2.8152740001678466797 2.7764420509338378906 2.7764420509338378906 2.7764420509338378906 2.8389480113983154297 2.7353549003601074219 2.7351980209350585938 2.7353549003601074219 2.7716441154479980469 2.7904720306396484375 2.7353549003601074219 2.7353549003601074219 2.7353549003601074219 2.7904720306396484375 0.37209799885749816895 0.37209799885749816895 1.6039999723434448242 1.6039999723434448242 1.6039999723434448242 1.6039999723434448242 1.6039999723434448242 1.6039999723434448242 0.37209799885749816895 1.6039999723434448242 0.37209799885749816895 0.37209799885749816895 0.37209799885749816895 0.37209799885749816895 2.7904720306396484375 2.7904720306396484375 2.7904720306396484375 2.7904720306396484375 2.7488958835601806641 2.7360849380493164062 2.5740599632263183594 2.7418420314788818359 2.7418420314788818359 2.8183228969573974609
2.8188331127166748047 2.8152740001678466797 2.8152740001678466797 2.7764420509338378906 2.7788910865783691406 2.7764420509338378906 2.7764420509338378906 2.7905189990997314453 2.7788910865783691406 2.7353549003601074219 2.7353549003601074219 2.7353549003601074219 2.7353549003601074219 2.7353549003601074219 2.7904720306396484375 2.7904720306396484375 2.7353549003601074219 0.37209799885749816895 1.6039999723434448242 1.6039999723434448242 1.6039999723434448242 1.6039999723434448242 1.6039999723434448242 0.37209799885749816895 0.37209799885749816895 0.37209799885749816895 1.6039999723434448242 1.6039999723434448242 2.7904720306396484375 2.7261040210723876953 2.7904720306396484375 2.7904720306396484375 2.7488958835601806641 2.7488958835601806641 2.7488958835601806641 2.7360849380493164062 2.5740599632263183594 2.712368011474609375 2.8583600521087646484 2.8081560134887695312
2.8188331127166748047 2.8389480113983154297 2.8389480113983154297 2.8389480113983154297 2.7353549003601074219 2.7353549003601074219 2.7351980209350585938 2.7589368820190429688 2.7459828853607177734 2.7788910865783691406 2.7353549003601074219 2.7353549003601074219 2.8435220718383789062 2.7353549003601074219 2.7904720306396484375 2.7788910865783691406 2.7904720306396484375 2.7788910865783691406 2.7904720306396484375 2.8376169204711914062 2.8376169204711914062 2.8376169204711914062 0.37209799885749816895 2.8376169204711914062 2.8376169204711914062 0.37209799885749816895 1.6039999723434448242 2.7904720306396484375 2.7261040210723876953 2.7488958835601806641 2.7904720306396484375 2.7904720306396484375 2.7261040210723876953 2.7488958835601806641 2.7904720306396484375 2.7743079662322998047 2.5740599632263183594 2.8217289447784423828 2.5740599632263183594 2.5740599632263183594
2.8166460990905761719 2.8171510696411132812 2.8188331127166748047 2.7353549003601074219 2.8508350849151611328 2.7353549003601074219 2.7353549003601074219 2.7589368820190429688 2.8252770900726318359 2.7353549003601074219 2.7351980209350585938 2.7353549003601074219 2.7353549003601074219 2.7353549003601074219 2.7904720306396484375 2.7788910865783691406 2.7788910865783691406 2.7904720306396484375 2.7904720306396484375 2.8376169204711914062 2.8376169204711914062 2.8376169204711914062 2.8376169204711914062 2.8376169204711914062 2.8376169204711914062 2.8376169204711914062 2.8376169204711914062 2.8376169204711914062 2.8376169204711914062 2.8376169204711914062 2.7904720306396484375 2.7488958835601806641 2.7488958835601806641 2.7261040210723876953 2.7924709320068359375 2.809513092041015625 2.5740599632263183594 2.8183228969573974609 2.5740599632263183594 2.5740599632263183594
2.8166460990905761719 2.8171510696411132812 2.7894270420074462891 0.20000000298023223877 2.7905189990997314453 2.8508350849151611328 2.7905189990997314453 2.8152740001678466797 2.7459828853607177734 2.7905189990997314453 2.7904720306396484375 2.7353549003601074219 2.7353549003601074219 2.7353549003601074219 2.8389480113983154297 2.7788910865783691406 2.7904720306396484375 2.7904720306396484375 2.7788910865783691406 2.7904720306396484375 2.7788910865783691406 2.8376169204711914062 2.8376169204711914062 2.8376169204711914062 2.8376169204711914062 2.8376169204711914062 2.7904720306396484375 2.7904720306396484375 2.7904720306396484375 2.8376169204711914062 2.8376169204711914062 2.7904720306396484375 2.7488958835601806641 2.7910199165344238281 2.809513092041015625 2.7693200111389160156 2.5740599632263183594 2.7767140865325927734 2.7743079662322998047 2.7743079662322998047
2.8171510696411132812 2.7788910865783691406 2.7488958835601806641 2.7675690650939941406 2.7589368820190429688 2.7589368820190429688 2.8152740001678466797 2.7589368820190429688 2.7716441154479980469 2.8252770900726318359 2.8252770900726318359 2.7904720306396484375 2.7904720306396484375 2.7904720306396484375 2.7743079662322998047 2.7788910865783691406 2.8376169204711914062 2.7788910865783691406 2.7788910865783691406 2.7904720306396484375 2.7904720306396484375 2.8376169204711914062 2.8376169204711914062 2.8376169204711914062 2.8376169204711914062 2.8376169204711914062 2.7904720306396484375 2.7904720306396484375 2.7904720306396484375 2.7904720306396484375 2.7488958835601806641 2.7488958835601806641 2.7743079662322998047 2.7910199165344238281 2.7728459835052490234 2.5740599632263183594 2.7492160797119140625 2.712368011474609375 2.8025839328765869141 2.8261110782623291016
2.8171510696411132812 2.7788910865783691406 2.7788910865783691406 2.8089959621429443359 2.7589368820190429688 2.8188331127166748047 2.8188331127166748047 2.7764420509338378906 2.7353549003601074219 2.7353549003601074219 2.8002250194549560547 2.7904720306396484375 2.7764420509338378906 2.7904720306396484375 2.8329761028289794922 2.7353549003601074219 2.7788910865783691406 2.7904720306396484375 2.8376169204711914062 2.8376169204711914062 2.7743079662322998047 2.8376169204711914062 2.8376169204711914062 2.8376169204711914062 2.8376169204711914062 2.7509729862213134766 2.7904720306396484375 2.7904720306396484375 2.7904720306396484375 2.7261040210723876953 2.7488958835601806641 2.7488958835601806641 2.7488958835601806641 2.7743079662322998047 2.7728459835052490234 2.712368011474609375 2.7492160797119140625 2.8081560134887695312 2.8081560134887695312 2.8089959621429443359
4.814395904541015625 2.5769979953765869141 0.20000000298023223877 2.7699611186981201172 2.7589368820190429688 2.8188331127166748047 2.7351980209350585938 2.7904720306396484375 2.7353549003601074219 2.7767140865325927734 2.7904720306396484375 2.7788910865783691406 2.7904720306396484375 2.7904720306396484375 2.7904720306396484375 2.7351980209350585938 2.7353549003601074219 2.7788910865783691406 2.8376169204711914062 2.7904720306396484375 2.8376169204711914062 2.8376169204711914062 2.8376169204711914062 2.8376169204711914062 2.8376169204711914062 2.7509729862213134766 2.8376169204711914062 2.7509729862213134766 2.7904720306396484375 2.7261040210723876953 2.7488958835601806641 2.7488958835601806641 2.7488958835601806641 2.7488958835601806641 2.7728459835052490234 2.712368011474609375 2.712368011474609375 2.7693200111389160156 2.8081560134887695312 2.8081560134887695312
4.814395904541015625 2.8850970268249511719 4.814395904541015625 2.8249030113220214844 2.7764420509338378906 2.8188331127166748047 2.7764420509338378906 2.7904720306396484375 2.8508350849151611328 2.7904720306396484375 2.7788910865783691406 2.7229421138763427734 2.7904720306396484375 2.7904720306396484375 2.7904720306396484375 2.7351980209350585938 2.7353549003601074219 2.7353549003601074219 2.8376169204711914062 2.7904720306396484375 2.7904720306396484375 2.8376169204711914062 2.7549080848693847656 2.7904720306396484375 2.7509729862213134766 2.8376169204711914062 2.8376169204711914062 2.8376169204711914062 2.7488958835601806641 2.7904720306396484375 2.7488958835601806641 2.7488958835601806641 2.7488958835601806641 2.7910199165344238281 2.8183228969573974609 2.5740599632263183594 2.7693200111389160156 2.7693200111389160156 2.712368011474609375 4.814395904541015625
