Big_Beef/DataInputs30m/o_10_ChemistryPools/1990_Mar2025/N_g_root_3.asc
ncols        345
nrows        426
xllcorner    508536.404131802963
yllcorner    5265678.997906560078
cellsize     30.000000000000
NODATA_value -9999
[rows 374 to 390 of 426, columns 195 to 233 of 345]
0.60056400299072265625 0.58226001262664794922 0.58226001262664794922 0.58226001262664794922 0.55740702152252197266 0.58226001262664794922 0.58226001262664794922 0.58226001262664794922 0.60056400299072265625 0.55740702152252197266 0.60056400299072265625 0.55740702152252197266 0.61001002788543701172 0.0010280000278726220131 0.0010280000278726220131 0.0010280000278726220131 0.0010280000278726220131 0.0010280000278726220131 0.0010280000278726220131 0.0010280000278726220131 0.0010280000278726220131 0.0010280000278726220131 0.0010280000278726220131 0.0010280000278726220131 0.0010280000278726220131 0.0010280000278726220131 0.0010280000278726220131 0.58696097135543823242 0.58696097135543823242 1.6288720369338989258 1.6284170150756835938 1.0480810403823852539 0.21899999678134918213 0.21899999678134918213 0.21899999678134918213 0.21899999678134918213 0.21899999678134918213 0.21899999678134918213 0.21899999678134918213
0.6038990020751953125 0.6065610051155090332 0.6038990020751953125 0.58226001262664794922 0.58226001262664794922 0.60056400299072265625 1.0482950210571289062 0.60749602317810058594 0.60570198297500610352 0.59958100318908691406 0.61183798313140869141 0.60808002948760986328 0.55740702152252197266 0.60056400299072265625 0.0010280000278726220131 0.0010280000278726220131 0.0010280000278726220131 0.0010280000278726220131 0.0010280000278726220131 0.0010280000278726220131 0.0010280000278726220131 0.0010280000278726220131 0.60291200876235961914 0.0010280000278726220131 0.0010280000278726220131 1.6288419961929321289 1.0482490062713623047 0.59572798013687133789 1.6288100481033325195 1.6287629604339599609 1.6288349628448486328 0.21899999678134918213 0.21899999678134918213 0.21899999678134918213 0.21899999678134918213 0.21899999678134918213 0.21899999678134918213 0.21899999678134918213 0.21899999678134918213
0.59116899967193603516 0.6038990020751953125 0.55740702152252197266 0.61353397369384765625 0.60056400299072265625 0.60056400299072265625 1.0483039617538452148 1.0482610464096069336 0.60570198297500610352 0.60570198297500610352 0.60749602317810058594 0.60570198297500610352 0.58696097135543823242 0.0010280000278726220131 0.0010280000278726220131 0.0010280000278726220131 0.0010280000278726220131 0.0010280000278726220131 0.0010280000278726220131 0.0010280000278726220131 0.0010280000278726220131 0.0010280000278726220131 0.58696097135543823242 0.59917402267456054688 1.0481580495834350586 1.6287139654159545898 1.6287629604339599609 0.59361398220062255859 1.6287629604339599609 1.0478190183639526367 1.0433770418167114258 0.21899999678134918213 0.21899999678134918213 0.21899999678134918213 0.21899999678134918213 0.21899999678134918213 0.21899999678134918213 0.21899999678134918213 0.21899999678134918213
0.60829597711563110352 0.59572798013687133789 0.58226001262664794922 0.58226001262664794922 0.61309999227523803711 0.58226001262664794922 1.0483139753341674805 1.0481740236282348633 0.60808002948760986328 0.59217202663421630859 0.60829597711563110352 0.58274602890014648438 0.60570198297500610352 0.0010280000278726220131 0.0010280000278726220131 0.0010280000278726220131 0.0010280000278726220131 0.0010280000278726220131 0.0010280000278726220131 0.0010280000278726220131 0.0010280000278726220131 0.0010280000278726220131 0.0010280000278726220131 0.58696097135543823242 0.59152001142501831055 0.59152001142501831055 1.6287629604339599609 0.60328602790832519531 1.6286909580230712891 0.21899999678134918213 0.21899999678134918213 0.21899999678134918213 0.21899999678134918213 0.21899999678134918213 0.21899999678134918213 0.21899999678134918213 0.21899999678134918213 0.21899999678134918213 1.0481280088424682617
0.55740702152252197266 0.55740702152252197266 0.59572798013687133789 0.55740702152252197266 0.58226001262664794922 0.58226001262664794922 1.0480730533599853516 0.59086602926254272461 0.58047300577163696289 0.58696097135543823242 0.61042797565460205078 0.55740702152252197266 0.60570198297500610352 0.60829597711563110352 0.0010280000278726220131 0.0010280000278726220131 0.0010280000278726220131 0.0010280000278726220131 0.0010280000278726220131 0.0010280000278726220131 0.0010280000278726220131 0.0010280000278726220131 0.0010280000278726220131 0.56219702959060668945 0.59361398220062255859 0.60808002948760986328 0.59917402267456054688 0.51817697286605834961 0.21899999678134918213 0.21899999678134918213 0.21899999678134918213 0.21899999678134918213 0.21899999678134918213 0.21899999678134918213 0.21899999678134918213 0.21899999678134918213 0.21899999678134918213 0.21899999678134918213 0.60328602790832519531
0.61212301254272460938 0.6052989959716796875 0.59572798013687133789 0.40759000182151794434 0.58226001262664794922 0.59217202663421630859 0.58226001262664794922 0.59217202663421630859 0.58696097135543823242 0.58696097135543823242 1.6287139654159545898 0.50733900070190429688 0.60808002948760986328 0.58226001262664794922 0.0010280000278726220131 0.0010280000278726220131 0.0010280000278726220131 0.0010280000278726220131 0.0010280000278726220131 0.0010280000278726220131 0.0010280000278726220131 0.60291200876235961914 0.60291200876235961914 0.59361398220062255859 0.59361398220062255859 0.59361398220062255859 0.60328602790832519531 0.21899999678134918213 0.21899999678134918213 0.21899999678134918213 0.21899999678134918213 0.21899999678134918213 0.21899999678134918213 0.21899999678134918213 0.21899999678134918213 0.21899999678134918213 0.21899999678134918213 0.21899999678134918213 0.60652697086334228516
0.59307700395584106445 0.59917402267456054688 0.59028297662734985352 0.59028297662734985352 0.55740702152252197266 0.59572798013687133789 0.60291200876235961914 0.58226001262664794922 0.59217202663421630859 0.58696097135543823242 1.6289889812469482422 0.58696097135543823242 0.59572798013687133789 0.0010280000278726220131 0.0010280000278726220131 0.0010280000278726220131 0.0010280000278726220131 0.0010280000278726220131 0.0010280000278726220131 0.0010280000278726220131 0.0010280000278726220131 0.60808002948760986328 0.59152001142501831055 0.59361398220062255859 0.58372300863265991211 0.21899999678134918213 0.21899999678134918213 0.21899999678134918213 0.21899999678134918213 0.21899999678134918213 0.21899999678134918213 0.21899999678134918213 0.21899999678134918213 0.21899999678134918213 0.21899999678134918213 0.21899999678134918213 0.21899999678134918213 0.21899999678134918213 0.59307700395584106445
0.60291200876235961914 0.61309999227523803711 0.60291200876235961914 0.60291200876235961914 0.60291200876235961914 0.55740702152252197266 0.59572798013687133789 0.60808002948760986328 0.60291200876235961914 0.58696097135543823242 1.6288839578628540039 0.59572798013687133789 0.59572798013687133789 0.0010280000278726220131 0.0010280000278726220131 0.0010280000278726220131 0.0010280000278726220131 0.0010280000278726220131 0.0010280000278726220131 0.61352699995040893555 0.59217202663421630859 0.59917402267456054688 0.21899999678134918213 0.21899999678134918213 0.21899999678134918213 0.21899999678134918213 0.21899999678134918213 0.21899999678134918213 0.21899999678134918213 0.21899999678134918213 0.21899999678134918213 0.21899999678134918213 0.21899999678134918213 0.21899999678134918213 0.21899999678134918213 0.21899999678134918213 0.21899999678134918213 0.59572798013687133789 0.59152001142501831055
0.60291200876235961914 0.60291200876235961914 0.60291200876235961914 0.59572798013687133789 0.60808002948760986328 0.59572798013687133789 0.607975006103515625 0.59361398220062255859 0.607975006103515625 1.6288839578628540039 1.6288720369338989258 0.60291200876235961914 0.0010280000278726220131 0.0010280000278726220131 0.0010280000278726220131 0.0010280000278726220131 0.0010280000278726220131 0.0010280000278726220131 0.59917402267456054688 0.60328602790832519531 0.59917700290679931641 0.21899999678134918213 0.21899999678134918213 0.21899999678134918213 0.21899999678134918213 0.21899999678134918213 0.21899999678134918213 0.21899999678134918213 0.21899999678134918213 0.21899999678134918213 0.21899999678134918213 0.21899999678134918213 0.21899999678134918213 0.21899999678134918213 0.21899999678134918213 0.21899999678134918213 0.21899999678134918213 1.6287629604339599609 0.59152001142501831055
0.60291200876235961914 0.60291200876235961914 0.60808002948760986328 0.54656302928924560547 0.59152001142501831055 0.59152001142501831055 0.59152001142501831055 0.59152001142501831055 1.6287629604339599609 1.6288100481033325195 0.59361398220062255859 0.59152001142501831055 0.0010280000278726220131 0.0010280000278726220131 0.59361398220062255859 0.59361398220062255859 0.59152001142501831055 0.59361398220062255859 0.59361398220062255859 0.59917700290679931641 0.21899999678134918213 0.21899999678134918213 0.21899999678134918213 0.21899999678134918213 0.21899999678134918213 0.21899999678134918213 0.21899999678134918213 0.21899999678134918213 0.21899999678134918213 0.21899999678134918213 0.21899999678134918213 0.21899999678134918213 1.6288299560546875 1.6288299560546875 1.6288299560546875 1.6288299560546875 1.6288299560546875 1.6288299560546875 1.6288299560546875
0.59152001142501831055 0.59572798013687133789 0.59152001142501831055 1.6288130283355712891 1.0479029417037963867 1.6288130283355712891 1.6287310123443603516 0.5590680241584777832 1.0476629734039306641 1.0481580495834350586 0.59307700395584106445 0.21899999678134918213 0.59152001142501831055 0.59572798013687133789 0.59152001142501831055 0.59152001142501831055 0.59361398220062255859 0.59028297662734985352 0.21899999678134918213 0.21899999678134918213 0.21899999678134918213 0.21899999678134918213 0.21899999678134918213 0.21899999678134918213 0.21899999678134918213 0.21899999678134918213 0.21899999678134918213 0.21899999678134918213 0.21899999678134918213 1.0482790470123291016 1.6287430524826049805 1.6286740303039550781 1.6286740303039550781 1.0479340553283691406 1.6286740303039550781 1.6287629604339599609 1.6286740303039550781 1.6288299560546875 1.6288299560546875
0.59917700290679931641 0.59152001142501831055 0.59152001142501831055 1.6287310123443603516 0.0010280000278726220131 0.0010280000278726220131 0.0010280000278726220131 0.0010280000278726220131 0.21899999678134918213 0.21899999678134918213 0.21899999678134918213 0.21899999678134918213 0.21899999678134918213 0.21899999678134918213 0.6051890254020690918 0.21899999678134918213 0.21899999678134918213 0.21899999678134918213 0.21899999678134918213 0.21899999678134918213 0.21899999678134918213 0.21899999678134918213 0.21899999678134918213 0.21899999678134918213 0.21899999678134918213 1.048092961311340332 1.048153996467590332 0.59206002950668334961 1.0480489730834960938 1.6287590265274047852 1.6284170150756835938 1.6286740303039550781 1.6287430524826049805 1.0477939844131469727 1.6287629604339599609 1.6287590265274047852 1.6287590265274047852 1.6288299560546875 1.6288299560546875
1.6288299560546875 1.6288659572601318359 1.6287629604339599609 1.6288299560546875 1.6288299560546875 0.21899999678134918213 0.21899999678134918213 0.21899999678134918213 0.21899999678134918213 0.21899999678134918213 0.21899999678134918213 0.21899999678134918213 0.21899999678134918213 0.21899999678134918213 0.21899999678134918213 0.21899999678134918213 0.21899999678134918213 0.21899999678134918213 0.21899999678134918213 0.21899999678134918213 0.21899999678134918213 0.21899999678134918213 0.21899999678134918213 0.21899999678134918213 0.21899999678134918213 1.6288299560546875 1.6287590265274047852 0.58913898468017578125 1.0480400323867797852 1.0480400323867797852 1.6287430524826049805 1.6287590265274047852 1.6287430524826049805 0.59206002950668334961 1.6287430524826049805 1.6287139654159545898 0.58913898468017578125 0.58913898468017578125 0.58913898468017578125
0.59678602218627929688 0.60041797161102294922 1.6288659572601318359 1.6288299560546875 1.0481990575790405273 1.0480400323867797852 1.048092961311340332 0.21899999678134918213 1.0481990575790405273 0.21899999678134918213 0.21899999678134918213 0.21899999678134918213 1.0479589700698852539 1.0482480525970458984 0.21899999678134918213 1.0481990575790405273 0.21899999678134918213 0.21899999678134918213 0.21899999678134918213 1.0481990575790405273 0.21899999678134918213 0.21899999678134918213 0.60041797161102294922 0.60041797161102294922 1.6288659572601318359 1.6287590265274047852 1.6287590265274047852 0.59206002950668334961 1.6287430524826049805 0.59206002950668334961 1.6288659572601318359 0.60041797161102294922 0.59917700290679931641 0.59678602218627929688 0.58696097135543823242 0.58696097135543823242 0.60652697086334228516 0.61104702949523925781 0.58696097135543823242
0.60041797161102294922 1.6288349628448486328 1.6288349628448486328 1.6288659572601318359 1.6287629604339599609 1.6288659572601318359 1.6288659572601318359 1.6287590265274047852 1.6287590265274047852 1.6288659572601318359 1.6288659572601318359 1.6287629604339599609 1.0481990575790405273 1.6288659572601318359 1.6288349628448486328 1.6287629604339599609 1.6287629604339599609 1.6287629604339599609 1.6287590265274047852 0.58913898468017578125 1.6287590265274047852 0.59678602218627929688 0.59678602218627929688 0.59678602218627929688 0.58913898468017578125 1.6288349628448486328 1.6288349628448486328 1.6287430524826049805 0.60041797161102294922 1.6287430524826049805 0.59206002950668334961 0.59678602218627929688 0.60652697086334228516 0.60652697086334228516 0.60652697086334228516 0.60652697086334228516 0.60652697086334228516 0.6051890254020690918 0.60652697086334228516
1.6288779973983764648 0.59678602218627929688 0.60041797161102294922 0.59678602218627929688 1.6287139654159545898 0.58913898468017578125 0.58913898468017578125 0.59678602218627929688 0.59678602218627929688 1.6287629604339599609 1.6287430524826049805 1.6288659572601318359 1.6288659572601318359 1.6288349628448486328 1.6288349628448486328 1.6287430524826049805 1.6287430524826049805 1.6287629604339599609 1.6288659572601318359 0.60041797161102294922 0.59678602218627929688 0.59678602218627929688 0.59678602218627929688 0.60041797161102294922 1.6288349628448486328 0.59678602218627929688 0.59678602218627929688 1.6287430524826049805 1.6287430524826049805 1.6288779973983764648 0.59678602218627929688 0.60652697086334228516 0.60652697086334228516 0.60652697086334228516 0.60652697086334228516 0.60652697086334228516 0.59028297662734985352 0.60609197616577148438 0.60652697086334228516
0.61212301254272460938 0.60545802116394042969 0.59028297662734985352 0.59917700290679931641 0.60414499044418334961 0.59678602218627929688 0.58696097135543823242 0.59678602218627929688 0.59678602218627929688 0.59678602218627929688 1.6287629604339599609 1.6288659572601318359 1.6288349628448486328 1.6287629604339599609 1.6287590265274047852 1.6288349628448486328 1.6288349628448486328 1.6287430524826049805 0.60041797161102294922 0.60041797161102294922 0.59678602218627929688 0.59678602218627929688 0.61104702949523925781 0.59678602218627929688 0.59678602218627929688 0.61104702949523925781 0.60652697086334228516 0.58372300863265991211 0.59678602218627929688 0.60545802116394042969 0.60545802116394042969 0.60652697086334228516 0.60652697086334228516 0.0010280000278726220131 0.0010280000278726220131 0.0010280000278726220131 0.60545802116394042969 0.607975006103515625 0.60652697086334228516
