Big_Beef/DataInputs30m/o_10_ChemistryPools/1990_Mar2025/N_g_Det_BgStem_2.asc
ncols        345
nrows        426
xllcorner    508536.404131802963
yllcorner    5265678.997906560078
cellsize     30.000000000000
NODATA_value -9999
[rows 270 to 287 of 426, columns 234 to 272 of 345]
1.7053890228271484375 2.4399499893188476562 1.7053890228271484375 1.7053890228271484375 1.1172389984130859375 0.76703202724456787109 1.1172389984130859375 1.8031200170516967773 0.88700002431869506836 0.77356201410293579102 0.19004499912261962891 0.17346400022506713867 1.2943010330200195312 1.2943010330200195312 0.8775730133056640625 1.8031200170516967773 0.79246300458908081055 0.76581799983978271484 4.6729488372802734375 0.76638001203536987305 0.80768501758575439453 1.8348510265350341797 1.4721360206604003906 0.94872397184371948242 0.94872397184371948242 0.94872397184371948242 0.94872397184371948242 0.8775730133056640625 0.77270597219467163086 0.86675000190734863281 0.86675000190734863281 1.0559999942779541016 1.0559999942779541016 0.88700002431869506836 1.3647589683532714844 1.1583780050277709961 1.1172389984130859375 1.1172389984130859375 0.19370700418949127197
3.4573509693145751953 2.4399499893188476562 1.7053890228271484375 2.4399499893188476562 0.76703202724456787109 0.76703202724456787109 1.1172389984130859375 1.9676309823989868164 0.2031729966402053833 0.15886299312114715576 3.2152249813079833984 3.4573509693145751953 3.4573509693145751953 1.1376440525054931641 0.81248402595520019531 0.76638001203536987305 3.4573509693145751953 1.6890000104904174805 0.79246300458908081055 1.2637000083923339844 1.8348510265350341797 1.0559999942779541016 1.0559999942779541016 0.81248402595520019531 1.0559999942779541016 0.90556800365447998047 0.88700002431869506836 1.3452149629592895508 0.76703202724456787109 1.0559999942779541016 0.2005790024995803833 0.88700002431869506836 0.88700002431869506836 1.3127410411834716797 1.1172389984130859375 1.1172389984130859375 1.425686955451965332 1.1172389984130859375 0.76884400844573974609
3.4573509693145751953 2.4399499893188476562 0.76646697521209716797 2.4399499893188476562 1.3255950212478637695 0.8775730133056640625 0.8775730133056640625 3.4573509693145751953 3.4573509693145751953 1.1172389984130859375 3.4573509693145751953 3.4573509693145751953 3.4573509693145751953 0.88700002431869506836 1.6890000104904174805 1.3646709918975830078 0.87759000062942504883 0.88700002431869506836 1.0559999942779541016 2.4489998817443847656 1.6890000104904174805 0.88700002431869506836 0.88700002431869506836 1.3719389438629150391 1.3719389438629150391 1.0559999942779541016 1.0559999942779541016 0.94872397184371948242 0.94872397184371948242 0.94872397184371948242 1.0559999942779541016 1.3279520273208618164 1.3127410411834716797 0.94872397184371948242 1.1172389984130859375 3.2152249813079833984 1.9676309823989868164 0.76581901311874389648 0.77767598628997802734
0.76646697521209716797 3.4573509693145751953 3.4573509693145751953 3.4573509693145751953 1.1172389984130859375 0.8775730133056640625 3.4573509693145751953 3.4573509693145751953 3.4573509693145751953 1.2094850540161132812 0.77270597219467163086 1.8031200170516967773 0.90959399938583374023 0.86675000190734863281 0.14344899356365203857 1.6890000104904174805 1.6890000104904174805 1.2949340343475341797 1.2872010469436645508 1.0559999942779541016 0.88700002431869506836 0.88700002431869506836 1.0559999942779541016 1.3719389438629150391 1.0559999942779541016 0.94872397184371948242 1.3452149629592895508 1.0559999942779541016 0.079000003635883331299 0.079000003635883331299 0.88700002431869506836 1.3279520273208618164 0.079000003635883331299 0.63300001621246337891 0.079000003635883331299 0.079000003635883331299 1.425686955451965332 0.76581901311874389648 0.94872397184371948242
0.8775730133056640625 0.76646697521209716797 0.76703202724456787109 0.8775730133056640625 1.1172389984130859375 0.76884400844573974609 3.4573509693145751953 3.4573509693145751953 3.4573509693145751953 3.4573509693145751953 0.87759000062942504883 2.4489998817443847656 1.0559999942779541016 1.0770779848098754883 1.3719389438629150391 1.0559999942779541016 0.88700002431869506836 1.3200080394744873047 0.88700002431869506836 1.0559999942779541016 1.2194850444793701172 0.88700002431869506836 1.3419289588928222656 1.4163269996643066406 1.0559999942779541016 1.2637000083923339844 1.8031200170516967773 1.2637000083923339844 1.6890000104904174805 1.6890000104904174805 0.079000003635883331299 0.079000003635883331299 0.18889300525188446045 0.079000003635883331299 0.079000003635883331299 1.425686955451965332 0.079000003635883331299 0.079000003635883331299 0.079000003635883331299
0.94872397184371948242 0.76923298835754394531 0.76923298835754394531 0.94872397184371948242 0.8775730133056640625 0.76757699251174926758 1.1172389984130859375 3.4573509693145751953 1.1172389984130859375 0.87018799781799316406 0.80768501758575439453 0.88700002431869506836 0.88700002431869506836 0.88700002431869506836 0.88700002431869506836 1.0559999942779541016 1.3127410411834716797 0.88700002431869506836 1.2194850444793701172 0.88700002431869506836 1.0559999942779541016 0.16500300168991088867 0.8775730133056640625 3.0991790294647216797 1.8031200170516967773 1.2637000083923339844 3.0036909580230712891 1.3084830045700073242 0.22096100449562072754 0.76884400844573974609 0.76884400844573974609 0.22096100449562072754 1.9676309823989868164 2.7058460712432861328 3.2152249813079833984 3.0036909580230712891 0.19314399361610412598 0.18889300525188446045 1.8031200170516967773
1.183730006217956543 1.1172389984130859375 0.90556800365447998047 0.8775730133056640625 0.90556800365447998047 0.77767598628997802734 0.80768501758575439453 0.76757699251174926758 1.0559999942779541016 1.0559999942779541016 0.88700002431869506836 0.19734500348567962646 1.3419289588928222656 1.3419289588928222656 1.6890000104904174805 0.88700002431869506836 1.228466033935546875 0.88700002431869506836 1.0559999942779541016 0.1626459956169128418 0.88700002431869506836 1.0559999942779541016 3.0991790294647216797 3.5764200687408447266 2.0998060703277587891 3.0991790294647216797 3.2152249813079833984 0.83000397682189941406 1.8031200170516967773 1.425686955451965332 0.88700002431869506836 0.77767598628997802734 1.8031200170516967773 3.0036909580230712891 0.77356201410293579102 1.8031200170516967773 0.22096100449562072754 0.76581901311874389648 2.2231109142303466797
1.7053890228271484375 1.1172389984130859375 0.90556800365447998047 0.76646697521209716797 0.87018799781799316406 0.83629500865936279297 1.1172389984130859375 1.183730006217956543 0.88700002431869506836 0.88700002431869506836 0.77767598628997802734 0.88700002431869506836 1.0559999942779541016 1.6890000104904174805 1.6890000104904174805 1.1172389984130859375 1.2495160102844238281 1.0559999942779541016 0.19831000268459320068 1.425686955451965332 1.425686955451965332 1.7486970424652099609 3.0991790294647216797 3.0991790294647216797 3.2152249813079833984 3.0991790294647216797 0.83000397682189941406 1.9119869470596313477 1.425686955451965332 1.425686955451965332 1.8031200170516967773 2.7058460712432861328 0.77356201410293579102 3.0036909580230712891 0.80768501758575439453 1.8031200170516967773 1.425686955451965332 0.8775730133056640625 1.8031200170516967773
0.80768501758575439453 0.90556800365447998047 0.77024501562118530273 0.77024501562118530273 0.35539001226425170898 0.83629500865936279297 0.81183201074600219727 0.81183201074600219727 1.183730006217956543 1.425686955451965332 0.88700002431869506836 0.90556800365447998047 0.78160399198532104492 1.183730006217956543 0.80649000406265258789 0.78160399198532104492 1.1172389984130859375 0.19370700418949127197 1.1376440525054931641 1.425686955451965332 3.0991790294647216797 1.7486970424652099609 3.0991790294647216797 3.0991790294647216797 0.80768501758575439453 0.83000397682189941406 0.83000397682189941406 0.83000397682189941406 1.9119869470596313477 0.88650602102279663086 1.8031200170516967773 3.0036909580230712891 0.83000397682189941406 0.83000397682189941406 0.83000397682189941406 0.80768501758575439453 3.2152249813079833984 0.80768501758575439453 1.1172389984130859375
0.87018799781799316406 0.77024501562118530273 0.87018799781799316406 0.35539001226425170898 0.77606701850891113281 1.2943010330200195312 5.5684208869934082031 0.83000397682189941406 1.425686955451965332 0.78160399198532104492 1.0770779848098754883 0.78160399198532104492 0.78160399198532104492 1.425686955451965332 1.425686955451965332 1.425686955451965332 2.2904229164123535156 1.1172389984130859375 0.88650602102279663086 1.425686955451965332 3.0991790294647216797 3.5764200687408447266 3.4573509693145751953 0.80649000406265258789 3.0991790294647216797 1.2943010330200195312 1.2943010330200195312 0.83000397682189941406 3.0036909580230712891 3.2152249813079833984 0.83000397682189941406 3.0036909580230712891 3.8383669853210449219 5.5684208869934082031 0.83000397682189941406 0.79246300458908081055 2.7058460712432861328 1.1172389984130859375 1.0431040525436401367
1.425686955451965332 0.78160399198532104492 2.2904229164123535156 1.425686955451965332 1.425686955451965332 1.2943010330200195312 1.425686955451965332 0.78160399198532104492 0.78160399198532104492 0.78160399198532104492 1.425686955451965332 1.425686955451965332 3.0991790294647216797 1.425686955451965332 1.9119869470596313477 0.78160399198532104492 1.1172389984130859375 0.22689700126647949219 0.78160399198532104492 0.78160399198532104492 3.0991790294647216797 0.80649000406265258789 3.0991790294647216797 3.8383669853210449219 3.0991790294647216797 2.7058460712432861328 2.7058460712432861328 2.7058460712432861328 1.8031200170516967773 0.77356201410293579102 0.83000397682189941406 5.5684208869934082031 5.5684208869934082031 3.8383669853210449219 0.83000397682189941406 3.2152249813079833984 0.77356201410293579102 1.1172389984130859375 0.83000397682189941406
0.77767598628997802734 1.425686955451965332 1.183730006217956543 1.183730006217956543 0.35539001226425170898 0.80649000406265258789 1.425686955451965332 1.425686955451965332 1.0073349475860595703 1.425686955451965332 0.87018799781799316406 0.87018799781799316406 1.425686955451965332 0.87018799781799316406 1.425686955451965332 1.425686955451965332 1.0559999942779541016 3.8383669853210449219 0.78160399198532104492 3.0991790294647216797 0.80768501758575439453 3.0036909580230712891 1.425686955451965332 3.8383669853210449219 3.2152249813079833984 2.7058460712432861328 3.2152249813079833984 1.425686955451965332 1.8031200170516967773 3.2152249813079833984 0.83000397682189941406 5.5684208869934082031 3.8383669853210449219 0.83000397682189941406 1.425686955451965332 2.7058460712432861328 0.77767598628997802734 1.1172389984130859375 1.1172389984130859375
0.90556800365447998047 0.35539001226425170898 1.183730006217956543 0.35539001226425170898 1.183730006217956543 1.425686955451965332 1.425686955451965332 1.425686955451965332 1.425686955451965332 1.2949340343475341797 0.23027700185775756836 1.183730006217956543 0.88216900825500488281 0.87018799781799316406 2.7058460712432861328 1.0770779848098754883 3.8383669853210449219 0.88700002431869506836 0.78160399198532104492 3.0991790294647216797 3.0991790294647216797 0.83000397682189941406 0.83000397682189941406 1.2637000083923339844 0.83000397682189941406 2.7058460712432861328 3.2152249813079833984 1.425686955451965332 1.8031200170516967773 0.77356201410293579102 0.77356201410293579102 0.85158699750900268555 0.83000397682189941406 3.8383669853210449219 2.7058460712432861328 0.79246300458908081055 0.77767598628997802734 0.079000003635883331299 1.8031200170516967773
0.35539001226425170898 0.35539001226425170898 1.0770779848098754883 1.0770779848098754883 1.0770779848098754883 0.94872397184371948242 0.78645801544189453125 1.0431040525436401367 0.77024501562118530273 0.88700002431869506836 0.19217799603939056396 0.18404500186443328857 2.2231109142303466797 1.425686955451965332 1.425686955451965332 1.0559999942779541016 1.0748820304870605469 0.78160399198532104492 0.78160399198532104492 1.9676309823989868164 1.3905329704284667969 3.8383669853210449219 0.83000397682189941406 0.83000397682189941406 2.7058460712432861328 0.80649000406265258789 1.1172389984130859375 1.8031200170516967773 1.3905329704284667969 1.2637000083923339844 0.83000397682189941406 3.8383669853210449219 5.5684208869934082031 1.2637000083923339844 2.7058460712432861328 1.5020530223846435547 1.425686955451965332 0.76581901311874389648 1.8031200170516967773
0.78679001331329345703 1.0770779848098754883 0.88700002431869506836 0.88700002431869506836 0.88700002431869506836 0.23784799873828887939 0.90556800365447998047 0.90556800365447998047 1.425686955451965332 1.183730006217956543 0.88700002431869506836 1.425686955451965332 1.425686955451965332 1.2637000083923339844 0.88700002431869506836 3.5764200687408447266 3.5764200687408447266 1.0073349475860595703 3.0991790294647216797 1.0073349475860595703 0.80768501758575439453 0.80768501758575439453 0.83000397682189941406 0.83000397682189941406 0.80649000406265258789 1.0239369869232177734 3.0036909580230712891 3.0036909580230712891 0.77356201410293579102 0.83000397682189941406 0.83000397682189941406 0.80768501758575439453 2.7058460712432861328 1.425686955451965332 0.77356201410293579102 0.77767598628997802734 1.425686955451965332 0.76581901311874389648 0.77767598628997802734
0.8775730133056640625 1.441537022590637207 1.2872010469436645508 0.88700002431869506836 0.19611600041389465332 0.94883400201797485352 0.90556800365447998047 1.425686955451965332 0.88700002431869506836 1.425686955451965332 0.76646697521209716797 0.76923298835754394531 0.83629500865936279297 0.77767598628997802734 0.88700002431869506836 1.1172389984130859375 3.5764200687408447266 2.7058460712432861328 0.80768501758575439453 1.9676309823989868164 0.80768501758575439453 1.9119869470596313477 3.2152249813079833984 0.83000397682189941406 0.83000397682189941406 3.8383669853210449219 0.77767598628997802734 1.8031200170516967773 0.80649000406265258789 0.83000397682189941406 0.83000397682189941406 3.0036909580230712891 0.80649000406265258789 1.425686955451965332 1.8031200170516967773 1.425686955451965332 1.9676309823989868164 1.425686955451965332 1.1172389984130859375
1.183730006217956543 1.0559999942779541016 0.88700002431869506836 1.0559999942779541016 1.0770779848098754883 0.90556800365447998047 0.90556800365447998047 1.425686955451965332 0.80768501758575439453 0.90556800365447998047 0.76646697521209716797 0.77359402179718017578 0.80768501758575439453 1.0559999942779541016 0.16500300168991088867 2.8079140186309814453 0.80649000406265258789 2.7058460712432861328 0.80768501758575439453 1.425686955451965332 2.7058460712432861328 3.6957819461822509766 2.7058460712432861328 2.7058460712432861328 0.83000397682189941406 0.80649000406265258789 0.77767598628997802734 0.77767598628997802734 0.80649000406265258789 0.80649000406265258789 0.83000397682189941406 3.0036909580230712891 0.83629500865936279297 1.0073349475860595703 0.83629500865936279297 2.2904229164123535156 1.425686955451965332 0.76884400844573974609 1.425686955451965332
0.81704598665237426758 0.76646697521209716797 1.0559999942779541016 1.183730006217956543 0.80768501758575439453 0.94883400201797485352 1.425686955451965332 0.77767598628997802734 0.90556800365447998047 0.76646697521209716797 0.77024501562118530273 1.425686955451965332 1.425686955451965332 1.183730006217956543 0.80649000406265258789 0.80649000406265258789 5.5684208869934082031 2.7058460712432861328 2.7058460712432861328 0.77767598628997802734 0.77767598628997802734 1.9119869470596313477 0.83000397682189941406 3.8383669853210449219 1.8031200170516967773 3.8383669853210449219 0.80649000406265258789 1.425686955451965332 3.0036909580230712891 0.77767598628997802734 0.80649000406265258789 0.77767598628997802734 3.0991790294647216797 1.0770779848098754883 0.78160399198532104492 2.2904229164123535156 0.76884400844573974609 1.1172389984130859375 0.76884400844573974609
