Big_Beef/DataInputs30m/o_10_ChemistryPools/1990_Mar2025/N_g_root_2.asc
ncols        345
nrows        426
xllcorner    508536.404131802963
yllcorner    5265678.997906560078
cellsize     30.000000000000
NODATA_value -9999
[rows 270 to 287 of 426, columns 0 to 38 of 345]
3.0629971027374267578 2.9962720870971679688 3.1441850662231445312 3.1372470855712890625 2.3648560047149658203 2.3648560047149658203 2.3648560047149658203 3.0014989376068115234 3.0744600296020507812 3.0744600296020507812 2.8895471096038818359 3.0014989376068115234 3.0744600296020507812 3.0744600296020507812 3.0744600296020507812 3.0744600296020507812 2.9865860939025878906 2.8288021087646484375 3.0744600296020507812 3.0744600296020507812 5.3677740097045898438 3.0772418975830078125 2.2451639175415039062 2.96265411376953125 3.1453509330749511719 2.4842219352722167969 5.3681950569152832031 2.8895471096038818359 3.0014989376068115234 3.0744600296020507812 3.0744600296020507812 3.0014989376068115234 3.0744600296020507812 3.0259680747985839844 2.8288021087646484375 2.8288021087646484375 2.8288021087646484375 2.8288021087646484375 3.0744600296020507812
5.367382049560546875 3.0014989376068115234 0.07196000218391418457 3.0663878917694091797 2.3648560047149658203 2.3648560047149658203 3.1441850662231445312 3.0744600296020507812 3.0014989376068115234 2.96265411376953125 3.0014989376068115234 3.0014989376068115234 3.1441850662231445312 3.0744600296020507812 3.1060690879821777344 3.1060690879821777344 3.1060690879821777344 2.9865860939025878906 3.0744600296020507812 3.0772418975830078125 2.8895471096038818359 2.8895471096038818359 2.8529279232025146484 2.96265411376953125 3.1453509330749511719 3.1246020793914794922 2.4843950271606445312 3.0816929340362548828 3.0816929340362548828 2.2451639175415039062 3.0744600296020507812 3.1419510841369628906 3.1419510841369628906 2.2451639175415039062 3.0259680747985839844 3.1060690879821777344 2.8288021087646484375 3.0744600296020507812 3.1468710899353027344
2.4816889762878417969 2.3648560047149658203 2.3648560047149658203 3.0663878917694091797 2.6299979686737060547 3.1220180988311767578 3.1533539295196533203 2.9865860939025878906 3.1060690879821777344 3.0014989376068115234 3.0014989376068115234 3.0014989376068115234 3.0209031105041503906 2.2451639175415039062 3.1220180988311767578 3.1220180988311767578 3.0744600296020507812 3.0744600296020507812 3.0744600296020507812 2.96265411376953125 2.96265411376953125 2.96265411376953125 2.8529279232025146484 2.96265411376953125 5.3681950569152832031 5.3675861358642578125 2.7573568820953369141 3.0259680747985839844 2.8288021087646484375 3.0744600296020507812 2.8288021087646484375 2.8288021087646484375 2.8288021087646484375 3.0772418975830078125 2.8288021087646484375 2.8288021087646484375 2.8288021087646484375 3.0744600296020507812 1.8487420082092285156
2.8895471096038818359 2.9865860939025878906 2.1129109859466552734 2.6299979686737060547 2.6299979686737060547 3.1060690879821777344 3.1060690879821777344 3.0772418975830078125 3.0014989376068115234 3.1060690879821777344 3.0744600296020507812 2.2451639175415039062 2.8529279232025146484 2.8529279232025146484 2.2451639175415039062 3.1220180988311767578 2.1129109859466552734 3.0744600296020507812 2.8288021087646484375 2.96265411376953125 2.8529279232025146484 2.5979490280151367188 2.5979490280151367188 3.0014989376068115234 5.3681950569152832031 3.0744600296020507812 2.8333380222320556641 2.8288021087646484375 2.8288021087646484375 3.0744600296020507812 2.8288021087646484375 2.8288021087646484375 3.0744600296020507812 3.0744600296020507812 3.0744600296020507812 3.0014989376068115234 2.2451639175415039062 2.8895471096038818359 3.1561639308929443359
2.8288021087646484375 3.1060690879821777344 3.1060690879821777344 3.0744600296020507812 3.0744600296020507812 5.3677740097045898438 3.0744600296020507812 3.1060690879821777344 3.1246020793914794922 3.1060690879821777344 3.1060690879821777344 3.1441850662231445312 2.2451639175415039062 2.8288021087646484375 3.1220180988311767578 3.1220180988311767578 3.1060690879821777344 2.8288021087646484375 3.0744600296020507812 2.0090260505676269531 2.5979490280151367188 2.2451639175415039062 2.5979490280151367188 3.1419510841369628906 3.1453509330749511719 3.0744600296020507812 3.0259680747985839844 2.2451639175415039062 2.2451639175415039062 3.0744600296020507812 3.0744600296020507812 3.0744600296020507812 3.0744600296020507812 2.8288021087646484375 3.0744600296020507812 3.0744600296020507812 3.0744600296020507812 3.0744600296020507812 0.079700000584125518799
2.3339478969573974609 2.2451639175415039062 3.1441850662231445312 2.5308170318603515625 2.2451639175415039062 5.3681950569152832031 3.1246020793914794922 3.0014989376068115234 3.1246020793914794922 3.0014989376068115234 3.1060690879821777344 3.1441850662231445312 2.2451639175415039062 2.8288021087646484375 3.1060690879821777344 3.1220180988311767578 2.2451639175415039062 3.0744600296020507812 3.0744600296020507812 3.0744600296020507812 2.8288021087646484375 2.8529279232025146484 3.0014989376068115234 0.87599998712539672852 3.1419510841369628906 3.1419510841369628906 2.8288021087646484375 2.2451639175415039062 2.8288021087646484375 3.1060690879821777344 3.0744600296020507812 3.0744600296020507812 3.0014989376068115234 3.1441850662231445312 3.0744600296020507812 3.0744600296020507812 3.0744600296020507812 3.1441850662231445312 2.5308170318603515625
3.1468710899353027344 2.2451639175415039062 3.1896159648895263672 3.1622369289398193359 2.4818511009216308594 3.0014989376068115234 3.1468710899353027344 5.3676509857177734375 2.4818511009216308594 5.3628091812133789062 3.0663878917694091797 2.2451639175415039062 2.8288021087646484375 2.8288021087646484375 2.2451639175415039062 2.9865860939025878906 3.1060690879821777344 3.1060690879821777344 2.8288021087646484375 2.2451639175415039062 2.96265411376953125 2.2451639175415039062 0.87599998712539672852 0.87599998712539672852 3.1453509330749511719 3.1419510841369628906 2.8288021087646484375 2.2451639175415039062 2.2451639175415039062 2.2451639175415039062 3.0744600296020507812 2.2451639175415039062 2.8288021087646484375 3.1441850662231445312 3.0744600296020507812 3.0744600296020507812 3.0744600296020507812 2.6299979686737060547 3.1441850662231445312
2.3339478969573974609 2.5308170318603515625 3.0209031105041503906 3.1220180988311767578 2.3339478969573974609 0.07196000218391418457 0.07196000218391418457 2.4727880954742431641 1.9208339452743530273 5.3628091812133789062 2.3339478969573974609 3.0663878917694091797 2.8288021087646484375 2.2451639175415039062 2.8288021087646484375 3.1060690879821777344 2.8288021087646484375 3.1435949802398681641 2.8188550472259521484 2.2451639175415039062 2.3648560047149658203 3.0209031105041503906 3.0599749088287353516 3.1060690879821777344 2.8895471096038818359 2.8288021087646484375 2.2451639175415039062 2.2451639175415039062 2.2451639175415039062 3.0744600296020507812 2.8288021087646484375 3.0744600296020507812 3.0744600296020507812 3.0744600296020507812 3.1441850662231445312 3.0744600296020507812 3.0744600296020507812 0.0886000022292137146 0.079700000584125518799
3.1561639308929443359 2.6299979686737060547 3.0209031105041503906 3.1896159648895263672 3.0663878917694091797 0.07196000218391418457 0.07196000218391418457 1.9208339452743530273 2.48021697998046875 3.1419289112091064453 5.2444720268249511719 3.0014989376068115234 2.2451639175415039062 3.1060690879821777344 2.8288021087646484375 2.8288021087646484375 2.8288021087646484375 3.1441850662231445312 2.3648560047149658203 2.8333380222320556641 0.87599998712539672852 0.87599998712539672852 0.87599998712539672852 3.0014989376068115234 3.0663878917694091797 3.1441850662231445312 2.8288021087646484375 2.8288021087646484375 2.8529279232025146484 2.8529279232025146484 3.0744600296020507812 3.0744600296020507812 2.8529279232025146484 2.3648560047149658203 2.8288021087646484375 3.0744600296020507812 2.2451639175415039062 0.0886000022292137146 0.0886000022292137146
2.3339478969573974609 3.0663878917694091797 2.1129109859466552734 3.0014989376068115234 1.8487420082092285156 0.07196000218391418457 0.07196000218391418457 0.07196000218391418457 2.4810938835144042969 2.3339478969573974609 2.3339478969573974609 3.0663878917694091797 2.8288021087646484375 2.8288021087646484375 2.8288021087646484375 2.8288021087646484375 2.2451639175415039062 2.8288021087646484375 2.3648560047149658203 2.2451639175415039062 0.87599998712539672852 0.87599998712539672852 0.87599998712539672852 3.1060690879821777344 3.0663878917694091797 3.1441850662231445312 2.8288021087646484375 2.8288021087646484375 2.8288021087646484375 2.2451639175415039062 3.0744600296020507812 3.0744600296020507812 2.2451639175415039062 3.0744600296020507812 2.2451639175415039062 2.2451639175415039062 0.0053280000574886798859 0.0886000022292137146 0.0886000022292137146
0.07196000218391418457 3.0663878917694091797 3.0663878917694091797 3.0663878917694091797 0.07196000218391418457 0.07196000218391418457 0.07196000218391418457 0.07196000218391418457 0.07196000218391418457 2.3339478969573974609 2.3339478969573974609 3.0209031105041503906 2.2451639175415039062 3.1060690879821777344 3.1060690879821777344 2.8288021087646484375 2.8288021087646484375 2.96265411376953125 2.8529279232025146484 2.2451639175415039062 0.87599998712539672852 0.87599998712539672852 3.1060690879821777344 3.1896159648895263672 2.9865860939025878906 3.1441850662231445312 2.8288021087646484375 2.8288021087646484375 3.0014989376068115234 2.5979490280151367188 2.8288021087646484375 3.0014989376068115234 2.8288021087646484375 3.1441850662231445312 3.1441850662231445312 3.1441850662231445312 3.0744600296020507812 2.3648560047149658203 3.0744600296020507812
1.9208339452743530273 2.3339478969573974609 3.0663878917694091797 2.3648560047149658203 0.07196000218391418457 0.07196000218391418457 0.07196000218391418457 0.07196000218391418457 0.07196000218391418457 0.07196000218391418457 0.07196000218391418457 2.5308170318603515625 2.8288021087646484375 3.1220180988311767578 2.2451639175415039062 2.5979490280151367188 2.8895471096038818359 2.3648560047149658203 2.8288021087646484375 2.3339478969573974609 3.0014989376068115234 3.0663878917694091797 3.1419510841369628906 2.3648560047149658203 2.8288021087646484375 2.8288021087646484375 2.8288021087646484375 2.2451639175415039062 2.8895471096038818359 2.5979490280151367188 2.8529279232025146484 2.2451639175415039062 2.8288021087646484375 2.8288021087646484375 3.1441850662231445312 3.1441850662231445312 2.8288021087646484375 0.0886000022292137146 3.0599749088287353516
0.07196000218391418457 2.3339478969573974609 2.8188550472259521484 2.3339478969573974609 2.3339478969573974609 0.07196000218391418457 0.07196000218391418457 0.07196000218391418457 1.5965770483016967773 2.3339478969573974609 2.5308170318603515625 3.1060690879821777344 2.2451639175415039062 3.1060690879821777344 2.2451639175415039062 2.8288021087646484375 2.8288021087646484375 2.8288021087646484375 0.87599998712539672852 0.87599998712539672852 3.0014989376068115234 3.1896159648895263672 2.8288021087646484375 2.8288021087646484375 3.0744600296020507812 3.1441850662231445312 3.1441850662231445312 3.1441850662231445312 3.0744600296020507812 2.6299979686737060547 3.0014989376068115234 3.0014989376068115234 3.0014989376068115234 3.0014989376068115234 0.054900001734495162964 3.1441850662231445312 3.1441850662231445312 0.0886000022292137146 0.0886000022292137146
1.9208339452743530273 1.5965770483016967773 2.3339478969573974609 2.3339478969573974609 2.3339478969573974609 0.07196000218391418457 0.07196000218391418457 1.5965770483016967773 1.9208339452743530273 3.1888270378112792969 3.1441850662231445312 3.0744600296020507812 2.8288021087646484375 3.1060690879821777344 2.8288021087646484375 2.8288021087646484375 2.8288021087646484375 3.1896159648895263672 0.87599998712539672852 0.87599998712539672852 3.1676158905029296875 3.1896159648895263672 2.2451639175415039062 2.3648560047149658203 3.0744600296020507812 3.1060690879821777344 2.4838991165161132812 0.054900001734495162964 3.1060690879821777344 3.0014989376068115234 3.0772418975830078125 0.07196000218391418457 3.0014989376068115234 3.0744600296020507812 3.0014989376068115234 3.0014989376068115234 3.0014989376068115234 0.054900001734495162964 0.054900001734495162964
0.07196000218391418457 0.07196000218391418457 1.8487420082092285156 2.3339478969573974609 2.3339478969573974609 0.07196000218391418457 0.07196000218391418457 2.4727880954742431641 1.8487420082092285156 2.5308170318603515625 2.3648560047149658203 2.3648560047149658203 3.0209031105041503906 3.1419510841369628906 2.3648560047149658203 2.3648560047149658203 3.0014989376068115234 3.1419510841369628906 0.87599998712539672852 3.0599749088287353516 3.0209031105041503906 3.1419510841369628906 2.8288021087646484375 2.3648560047149658203 3.0744600296020507812 3.1060690879821777344 2.4838991165161132812 3.0744600296020507812 2.4836831092834472656 2.4836831092834472656 2.4842219352722167969 0.07196000218391418457 3.0645680427551269531 3.0014989376068115234 3.0014989376068115234 3.1441850662231445312 3.0014989376068115234 3.0663878917694091797 3.0663878917694091797
3.1676158905029296875 5.3296728134155273438 2.4807920455932617188 0.85834497213363647461 0.07196000218391418457 0.07196000218391418457 0.85834497213363647461 5.3296728134155273438 0.07196000218391418457 2.3339478969573974609 2.3339478969573974609 3.0209031105041503906 3.0209031105041503906 2.3648560047149658203 2.3648560047149658203 2.3648560047149658203 2.3648560047149658203 0.87599998712539672852 0.87599998712539672852 2.3339478969573974609 3.1896159648895263672 2.8288021087646484375 2.3648560047149658203 3.0014989376068115234 3.0744600296020507812 3.1060690879821777344 3.1060690879821777344 3.0744600296020507812 2.48410797119140625 2.4839339256286621094 0.054900001734495162964 0.07196000218391418457 3.0014989376068115234 3.1060690879821777344 5.3671488761901855469 2.3648560047149658203 3.0744600296020507812 3.1561639308929443359 0.0886000022292137146
5.3628091812133789062 5.3683061599731445312 5.3628091812133789062 5.3514909744262695312 0.85834497213363647461 2.4727880954742431641 0.07196000218391418457 2.3339478969573974609 2.3339478969573974609 1.8487420082092285156 2.3339478969573974609 2.2451639175415039062 2.3648560047149658203 2.3648560047149658203 2.3648560047149658203 2.3648560047149658203 2.3648560047149658203 0.87599998712539672852 2.3339478969573974609 3.0663878917694091797 2.8895471096038818359 3.0744600296020507812 2.3648560047149658203 2.3648560047149658203 2.8529279232025146484 3.1060690879821777344 3.1060690879821777344 5.3677740097045898438 0.054900001734495162964 5.3676891326904296875 0.079700000584125518799 0.054900001734495162964 0.079700000584125518799 5.3677740097045898438 5.3675861358642578125 5.3680491447448730469 2.4836831092834472656 0.079700000584125518799 0.054900001734495162964
0.07196000218391418457 5.3676509857177734375 5.3676509857177734375 2.4807920455932617188 5.3514909744262695312 2.8333380222320556641 3.1896159648895263672 3.0259680747985839844 3.0014989376068115234 3.0663878917694091797 3.0663878917694091797 3.1896159648895263672 2.3648560047149658203 2.3648560047149658203 2.2451639175415039062 2.3648560047149658203 0.87599998712539672852 2.3339478969573974609 2.1129109859466552734 2.3648560047149658203 2.2451639175415039062 3.1441850662231445312 3.0663878917694091797 3.0014989376068115234 3.0697679519653320312 3.0744600296020507812 2.4842219352722167969 0.0886000022292137146 2.48410797119140625 2.4836831092834472656 0.079700000584125518799 2.3339478969573974609 3.0744600296020507812 5.3675861358642578125 5.3675861358642578125 5.3680491447448730469 3.0014989376068115234 1.8487420082092285156 0.0886000022292137146
