Big_Beef/DataInputs30m/o_10_ChemistryPools/1990_Mar2025/N_g_leaf.asc
ncols        345
nrows        426
xllcorner    508536.404131802963
yllcorner    5265678.997906560078
cellsize     30.000000000000
NODATA_value -9999
[rows 306 to 322 of 426, columns 160 to 199 of 345]
13.043679237365722656 13.043679237365722656 13.043679237365722656 13.10625457763671875 12.969317436218261719 13.204670906066894531 13.291579246520996094 13.291579246520996094 13.291579246520996094 13.121301651000976562 13.115839004516601562 13.291579246520996094 13.157320976257324219 13.043679237365722656 13.043679237365722656 13.109430313110351562 13.109430313110351562 13.291579246520996094 13.204670906066894531 13.127354621887207031 13.109430313110351562 13.291579246520996094 13.109430313110351562 13.157320976257324219 13.291579246520996094 13.18682098388671875 13.109430313110351562 12.923982620239257812 0.022560000419616699219 0.022560000419616699219 0.022560000419616699219 0.022560000419616699219 0.022560000419616699219 0.022560000419616699219 13.127354621887207031 13.127354621887207031 13.291579246520996094 13.291579246520996094 13.106466293334960938 13.106466293334960938
13.043679237365722656 13.14788055419921875 13.291579246520996094 13.300702095031738281 12.969317436218261719 13.119993209838867188 13.291579246520996094 13.291579246520996094 13.251070976257324219 13.220897674560546875 13.115839004516601562 13.291579246520996094 13.0594940185546875 13.19753265380859375 13.291579246520996094 13.109430313110351562 13.291579246520996094 13.19753265380859375 13.204670906066894531 13.19753265380859375 13.251070976257324219 13.14788055419921875 13.251070976257324219 13.109430313110351562 13.204670906066894531 13.109430313110351562 0.022560000419616699219 0.022560000419616699219 0.022560000419616699219 0.022560000419616699219 13.127354621887207031 13.204670906066894531 0.022560000419616699219 0.022560000419616699219 13.127354621887207031 13.250215530395507812 13.291579246520996094 13.291579246520996094 13.1237640380859375 13.1237640380859375
13.043679237365722656 13.10625457763671875 13.19753265380859375 13.291579246520996094 13.204670906066894531 12.923982620239257812 13.291579246520996094 3.1379730701446533203 13.159616470336914062 12.920144081115722656 13.18682098388671875 12.983408927917480469 12.983408927917480469 13.19753265380859375 13.291579246520996094 13.18682098388671875 13.157320976257324219 13.19753265380859375 13.19753265380859375 13.19753265380859375 13.109430313110351562 13.109430313110351562 13.127354621887207031 12.923982620239257812 0.022560000419616699219 0.022560000419616699219 0.022560000419616699219 0.022560000419616699219 0.022560000419616699219 13.109430313110351562 13.250215530395507812 13.109430313110351562 13.035704612731933594 13.291579246520996094 0.022560000419616699219 13.291579246520996094 13.260073661804199219 13.115839004516601562 13.280728340148925781 13.268462181091308594
13.291579246520996094 13.291579246520996094 13.291579246520996094 13.300702095031738281 13.204670906066894531 13.291579246520996094 13.291579246520996094 3.1405351161956787109 3.1405351161956787109 13.19753265380859375 13.291579246520996094 13.291579246520996094 12.983408927917480469 13.19753265380859375 13.18682098388671875 13.18682098388671875 13.18682098388671875 13.1032867431640625 13.291579246520996094 13.109430313110351562 13.19753265380859375 13.204670906066894531 13.291579246520996094 13.204670906066894531 13.204670906066894531 0.022560000419616699219 0.022560000419616699219 13.109430313110351562 13.204670906066894531 13.109430313110351562 13.127354621887207031 13.109430313110351562 0.022560000419616699219 0.022560000419616699219 0.022560000419616699219 13.291579246520996094 13.1237640380859375 13.1237640380859375 13.1237640380859375 13.268462181091308594
13.291579246520996094 13.291579246520996094 12.923982620239257812 12.923982620239257812 12.923982620239257812 13.291579246520996094 13.291579246520996094 3.1405169963836669922 3.1405351161956787109 13.121301651000976562 13.1237640380859375 13.18682098388671875 12.983408927917480469 13.19753265380859375 13.19753265380859375 13.18682098388671875 13.0594940185546875 13.291579246520996094 13.291579246520996094 13.291579246520996094 13.204670906066894531 13.268462181091308594 13.251070976257324219 13.109430313110351562 0.022560000419616699219 0.022560000419616699219 0.022560000419616699219 13.300702095031738281 13.109430313110351562 13.109430313110351562 13.127354621887207031 13.127354621887207031 0.022560000419616699219 0.022560000419616699219 0.022560000419616699219 12.923982620239257812 13.157320976257324219 13.109430313110351562 13.19753265380859375 13.19753265380859375
12.912741661071777344 13.291579246520996094 13.291579246520996094 13.291579246520996094 12.923982620239257812 13.291579246520996094 13.291579246520996094 13.291579246520996094 13.291579246520996094 13.115839004516601562 13.1237640380859375 12.983408927917480469 12.983408927917480469 13.291579246520996094 13.18682098388671875 13.18682098388671875 13.19753265380859375 13.291579246520996094 13.260073661804199219 13.291579246520996094 13.19753265380859375 13.204670906066894531 13.291579246520996094 13.291579246520996094 0.022560000419616699219 13.157320976257324219 13.144575119018554688 0.022560000419616699219 0.022560000419616699219 13.14788055419921875 13.109430313110351562 0.022560000419616699219 0.022560000419616699219 0.022560000419616699219 0.022560000419616699219 12.969317436218261719 13.291579246520996094 13.260073661804199219 13.19753265380859375 13.159616470336914062
13.291579246520996094 13.291579246520996094 13.204670906066894531 13.291579246520996094 13.19753265380859375 13.291579246520996094 13.291579246520996094 13.291579246520996094 13.291579246520996094 13.115839004516601562 13.106466293334960938 13.251070976257324219 13.1237640380859375 13.19753265380859375 13.18682098388671875 13.291579246520996094 13.291579246520996094 13.291579246520996094 13.18682098388671875 13.260073661804199219 13.115839004516601562 12.923982620239257812 13.18682098388671875 0.022560000419616699219 13.109430313110351562 13.109430313110351562 13.109430313110351562 13.1237640380859375 0.022560000419616699219 0.022560000419616699219 13.268462181091308594 13.268462181091308594 0.022560000419616699219 0.022560000419616699219 13.144575119018554688 12.969317436218261719 13.291579246520996094 13.260073661804199219 13.1237640380859375 3.1400001049041748047
13.19753265380859375 13.19753265380859375 13.291579246520996094 13.204670906066894531 12.969317436218261719 13.19753265380859375 13.291579246520996094 13.109430313110351562 13.109430313110351562 13.291579246520996094 13.291579246520996094 13.035704612731933594 13.0594940185546875 12.979468345642089844 13.1201629638671875 12.912741661071777344 13.19753265380859375 13.291579246520996094 13.260073661804199219 13.1237640380859375 13.291579246520996094 12.923982620239257812 13.109430313110351562 0.022560000419616699219 13.109430313110351562 13.204670906066894531 12.923982620239257812 13.127490043640136719 0.022560000419616699219 0.022560000419616699219 0.022560000419616699219 0.022560000419616699219 0.022560000419616699219 0.022560000419616699219 12.969317436218261719 12.969317436218261719 13.19753265380859375 13.204670906066894531 13.126856803894042969 13.126856803894042969
13.19753265380859375 13.19753265380859375 13.291579246520996094 13.291579246520996094 13.291579246520996094 13.19753265380859375 12.923982620239257812 13.291579246520996094 13.291579246520996094 13.291579246520996094 13.291579246520996094 13.291579246520996094 13.157320976257324219 13.159616470336914062 13.1201629638671875 13.19753265380859375 13.18682098388671875 13.291579246520996094 13.19753265380859375 13.19753265380859375 13.221942901611328125 12.923982620239257812 0.022560000419616699219 0.022560000419616699219 13.109430313110351562 13.109430313110351562 0.022560000419616699219 13.109430313110351562 0.022560000419616699219 0.022560000419616699219 12.923982620239257812 13.144575119018554688 12.912741661071777344 13.14788055419921875 13.144575119018554688 13.19753265380859375 13.291579246520996094 13.204670906066894531 13.204670906066894531 13.126856803894042969
12.912741661071777344 13.19753265380859375 13.19753265380859375 13.109430313110351562 13.291579246520996094 13.251070976257324219 13.291579246520996094 13.291579246520996094 13.291579246520996094 13.260073661804199219 13.291579246520996094 13.268462181091308594 12.937693595886230469 13.159616470336914062 13.1201629638671875 13.109430313110351562 13.18682098388671875 13.18682098388671875 13.1201629638671875 13.19753265380859375 13.19753265380859375 13.300702095031738281 0.022560000419616699219 13.109430313110351562 0.022560000419616699219 13.109430313110351562 0.022560000419616699219 0.022560000419616699219 0.022560000419616699219 13.130066871643066406 13.170245170593261719 12.912741661071777344 12.912741661071777344 12.920144081115722656 13.19753265380859375 13.19753265380859375 13.291579246520996094 13.19753265380859375 13.19753265380859375 13.106466293334960938
13.170245170593261719 12.912741661071777344 12.912741661071777344 13.291579246520996094 13.204670906066894531 13.204670906066894531 13.291579246520996094 13.291579246520996094 13.291579246520996094 13.170245170593261719 13.18682098388671875 13.121301651000976562 3.1405351161956787109 0.0074999998323619365692 13.159616470336914062 13.19753265380859375 13.109430313110351562 12.923982620239257812 13.157320976257324219 13.170245170593261719 13.120492935180664062 13.291579246520996094 0.022560000419616699219 0.022560000419616699219 13.291579246520996094 0.022560000419616699219 0.022560000419616699219 13.260073661804199219 13.260073661804199219 13.055359840393066406 13.130984306335449219 13.170245170593261719 3.1400001049041748047 3.1400001049041748047 3.1400001049041748047 3.1400001049041748047 3.1400001049041748047 0.52308499813079833984 0.52308499813079833984 0.52308499813079833984
13.170245170593261719 12.912741661071777344 12.912741661071777344 13.291579246520996094 13.130066871643066406 13.130066871643066406 13.130066871643066406 12.912741661071777344 13.170245170593261719 13.1201629638671875 3.1405169963836669922 3.1405169963836669922 3.1405351161956787109 3.1379730701446533203 13.251070976257324219 13.19753265380859375 13.291579246520996094 13.109430313110351562 13.291579246520996094 13.291579246520996094 12.923982620239257812 0.022560000419616699219 0.022560000419616699219 0.022560000419616699219 13.109430313110351562 12.923982620239257812 12.923982620239257812 0.022560000419616699219 13.170245170593261719 12.912741661071777344 13.120492935180664062 0.52308499813079833984 3.1400001049041748047 3.1400001049041748047 3.1400001049041748047 3.1400001049041748047 0.52308499813079833984 0.52308499813079833984 0.52308499813079833984 0.52308499813079833984
13.170245170593261719 13.291579246520996094 12.912741661071777344 12.912741661071777344 12.912741661071777344 12.912741661071777344 12.912741661071777344 12.912741661071777344 13.260073661804199219 13.220897674560546875 3.1400001049041748047 3.1400001049041748047 3.1379721164703369141 3.1379730701446533203 12.983408927917480469 13.291579246520996094 13.14788055419921875 13.119993209838867188 13.109430313110351562 13.109430313110351562 12.979468345642089844 0.022560000419616699219 13.094701766967773438 12.923982620239257812 12.923982620239257812 0.022560000419616699219 0.022560000419616699219 13.14788055419921875 13.055359840393066406 13.14788055419921875 13.18682098388671875 13.0594940185546875 0.52308499813079833984 13.157320976257324219 13.1237640380859375 0.52308499813079833984 0.52308499813079833984 13.1237640380859375 12.983408927917480469 13.19753265380859375
13.291579246520996094 13.291579246520996094 13.291579246520996094 13.291579246520996094 12.912741661071777344 13.291579246520996094 13.170245170593261719 13.170245170593261719 13.220897674560546875 3.1400001049041748047 3.1400001049041748047 3.1400001049041748047 3.1405169963836669922 0.022560000419616699219 12.983408927917480469 13.291579246520996094 13.291579246520996094 13.291579246520996094 13.291579246520996094 13.109430313110351562 0.022560000419616699219 13.109430313110351562 13.109430313110351562 12.969317436218261719 0.022560000419616699219 0.022560000419616699219 0.022560000419616699219 13.055359840393066406 12.912741661071777344 13.170245170593261719 13.19753265380859375 12.983408927917480469 12.983408927917480469 13.106501579284667969 13.19753265380859375 13.19753265380859375 12.983408927917480469 13.19753265380859375 13.19753265380859375 13.291579246520996094
13.291579246520996094 12.912741661071777344 13.291579246520996094 13.291579246520996094 13.291579246520996094 13.251070976257324219 13.220897674560546875 13.268462181091308594 13.220897674560546875 13.220897674560546875 3.1400001049041748047 3.1400001049041748047 3.1405169963836669922 3.1405351161956787109 0.022560000419616699219 13.256525993347167969 13.1237640380859375 13.18682098388671875 13.18682098388671875 13.291579246520996094 13.115839004516601562 13.130066871643066406 13.109430313110351562 12.923982620239257812 13.18682098388671875 13.170245170593261719 13.14788055419921875 13.18682098388671875 13.19753265380859375 13.19753265380859375 13.291579246520996094 13.19753265380859375 13.19753265380859375 13.204670906066894531 13.291579246520996094 13.19753265380859375 13.19753265380859375 13.19753265380859375 13.291579246520996094 13.115839004516601562
13.043679237365722656 12.912741661071777344 12.912741661071777344 13.291579246520996094 13.291579246520996094 13.170245170593261719 13.170245170593261719 13.220897674560546875 13.220897674560546875 13.220897674560546875 13.220897674560546875 3.1405169963836669922 3.1405351161956787109 13.268462181091308594 13.251070976257324219 13.140948295593261719 12.983408927917480469 12.983408927917480469 12.983408927917480469 13.1201629638671875 13.130066871643066406 13.14788055419921875 13.251070976257324219 13.18682098388671875 12.912741661071777344 12.912741661071777344 13.14788055419921875 13.1237640380859375 13.19753265380859375 13.19753265380859375 13.291579246520996094 13.291579246520996094 12.912741661071777344 13.291579246520996094 13.291579246520996094 13.109430313110351562 13.19753265380859375 13.291579246520996094 13.291579246520996094 13.291579246520996094
12.912741661071777344 12.912741661071777344 13.109430313110351562 13.109430313110351562 13.109430313110351562 13.109430313110351562 13.170245170593261719 13.268462181091308594 13.220897674560546875 13.268462181091308594 13.220897674560546875 3.1405351161956787109 3.1405351161956787109 13.291579246520996094 13.157320976257324219 13.256525993347167969 13.0594940185546875 13.155629158020019531 12.983408927917480469 13.1201629638671875 13.291579246520996094 13.109430313110351562 13.109430313110351562 13.18682098388671875 13.18682098388671875 12.912741661071777344 13.043679237365722656 13.120492935180664062 13.19753265380859375 13.291579246520996094 13.291579246520996094 13.291579246520996094 13.109430313110351562 13.109430313110351562 13.109430313110351562 13.109430313110351562 13.291579246520996094 13.291579246520996094 13.291579246520996094 13.115839004516601562
