Big_Beef/DataInputs30m/o_10_ChemistryPools/1990_Mar2025/N_g_Det_root_2.asc
ncols        345
nrows        426
xllcorner    508536.404131802963
yllcorner    5265678.997906560078
cellsize     30.000000000000
NODATA_value -9999
[rows 108 to 125 of 426, columns 200 to 239 of 345]
2.6111021041870117188 2.6111021041870117188 2.6111021041870117188 2.6111021041870117188 2.8055260181427001953 2.7858579158782958984 2.7517640590667724609 2.7970230579376220703 2.6111021041870117188 2.7970230579376220703 2.8055260181427001953 2.8055260181427001953 2.8182849884033203125 2.8182849884033203125 2.8182849884033203125 2.8182849884033203125 2.8302490711212158203 10.133999824523925781 2.8302490711212158203 2.8331720829010009766 2.7688701152801513672 2.8489000797271728516 2.6111021041870117188 2.8182849884033203125 2.8182849884033203125 3.6067769527435302734 3.2088150978088378906 2.6111021041870117188 2.8187670707702636719 2.8187670707702636719 2.7963960170745849609 2.7084031105041503906 2.8331720829010009766 5.3200001716613769531 3.663330078125 3.5962240695953369141 3.6242380142211914062 3.5922679901123046875 2.7739019393920898438 2.8331720829010009766
2.6111021041870117188 2.6111021041870117188 2.6111021041870117188 2.6111021041870117188 2.6111021041870117188 4.655792236328125 2.7858579158782958984 2.8055260181427001953 2.6111021041870117188 2.7714529037475585938 2.7858579158782958984 2.8055260181427001953 2.8055260181427001953 2.7517640590667724609 2.8182849884033203125 2.8182849884033203125 6.3340001106262207031 3.4401009082794189453 2.8187670707702636719 2.8489000797271728516 2.8489000797271728516 2.6111021041870117188 2.6111021041870117188 5.3200001716613769531 6.3340001106262207031 6.3340001106262207031 2.6111021041870117188 2.7084031105041503906 2.7084031105041503906 2.8022489547729492188 2.8489000797271728516 2.7084031105041503906 2.8302490711212158203 13.795598983764648438 13.334728240966796875 3.5430650711059570312 3.5430650711059570312 3.6242380142211914062 3.6235489845275878906 3.6424400806427001953
2.6111021041870117188 2.6111021041870117188 2.6111021041870117188 4.655792236328125 2.6111021041870117188 4.655792236328125 2.6111021041870117188 2.6111021041870117188 2.6111021041870117188 2.8055260181427001953 2.8055260181427001953 2.6111021041870117188 2.8182849884033203125 2.8182849884033203125 2.8182849884033203125 2.8182849884033203125 13.687618255615234375 13.334728240966796875 10.133999824523925781 3.4718968868255615234 2.8268489837646484375 2.8489000797271728516 2.8182849884033203125 6.3340001106262207031 6.3340001106262207031 2.6111021041870117188 6.3340001106262207031 2.8055260181427001953 14.311387062072753906 3.5817530155181884766 3.4950509071350097656 5.3200001716613769531 3.6242380142211914062 13.273616790771484375 2.7868750095367431641 5.3200001716613769531 14.304400444030761719 3.5430650711059570312 3.6242380142211914062 3.6242380142211914062
2.8055260181427001953 2.8055260181427001953 4.655792236328125 4.655792236328125 2.8039059638977050781 2.8039059638977050781 2.6111021041870117188 2.6111021041870117188 2.6111021041870117188 2.6111021041870117188 2.8165810108184814453 2.7857110500335693359 2.6111021041870117188 2.8182849884033203125 2.7783150672912597656 2.8182849884033203125 14.070156097412109375 3.5838730335235595703 3.5838730335235595703 5.3200001716613769531 2.7680199146270751953 2.8182849884033203125 2.8182849884033203125 2.7084031105041503906 2.6111021041870117188 5.3200001716613769531 3.2088150978088378906 11.386791229248046875 14.247793197631835938 3.6242380142211914062 6.3340001106262207031 5.3200001716613769531 6.3340001106262207031 3.6235489845275878906 13.334728240966796875 3.5430650711059570312 3.6758060455322265625 5.3200001716613769531 3.5965828895568847656 2.7739019393920898438
2.7714529037475585938 2.8055260181427001953 2.7557389736175537109 2.8055260181427001953 4.655792236328125 4.655792236328125 2.6111021041870117188 2.6111021041870117188 2.6111021041870117188 2.8055260181427001953 2.6111021041870117188 2.8055260181427001953 2.8528330326080322266 2.7868750095367431641 3.499195098876953125 3.6998579502105712891 2.8302490711212158203 5.3200001716613769531 2.8039059638977050781 2.8307590484619140625 2.7084031105041503906 2.8182849884033203125 2.7629249095916748047 2.6111021041870117188 3.2088150978088378906 5.3200001716613769531 5.3200001716613769531 3.2088150978088378906 3.5430650711059570312 3.663330078125 3.5817530155181884766 3.5838730335235595703 14.070156097412109375 14.070156097412109375 3.5430650711059570312 5.3200001716613769531 3.5430650711059570312 5.3200001716613769531 13.638787269592285156 3.6862139701843261719
2.7670600414276123047 2.7714529037475585938 4.655792236328125 2.8182849884033203125 2.6111021041870117188 2.7517640590667724609 4.655792236328125 2.6111021041870117188 2.6111021041870117188 2.7714529037475585938 2.7517640590667724609 2.8528330326080322266 2.8528330326080322266 2.7714529037475585938 2.8302490711212158203 3.6242380142211914062 2.8302490711212158203 2.8182849884033203125 2.8182849884033203125 2.6111021041870117188 2.8302490711212158203 2.7084031105041503906 2.8182849884033203125 2.8182849884033203125 6.3340001106262207031 2.6111021041870117188 2.6111021041870117188 2.8182849884033203125 2.7571270465850830078 3.663330078125 10.133999824523925781 10.133999824523925781 5.3200001716613769531 13.334728240966796875 3.5962240695953369141 3.6242380142211914062 6.3340001106262207031 6.3340001106262207031 5.3200001716613769531 3.6235489845275878906
2.7017710208892822266 4.655792236328125 2.7967228889465332031 2.7714529037475585938 2.8223919868469238281 2.6111021041870117188 2.7629249095916748047 2.7714529037475585938 2.7517640590667724609 2.7714529037475585938 2.6111021041870117188 2.6111021041870117188 2.85015106201171875 2.7868750095367431641 14.070156097412109375 14.131908416748046875 2.8302490711212158203 2.8182849884033203125 2.8182849884033203125 2.8182849884033203125 2.8182849884033203125 2.8055260181427001953 2.8307590484619140625 2.8302490711212158203 2.7783150672912597656 2.8182849884033203125 2.8182849884033203125 2.6111021041870117188 2.7571270465850830078 2.8104310035705566406 14.694000244140625 3.5430650711059570312 3.4937150478363037109 5.3200001716613769531 3.5962240695953369141 5.3200001716613769531 5.3200001716613769531 14.070156097412109375 5.3200001716613769531 3.6242380142211914062
2.6551609039306640625 4.655792236328125 4.655792236328125 2.7766060829162597656 2.7714529037475585938 2.8055260181427001953 2.8055260181427001953 2.6111021041870117188 2.6111021041870117188 2.6111021041870117188 2.6111021041870117188 2.6111021041870117188 3.6067769527435302734 2.8363249301910400391 2.8302490711212158203 6.3340001106262207031 6.3340001106262207031 5.3200001716613769531 2.8182849884033203125 2.8182849884033203125 2.7714529037475585938 2.7517640590667724609 2.8182849884033203125 2.7857110500335693359 2.7557389736175537109 2.7517640590667724609 2.7517640590667724609 2.6111021041870117188 2.7571270465850830078 2.7571270465850830078 5.3200001716613769531 5.3200001716613769531 13.699205398559570312 13.334728240966796875 13.795598983764648438 3.5430650711059570312 13.334728240966796875 6.3340001106262207031 13.334728240966796875 3.6242380142211914062
4.655792236328125 4.655792236328125 2.6274731159210205078 4.655792236328125 4.655792236328125 2.7629249095916748047 2.6111021041870117188 2.6111021041870117188 2.6111021041870117188 2.6111021041870117188 2.6111021041870117188 2.6111021041870117188 2.8182849884033203125 2.8363249301910400391 3.6242380142211914062 2.8039059638977050781 2.8182849884033203125 4.655792236328125 2.8182849884033203125 2.7517640590667724609 2.7714529037475585938 2.7557389736175537109 2.7517640590667724609 2.7911360263824462891 2.7571270465850830078 2.8182849884033203125 2.85015106201171875 2.7557389736175537109 2.7517640590667724609 3.5922679901123046875 5.3200001716613769531 5.3200001716613769531 3.5838730335235595703 10.133999824523925781 5.3200001716613769531 6.3340001106262207031 6.3340001106262207031 5.3200001716613769531 3.5430650711059570312 3.6235489845275878906
4.655792236328125 4.655792236328125 2.6111021041870117188 4.655792236328125 4.655792236328125 2.7338299751281738281 2.6111021041870117188 2.6111021041870117188 2.6111021041870117188 2.6111021041870117188 2.8055260181427001953 2.6111021041870117188 2.8055260181427001953 5.3200001716613769531 2.8055260181427001953 2.8182849884033203125 4.655792236328125 3.3562650680541992188 4.655792236328125 2.8182849884033203125 2.7517640590667724609 2.7714529037475585938 2.7714529037475585938 2.7517640590667724609 2.8022489547729492188 2.8022489547729492188 2.8022489547729492188 2.8528330326080322266 2.7963960170745849609 2.7571270465850830078 3.663330078125 3.8494489192962646484 3.663330078125 14.131908416748046875 13.334728240966796875 3.5430650711059570312 6.3340001106262207031 6.3340001106262207031 5.3200001716613769531 5.3200001716613769531
2.6551609039306640625 4.655792236328125 2.8215320110321044922 2.7838499546051025391 4.655792236328125 2.7967228889465332031 2.7714529037475585938 2.6688659191131591797 2.7557389736175537109 2.6111021041870117188 2.6111021041870117188 2.8055260181427001953 2.6111021041870117188 5.3200001716613769531 2.7680199146270751953 2.8182849884033203125 2.6111021041870117188 2.6111021041870117188 4.655792236328125 2.8182849884033203125 2.7517640590667724609 2.7517640590667724609 2.7987580299377441406 2.8022489547729492188 2.8022489547729492188 2.8022489547729492188 3.5962240695953369141 2.8022489547729492188 3.6862139701843261719 3.6862139701843261719 3.6862139701843261719 3.8494489192962646484 3.6235489845275878906 13.638787269592285156 2.8039059638977050781 3.6242380142211914062 13.334728240966796875 13.771189689636230469 5.3200001716613769531 3.5430650711059570312
4.655792236328125 4.655792236328125 2.7838499546051025391 2.7838499546051025391 2.7680199146270751953 2.7838499546051025391 2.7739019393920898438 2.8027799129486083984 2.7967228889465332031 2.7714529037475585938 2.6111021041870117188 2.6111021041870117188 2.6111021041870117188 2.7868750095367431641 4.655792236328125 4.655792236328125 4.655792236328125 2.6111021041870117188 4.655792236328125 2.8182849884033203125 2.8728809356689453125 2.8022489547729492188 2.7963960170745849609 2.8022489547729492188 2.8022489547729492188 2.8302490711212158203 2.8302490711212158203 13.63611602783203125 13.334728240966796875 13.334728240966796875 3.6235489845275878906 3.8494489192962646484 5.3200001716613769531 2.8302490711212158203 5.3200001716613769531 3.4937150478363037109 6.3340001106262207031 14.070156097412109375 3.5965828895568847656 2.7739019393920898438
2.7680199146270751953 2.6116049289703369141 2.8027799129486083984 2.7838499546051025391 2.8027799129486083984 4.655792236328125 2.7838499546051025391 4.655792236328125 4.655792236328125 2.7714529037475585938 2.7714529037475585938 2.8055260181427001953 2.85015106201171875 2.8055260181427001953 2.8182849884033203125 2.7783150672912597656 2.7953391075134277344 4.655792236328125 2.7571270465850830078 2.7571270465850830078 2.6111021041870117188 2.7987580299377441406 2.7783150672912597656 14.070156097412109375 2.8302490711212158203 2.8104310035705566406 2.8302490711212158203 2.8489000797271728516 13.638787269592285156 14.070156097412109375 3.5838730335235595703 3.6242380142211914062 3.6067769527435302734 2.7571270465850830078 14.751008033752441406 3.4937150478363037109 3.654109954833984375 14.070156097412109375 5.3200001716613769531 3.6235489845275878906
4.655792236328125 2.7739019393920898438 2.7739019393920898438 4.655792236328125 2.6116049289703369141 2.7680199146270751953 4.655792236328125 4.655792236328125 2.7714529037475585938 2.7714529037475585938 2.6111021041870117188 2.8055260181427001953 2.85015106201171875 2.85015106201171875 2.8182849884033203125 2.8055260181427001953 2.8363249301910400391 4.655792236328125 4.655792236328125 2.7783150672912597656 2.7987580299377441406 2.7987580299377441406 5.3200001716613769531 2.8246738910675048828 2.8182849884033203125 2.85015106201171875 2.8182849884033203125 5.3200001716613769531 5.3200001716613769531 5.3200001716613769531 3.6242380142211914062 5.3200001716613769531 2.7571270465850830078 2.8022489547729492188 14.247793197631835938 3.5430650711059570312 14.070156097412109375 14.070156097412109375 14.070156097412109375 3.5965828895568847656
4.655792236328125 4.655792236328125 4.655792236328125 4.655792236328125 4.655792236328125 2.6760261058807373047 2.6760261058807373047 2.6760261058807373047 4.655792236328125 2.7714529037475585938 2.6111021041870117188 2.6111021041870117188 2.7084031105041503906 2.7629249095916748047 2.8182849884033203125 2.7084031105041503906 2.6556959152221679688 2.8215320110321044922 2.6111021041870117188 2.85015106201171875 2.8182849884033203125 2.8302490711212158203 2.8093729019165039062 2.7832241058349609375 2.7714529037475585938 2.6111021041870117188 2.6111021041870117188 2.7571270465850830078 2.8182849884033203125 2.7517640590667724609 3.9295630455017089844 3.2088150978088378906 2.7571270465850830078 13.63611602783203125 0.34219801425933837891 13.334728240966796875 13.334728240966796875 6.3340001106262207031 14.070156097412109375 3.6242380142211914062
4.655792236328125 4.655792236328125 4.655792236328125 4.655792236328125 4.655792236328125 4.655792236328125 4.655792236328125 2.6760261058807373047 4.655792236328125 2.7714529037475585938 2.6111021041870117188 2.6111021041870117188 2.7629249095916748047 2.7084031105041503906 2.7629249095916748047 2.85015106201171875 2.85015106201171875 2.6111021041870117188 2.6111021041870117188 2.7517640590667724609 2.6111021041870117188 2.8182849884033203125 2.7714529037475585938 2.7714529037475585938 2.6111021041870117188 2.6111021041870117188 2.7714529037475585938 3.3562650680541992188 3.5337679386138916016 3.6235489845275878906 3.8494489192962646484 3.6998579502105712891 0.34219801425933837891 10.133999824523925781 3.5430650711059570312 13.080742835998535156 10.133999824523925781 13.334728240966796875 13.638787269592285156 6.3340001106262207031
4.655792236328125 2.7739019393920898438 4.655792236328125 2.7739019393920898438 4.655792236328125 2.7739019393920898438 4.655792236328125 2.7838499546051025391 2.8286499977111816406 2.7714529037475585938 2.6111021041870117188 2.7629249095916748047 2.7629249095916748047 2.7629249095916748047 2.6111021041870117188 2.7629249095916748047 2.7629249095916748047 2.6111021041870117188 2.6111021041870117188 2.6111021041870117188 2.8055260181427001953 2.8055260181427001953 2.8223919868469238281 2.7517640590667724609 6.3340001106262207031 3.2088150978088378906 2.8489000797271728516 10.133999824523925781 14.694000244140625 14.694000244140625 10.133999824523925781 3.6998579502105712891 3.6862139701843261719 0.34219801425933837891 3.5430650711059570312 3.5430650711059570312 6.3340001106262207031 6.3340001106262207031 3.6235489845275878906 3.6242380142211914062
2.7739019393920898438 2.7739019393920898438 4.655792236328125 2.8768351078033447266 4.655792236328125 4.655792236328125 4.655792236328125 4.655792236328125 2.7967228889465332031 2.7714529037475585938 2.6111021041870117188 2.6111021041870117188 2.6111021041870117188 2.7629249095916748047 2.7629249095916748047 2.7629249095916748047 2.7629249095916748047 2.7629249095916748047 2.6111021041870117188 2.85015106201171875 2.6111021041870117188 2.7714529037475585938 2.7517640590667724609 2.8182849884033203125 2.8182849884033203125 5.3200001716613769531 3.6393129825592041016 14.247793197631835938 14.694000244140625 5.3200001716613769531 13.946463584899902344 3.6862139701843261719 6.3340001106262207031 0.34219801425933837891 13.771189689636230469 13.771189689636230469 6.3340001106262207031 6.3340001106262207031 3.6242380142211914062 3.6235489845275878906
