Big_Beef/DataInputs30m/o_10_ChemistryPools/1990_Mar2025/N_g_Det_root_2.asc
ncols        345
nrows        426
xllcorner    508536.404131802963
yllcorner    5265678.997906560078
cellsize     30.000000000000
NODATA_value -9999
[rows 360 to 377 of 426, columns 120 to 159 of 345]
0.059999998658895492554 0.059999998658895492554 0.059999998658895492554 0.059999998658895492554 4.655792236328125 2.7967228889465332031 0.79900002479553222656 0.11699999868869781494 0.11699999868869781494 0.11699999868869781494 0.11699999868869781494 0.11699999868869781494 1.5989999771118164062 0.79900002479553222656 0.059999998658895492554 1.4348479509353637695 0.10000000149011611938 0.10000000149011611938 2.8055260181427001953 0.059999998658895492554 2.7017710208892822266 2.8406729698181152344 1.5989999771118164062 1.5989999771118164062 2.7953391075134277344 2.8268489837646484375 2.7858579158782958984 2.8238990306854248047 2.8238990306854248047 2.8055260181427001953 2.8055260181427001953 2.7760140895843505859 2.8182849884033203125 2.8182849884033203125 2.85015106201171875 2.7953391075134277344 2.8238990306854248047 2.8973009586334228516 2.8194921016693115234 2.7714529037475585938
0.059999998658895492554 0.059999998658895492554 0.059999998658895492554 0.059999998658895492554 2.8238990306854248047 0.059999998658895492554 0.11699999868869781494 0.11699999868869781494 0.11699999868869781494 0.11699999868869781494 0.11699999868869781494 0.11699999868869781494 1.5989999771118164062 0.79900002479553222656 0.059999998658895492554 0.10000000149011611938 10.133999824523925781 0.10000000149011611938 0.10000000149011611938 2.8363249301910400391 2.8533580303192138672 2.8533580303192138672 2.8238990306854248047 1.5989999771118164062 2.7714529037475585938 0.10000000149011611938 2.7800090312957763672 2.8223919868469238281 2.8492500782012939453 2.8484869003295898438 2.8484869003295898438 2.8055260181427001953 2.8238990306854248047 2.85015106201171875 2.85015106201171875 4.655792236328125 3.6983039379119873047 2.8973009586334228516 2.8055260181427001953 2.8396248817443847656
0.34219801425933837891 0.059999998658895492554 0.059999998658895492554 0.059999998658895492554 2.8268489837646484375 0.059999998658895492554 0.059999998658895492554 0.059999998658895492554 0.11699999868869781494 0.11699999868869781494 0.11699999868869781494 0.11699999868869781494 0.11699999868869781494 1.5989999771118164062 0.79900002479553222656 2.7324171066284179688 14.751008033752441406 13.687618255615234375 0.10000000149011611938 0.10000000149011611938 2.8533580303192138672 2.7714529037475585938 2.8238990306854248047 1.5989999771118164062 2.7800090312957763672 2.7557389736175537109 2.7857110500335693359 2.8223919868469238281 2.8055260181427001953 2.8277339935302734375 2.8039059638977050781 2.8182849884033203125 2.8182849884033203125 5.3200001716613769531 3.6998579502105712891 3.2809801101684570312 0.10000000149011611938 2.8215320110321044922 2.7714529037475585938 2.7714529037475585938
0.34219801425933837891 2.8533580303192138672 0.34219801425933837891 0.059999998658895492554 4.655792236328125 0.059999998658895492554 0.059999998658895492554 0.059999998658895492554 0.11699999868869781494 0.11699999868869781494 0.11699999868869781494 0.11699999868869781494 0.11699999868869781494 1.5989999771118164062 3.4401009082794189453 1.5989999771118164062 1.5989999771118164062 5.3200001716613769531 0.10000000149011611938 0.10000000149011611938 2.7714529037475585938 2.7714529037475585938 2.7857110500335693359 1.5989999771118164062 2.7783150672912597656 2.7783150672912597656 2.7967228889465332031 2.8268489837646484375 2.8406729698181152344 2.7688701152801513672 2.7857110500335693359 2.7714529037475585938 2.8238990306854248047 2.7783150672912597656 3.5337679386138916016 10.133999824523925781 0.10000000149011611938 2.8406729698181152344 2.7714529037475585938 2.7714529037475585938
0.34219801425933837891 0.34219801425933837891 0.34219801425933837891 0.059999998658895492554 0.059999998658895492554 2.8215320110321044922 2.6760261058807373047 0.11699999868869781494 0.11699999868869781494 0.11699999868869781494 0.11699999868869781494 0.11699999868869781494 4.655792236328125 0.11699999868869781494 0.11699999868869781494 1.5989999771118164062 1.5989999771118164062 1.5989999771118164062 14.751008033752441406 0.10000000149011611938 0.10000000149011611938 0.10000000149011611938 2.8055260181427001953 1.5989999771118164062 1.5989999771118164062 2.8268489837646484375 0.059999998658895492554 2.6688659191131591797 2.8447260856628417969 2.8171100616455078125 2.8055260181427001953 2.7714529037475585938 2.8182849884033203125 2.8238990306854248047 2.8055260181427001953 10.133999824523925781 2.7714529037475585938 2.7714529037475585938 2.8055260181427001953 2.6111021041870117188
0.34219801425933837891 0.34219801425933837891 0.34219801425933837891 0.059999998658895492554 0.059999998658895492554 2.8268489837646484375 0.11699999868869781494 0.11699999868869781494 0.11699999868869781494 0.11699999868869781494 0.11699999868869781494 0.11699999868869781494 0.11699999868869781494 0.11699999868869781494 0.11699999868869781494 0.11699999868869781494 1.5989999771118164062 1.5989999771118164062 1.5989999771118164062 3.4401009082794189453 3.6254410743713378906 0.10000000149011611938 2.7688701152801513672 2.8302490711212158203 2.7857110500335693359 2.7714529037475585938 2.6760261058807373047 0.059999998658895492554 2.7517640590667724609 2.8182849884033203125 2.8055260181427001953 2.7857110500335693359 2.8055260181427001953 2.8055260181427001953 2.7160229682922363281 6.3340001106262207031 3.7857830524444580078 2.7688701152801513672 2.7517640590667724609 2.6111021041870117188
0.059999998658895492554 0.34219801425933837891 0.34219801425933837891 0.34219801425933837891 0.10000000149011611938 2.7714529037475585938 0.11699999868869781494 0.11699999868869781494 0.11699999868869781494 0.11699999868869781494 0.11699999868869781494 4.655792236328125 0.11699999868869781494 0.11699999868869781494 0.11699999868869781494 0.11699999868869781494 1.5989999771118164062 1.5989999771118164062 1.5989999771118164062 3.4401009082794189453 2.7802979946136474609 0.10000000149011611938 0.10000000149011611938 2.8194921016693115234 2.7714529037475585938 2.7714529037475585938 2.8238990306854248047 2.8268489837646484375 2.8055260181427001953 2.8055260181427001953 2.8194921016693115234 2.7688701152801513672 2.8194921016693115234 2.7857110500335693359 2.8182849884033203125 2.8055260181427001953 2.8182849884033203125 2.8238990306854248047 2.8055260181427001953 2.7692248821258544922
0.34219801425933837891 0.34219801425933837891 0.34219801425933837891 0.34219801425933837891 0.059999998658895492554 0.059999998658895492554 0.11699999868869781494 0.11699999868869781494 0.11699999868869781494 0.11699999868869781494 0.11699999868869781494 4.655792236328125 0.11699999868869781494 1.5989999771118164062 1.5989999771118164062 1.5989999771118164062 1.5989999771118164062 3.566883087158203125 1.5989999771118164062 6.3340001106262207031 2.7873089313507080078 2.7714529037475585938 0.10000000149011611938 0.10000000149011611938 0.10000000149011611938 2.8528330326080322266 2.7857110500335693359 2.6111021041870117188 2.7714529037475585938 2.8194921016693115234 2.8194921016693115234 2.8194921016693115234 2.8055260181427001953 2.8055260181427001953 2.8528330326080322266 2.8055260181427001953 2.8182849884033203125 2.8182849884033203125 2.8182849884033203125 2.6111021041870117188
0.34219801425933837891 0.34219801425933837891 0.34219801425933837891 0.34219801425933837891 0.059999998658895492554 0.059999998658895492554 0.11699999868869781494 0.11699999868869781494 0.11699999868869781494 0.11699999868869781494 4.655792236328125 1.5989999771118164062 1.5989999771118164062 1.5989999771118164062 1.5989999771118164062 1.5989999771118164062 1.5989999771118164062 1.5989999771118164062 1.5989999771118164062 6.3340001106262207031 1.5989999771118164062 2.7670600414276123047 1.5989999771118164062 1.5989999771118164062 0.059999998658895492554 2.8268489837646484375 2.8396940231323242188 2.8528330326080322266 2.7857110500335693359 2.8194921016693115234 2.8223919868469238281 2.8055260181427001953 2.8055260181427001953 2.8055260181427001953 2.8055260181427001953 2.8194921016693115234 2.8182849884033203125 2.8182849884033203125 2.7711839675903320312 2.6111021041870117188
0.059999998658895492554 0.34219801425933837891 0.34219801425933837891 0.10000000149011611938 0.10000000149011611938 4.655792236328125 0.059999998658895492554 0.11699999868869781494 0.11699999868869781494 0.11699999868869781494 0.11699999868869781494 0.11699999868869781494 1.5989999771118164062 1.5989999771118164062 1.5989999771118164062 1.5989999771118164062 1.5989999771118164062 1.5989999771118164062 1.5989999771118164062 1.5989999771118164062 1.5989999771118164062 1.5989999771118164062 1.5989999771118164062 1.5989999771118164062 0.059999998658895492554 2.8194921016693115234 2.8528330326080322266 2.8194921016693115234 2.8528330326080322266 2.8182849884033203125 2.8223919868469238281 2.8055260181427001953 2.8055260181427001953 2.7857110500335693359 2.7857110500335693359 2.8277339935302734375 2.7711839675903320312 2.8215320110321044922 2.7868750095367431641 2.8277339935302734375
0.34219801425933837891 0.34219801425933837891 0.059999998658895492554 0.34219801425933837891 0.10000000149011611938 2.8027799129486083984 2.7766060829162597656 0.059999998658895492554 0.11699999868869781494 0.11699999868869781494 1.5989999771118164062 0.11699999868869781494 1.5989999771118164062 1.5989999771118164062 1.5989999771118164062 1.5989999771118164062 1.5989999771118164062 1.5989999771118164062 1.5989999771118164062 1.5989999771118164062 1.5989999771118164062 1.5989999771118164062 1.5989999771118164062 1.5989999771118164062 0.059999998658895492554 2.8194921016693115234 2.8194921016693115234 2.8194921016693115234 2.8194921016693115234 2.8528330326080322266 2.8182849884033203125 2.8238990306854248047 2.8194921016693115234 2.8528330326080322266 2.8194921016693115234 2.8194921016693115234 2.8277339935302734375 2.8055260181427001953 2.7868750095367431641 2.7911360263824462891
0.34219801425933837891 0.34219801425933837891 0.059999998658895492554 0.34219801425933837891 0.10000000149011611938 4.655792236328125 0.059999998658895492554 0.11699999868869781494 0.11699999868869781494 0.11699999868869781494 1.5989999771118164062 1.5989999771118164062 1.5989999771118164062 1.5989999771118164062 1.5989999771118164062 1.5989999771118164062 1.5989999771118164062 1.5989999771118164062 1.5989999771118164062 1.5989999771118164062 1.5989999771118164062 1.5989999771118164062 1.5989999771118164062 1.5989999771118164062 1.5989999771118164062 0.059999998658895492554 0.059999998658895492554 2.8194921016693115234 2.8194921016693115234 2.8528330326080322266 2.8528330326080322266 2.8194921016693115234 2.8194921016693115234 2.8194921016693115234 2.8194921016693115234 2.7857110500335693359 2.7747590541839599609 2.8223919868469238281 2.7714529037475585938 2.6111021041870117188
0.059999998658895492554 0.34219801425933837891 0.34219801425933837891 0.10000000149011611938 0.10000000149011611938 4.655792236328125 0.10000000149011611938 0.11699999868869781494 0.11699999868869781494 1.5989999771118164062 1.5989999771118164062 1.5989999771118164062 1.5989999771118164062 1.5989999771118164062 1.5989999771118164062 1.5989999771118164062 1.5989999771118164062 1.5989999771118164062 1.5989999771118164062 1.5989999771118164062 1.5989999771118164062 1.5989999771118164062 1.5989999771118164062 1.5989999771118164062 1.5989999771118164062 1.5989999771118164062 0.059999998658895492554 2.8194921016693115234 2.8194921016693115234 2.8528330326080322266 2.8528330326080322266 2.8528330326080322266 2.8528330326080322266 2.7783150672912597656 2.8238990306854248047 5.3200001716613769531 6.3340001106262207031 2.8055260181427001953 2.8055260181427001953 2.7970230579376220703
0.059999998658895492554 0.34219801425933837891 2.8363249301910400391 0.10000000149011611938 0.10000000149011611938 2.7017710208892822266 2.7714529037475585938 2.8533580303192138672 0.059999998658895492554 0.059999998658895492554 0.059999998658895492554 1.5989999771118164062 1.5989999771118164062 1.5989999771118164062 1.5989999771118164062 1.5989999771118164062 1.5989999771118164062 1.5989999771118164062 1.5989999771118164062 1.5989999771118164062 1.5989999771118164062 1.5989999771118164062 1.5989999771118164062 1.5989999771118164062 1.5989999771118164062 1.5989999771118164062 0.059999998658895492554 2.8194921016693115234 2.8194921016693115234 2.8528330326080322266 2.8055260181427001953 2.8055260181427001953 2.8194921016693115234 2.7714529037475585938 2.8027799129486083984 2.8027799129486083984 2.8027799129486083984 2.8489000797271728516 2.8223919868469238281 2.7970230579376220703
2.8182849884033203125 2.8492500782012939453 2.8182849884033203125 2.8363249301910400391 2.8182849884033203125 2.7557389736175537109 2.7714529037475585938 0.029999999329447746277 4.655792236328125 2.8268489837646484375 0.059999998658895492554 0.10000000149011611938 0.059999998658895492554 0.10000000149011611938 1.5989999771118164062 1.5989999771118164062 1.5989999771118164062 1.5989999771118164062 1.5989999771118164062 1.5989999771118164062 1.5989999771118164062 1.5989999771118164062 1.5989999771118164062 1.5989999771118164062 1.5989999771118164062 3.5359659194946289062 3.4401009082794189453 0.059999998658895492554 2.8194921016693115234 2.8055260181427001953 2.8528330326080322266 2.8055260181427001953 2.8238990306854248047 2.8055260181427001953 2.8187670707702636719 2.8489000797271728516 2.8027799129486083984 2.7783150672912597656 2.7970230579376220703 2.7714529037475585938
2.8055260181427001953 2.8182849884033203125 2.8182849884033203125 2.7571270465850830078 2.7517640590667724609 2.7963960170745849609 2.8055260181427001953 2.8215320110321044922 2.8533580303192138672 2.8268489837646484375 2.7714529037475585938 2.8215320110321044922 0.059999998658895492554 0.10000000149011611938 0.10000000149011611938 1.5989999771118164062 1.5989999771118164062 1.5989999771118164062 1.5989999771118164062 1.5989999771118164062 1.5989999771118164062 1.5989999771118164062 1.5989999771118164062 1.5989999771118164062 1.5989999771118164062 1.5989999771118164062 3.4401009082794189453 0.059999998658895492554 2.7857110500335693359 2.8194921016693115234 2.8194921016693115234 2.8182849884033203125 2.8238990306854248047 2.8055260181427001953 2.8055260181427001953 2.8055260181427001953 2.8489000797271728516 2.7783150672912597656 2.7714529037475585938 2.8268489837646484375
2.8055260181427001953 2.8215320110321044922 2.8215320110321044922 2.7571270465850830078 2.7571270465850830078 2.8182849884033203125 2.8182849884033203125 2.7714529037475585938 2.7714529037475585938 2.7714529037475585938 2.8182849884033203125 2.8238990306854248047 2.8039059638977050781 2.8055260181427001953 2.85015106201171875 0.10000000149011611938 0.10000000149011611938 1.5989999771118164062 13.080742835998535156 1.5989999771118164062 1.5989999771118164062 1.5989999771118164062 1.5989999771118164062 1.5989999771118164062 1.5989999771118164062 1.5989999771118164062 3.4401009082794189453 0.10000000149011611938 2.8528330326080322266 2.8528330326080322266 2.8182849884033203125 2.8182849884033203125 2.8238990306854248047 2.8055260181427001953 2.7714529037475585938 2.7714529037475585938 2.8055260181427001953 2.7714529037475585938 2.8182849884033203125 2.7714529037475585938
2.8238990306854248047 2.8055260181427001953 2.8055260181427001953 2.8182849884033203125 2.8182849884033203125 2.8055260181427001953 2.8194921016693115234 2.7857110500335693359 2.8039059638977050781 2.8484869003295898438 2.8055260181427001953 2.8182849884033203125 2.8055260181427001953 2.8238990306854248047 0.34219801425933837891 3.6119511127471923828 0.10000000149011611938 0.10000000149011611938 0.10000000149011611938 2.85015106201171875 1.5989999771118164062 1.5989999771118164062 1.5989999771118164062 1.5989999771118164062 1.5989999771118164062 1.5989999771118164062 3.5838730335235595703 0.10000000149011611938 2.7557389736175537109 2.8528330326080322266 2.8194921016693115234 2.8194921016693115234 2.8055260181427001953 2.8182849884033203125 2.8182849884033203125 2.8055260181427001953 2.7783150672912597656 2.6566610336303710938 2.7714529037475585938 2.6111021041870117188
