Big_Beef/DataInputs30m/o_10_ChemistryPools/1990_Mar2025/N_g_Det_leaf.asc
ncols        345
nrows        426
xllcorner    508536.404131802963
yllcorner    5265678.997906560078
cellsize     30.000000000000
NODATA_value -9999
[rows 180 to 197 of 426, columns 200 to 239 of 345]
19.42969512939453125 19.51464080810546875 19.966424942016601562 19.966424942016601562 19.861690521240234375 2.5399999618530273438 2.5399999618530273438 19.915014266967773438 19.861690521240234375 17.964704513549804688 19.42969512939453125 19.861690521240234375 1.9025520086288452148 1.2699999809265136719 1.2699999809265136719 1.2699999809265136719 1.2699999809265136719 1.9025520086288452148 1.9025520086288452148 1.9025520086288452148 1.9025520086288452148 19.598585128784179688 19.997005462646484375 19.997005462646484375 19.997005462646484375 19.667850494384765625 19.873371124267578125 20.05706024169921875 19.873371124267578125 19.861690521240234375 19.973470687866210938 35.658138275146484375 7.9808821678161621094 37.46099853515625 37.46099853515625 37.46099853515625 37.46099853515625 71.35399627685546875 7.8126502037048339844 8.0515871047973632812
19.42969512939453125 2.5399999618530273438 2.5399999618530273438 19.861690521240234375 19.861690521240234375 19.861690521240234375 19.915014266967773438 2.5399999618530273438 2.5399999618530273438 19.834402084350585938 19.861690521240234375 19.974061965942382812 1.9025520086288452148 1.2699999809265136719 1.2699999809265136719 1.2699999809265136719 1.2699999809265136719 1.2699999809265136719 17.964704513549804688 1.9025520086288452148 1.9025520086288452148 20.05706024169921875 20.023767471313476562 19.973470687866210938 19.997005462646484375 19.861690521240234375 19.936449050903320312 19.861690521240234375 19.861690521240234375 19.713287353515625 19.836507797241210938 19.861690521240234375 7.9808821678161621094 8.1283197402954101562 7.7495880126953125 37.46099853515625 7.7495880126953125 44.59600067138671875 35.658138275146484375 7.6165561676025390625
19.667850494384765625 19.861690521240234375 19.861690521240234375 19.861690521240234375 17.964704513549804688 17.964704513549804688 17.964704513549804688 2.5399999618530273438 19.794748306274414062 19.42969512939453125 19.63300323486328125 1.9025520086288452148 1.2699999809265136719 1.2699999809265136719 1.2699999809265136719 1.2699999809265136719 1.2699999809265136719 1.9025520086288452148 19.6079864501953125 1.9025520086288452148 1.9025520086288452148 19.997005462646484375 19.861690521240234375 19.936449050903320312 19.936449050903320312 19.861690521240234375 19.936449050903320312 19.973470687866210938 19.973470687866210938 19.836507797241210938 19.713287353515625 8.1214723587036132812 8.1214723587036132812 8.1214723587036132812 7.7495880126953125 7.7495880126953125 7.5851578712463378906 37.46099853515625 36.834163665771484375 7.6165561676025390625
19.861690521240234375 19.861690521240234375 19.861690521240234375 19.834402084350585938 19.834402084350585938 1.2699999809265136719 19.834402084350585938 17.964704513549804688 19.861690521240234375 19.861690521240234375 1.9025520086288452148 1.9025520086288452148 1.2699999809265136719 1.9025520086288452148 1.9025520086288452148 1.2699999809265136719 1.9025520086288452148 1.9025520086288452148 1.9025520086288452148 1.9025520086288452148 1.9025520086288452148 1.9025520086288452148 1.9025520086288452148 19.800050735473632812 19.800050735473632812 19.861690521240234375 19.800050735473632812 19.936449050903320312 19.448644638061523438 19.448644638061523438 19.836507797241210938 7.7349219322204589844 7.8341670036315917969 8.2218341827392578125 37.46099853515625 37.46099853515625 35.658138275146484375 44.59600067138671875 38.9029693603515625 44.59600067138671875
19.966424942016601562 19.834402084350585938 1.2699999809265136719 1.2699999809265136719 1.2699999809265136719 1.2699999809265136719 1.2699999809265136719 1.2699999809265136719 17.964704513549804688 17.964704513549804688 1.9025520086288452148 1.2699999809265136719 1.2699999809265136719 1.2699999809265136719 1.9025520086288452148 1.9025520086288452148 18.429706573486328125 18.429706573486328125 19.667850494384765625 1.9025520086288452148 1.9025520086288452148 1.9025520086288452148 1.9025520086288452148 1.9025520086288452148 19.800050735473632812 19.861690521240234375 19.667850494384765625 19.836507797241210938 19.936449050903320312 19.448644638061523438 1.9025520086288452148 19.861690521240234375 7.7578349113464355469 44.59600067138671875 71.35399627685546875 7.4186468124389648438 37.46099853515625 37.46099853515625 38.42699432373046875 7.908847808837890625
19.966424942016601562 19.861690521240234375 1.2699999809265136719 1.9025520086288452148 1.9025520086288452148 1.2699999809265136719 1.2699999809265136719 1.2699999809265136719 1.2699999809265136719 1.2699999809265136719 1.2699999809265136719 1.2699999809265136719 1.9025520086288452148 1.9025520086288452148 18.429706573486328125 18.429706573486328125 18.429706573486328125 17.683782577514648438 19.638299942016601562 1.9025520086288452148 1.9025520086288452148 1.9025520086288452148 1.9025520086288452148 19.448644638061523438 19.936449050903320312 20.05706024169921875 20.05706024169921875 1.9025520086288452148 1.9025520086288452148 1.9025520086288452148 1.9025520086288452148 19.97640228271484375 19.64359283447265625 19.275018692016601562 19.419645309448242188 98.11199951171875 7.8341670036315917969 38.036651611328125 37.46099853515625 44.59600067138671875
19.834402084350585938 19.914028167724609375 1.9025520086288452148 1.9025520086288452148 1.9025520086288452148 1.2699999809265136719 1.2699999809265136719 1.2699999809265136719 1.2699999809265136719 1.2699999809265136719 1.2699999809265136719 1.9025520086288452148 1.9025520086288452148 18.429706573486328125 18.429706573486328125 18.429706573486328125 17.799852371215820312 19.800050735473632812 19.742086410522460938 19.730255126953125 19.800050735473632812 1.9025520086288452148 1.9025520086288452148 19.800050735473632812 1.9025520086288452148 1.9025520086288452148 1.9025520086288452148 1.9025520086288452148 1.9025520086288452148 1.9025520086288452148 19.834402084350585938 19.385957717895507812 19.689960479736328125 19.800050735473632812 19.275018692016601562 98.11199951171875 7.9670519828796386719 8.2541656494140625 8.1214723587036132812 37.46099853515625
19.834402084350585938 1.9025520086288452148 1.2699999809265136719 1.2699999809265136719 1.2699999809265136719 1.2699999809265136719 1.2699999809265136719 1.2699999809265136719 1.2699999809265136719 1.9025520086288452148 19.914028167724609375 19.800050735473632812 18.948938369750976562 18.948938369750976562 18.429706573486328125 18.429706573486328125 17.799852371215820312 19.813381195068359375 19.689960479736328125 1.9025520086288452148 19.936449050903320312 1.9025520086288452148 1.9025520086288452148 19.974061965942382812 19.997005462646484375 1.9025520086288452148 1.9025520086288452148 19.835199356079101562 1.9025520086288452148 19.936449050903320312 20.023767471313476562 19.800050735473632812 19.689960479736328125 19.800050735473632812 98.11199951171875 44.59600067138671875 7.6165561676025390625 8.1214723587036132812 8.1214723587036132812 19.667850494384765625
18.473749160766601562 1.9025520086288452148 1.2699999809265136719 1.2699999809265136719 1.2699999809265136719 1.2699999809265136719 1.2699999809265136719 1.2699999809265136719 1.2699999809265136719 1.9025520086288452148 18.948938369750976562 18.948938369750976562 18.429706573486328125 19.975107192993164062 19.975107192993164062 17.683782577514648438 18.429706573486328125 18.473749160766601562 20.00807952880859375 1.9025520086288452148 19.936449050903320312 1.9025520086288452148 1.9025520086288452148 19.997005462646484375 1.9025520086288452148 19.936449050903320312 19.800050735473632812 19.974061965942382812 19.63300323486328125 19.667850494384765625 19.861690521240234375 19.689960479736328125 19.689960479736328125 19.275018692016601562 8.1214723587036132812 37.46099853515625 37.46099853515625 44.59600067138671875 19.667850494384765625 38.9029693603515625
19.914028167724609375 19.914028167724609375 19.77526092529296875 19.997005462646484375 1.2699999809265136719 1.2699999809265136719 1.9025520086288452148 1.9025520086288452148 1.9025520086288452148 1.9025520086288452148 17.683782577514648438 17.964704513549804688 18.948938369750976562 18.429706573486328125 18.195493698120117188 19.936449050903320312 19.77526092529296875 17.799852371215820312 19.794748306274414062 19.861690521240234375 19.997005462646484375 1.9025520086288452148 1.9025520086288452148 1.9025520086288452148 19.713287353515625 19.936449050903320312 19.936449050903320312 19.275018692016601562 19.637750625610351562 19.667850494384765625 19.689960479736328125 19.689960479736328125 19.689960479736328125 19.689960479736328125 37.46099853515625 7.6165561676025390625 37.46099853515625 19.598585128784179688 20.023767471313476562 20.023767471313476562
19.834402084350585938 19.834402084350585938 19.77526092529296875 19.914028167724609375 19.914028167724609375 1.9025520086288452148 19.867206573486328125 19.867206573486328125 18.473749160766601562 18.429706573486328125 17.964704513549804688 19.975107192993164062 20.153425216674804688 17.964704513549804688 19.556272506713867188 19.785614013671875 19.800050735473632812 19.689960479736328125 19.638299942016601562 19.723638534545898438 19.598585128784179688 19.873371124267578125 19.63300323486328125 17.964704513549804688 19.689960479736328125 19.275018692016601562 19.275018692016601562 19.275018692016601562 19.77526092529296875 19.64359283447265625 19.64359283447265625 19.689960479736328125 19.689960479736328125 7.7349219322204589844 37.46099853515625 44.59600067138671875 37.46099853515625 19.667850494384765625 98.11199951171875 98.11199951171875
19.834402084350585938 19.834402084350585938 19.834402084350585938 19.914028167724609375 19.914028167724609375 19.834402084350585938 17.964704513549804688 19.6080322265625 18.473749160766601562 18.429706573486328125 18.429706573486328125 19.973470687866210938 18.429706573486328125 17.768016815185546875 17.683782577514648438 17.683782577514648438 19.800050735473632812 19.598585128784179688 19.834402084350585938 19.834402084350585938 19.873371124267578125 19.63300323486328125 19.861690521240234375 19.861690521240234375 19.800050735473632812 19.936449050903320312 19.667850494384765625 20.023767471313476562 19.936449050903320312 19.689960479736328125 19.689960479736328125 19.419645309448242188 40.245471954345703125 8.1214723587036132812 8.0515871047973632812 44.59600067138671875 38.9029693603515625 44.59600067138671875 44.59600067138671875 36.834163665771484375
1.9025520086288452148 19.6080322265625 19.892091751098632812 17.964704513549804688 19.834402084350585938 19.914028167724609375 17.964704513549804688 19.914028167724609375 18.473749160766601562 18.429706573486328125 18.429706573486328125 18.429706573486328125 17.683782577514648438 18.429706573486328125 18.429706573486328125 17.683782577514648438 17.683782577514648438 19.997005462646484375 19.775836944580078125 20.023767471313476562 19.800050735473632812 19.861690521240234375 19.713287353515625 19.861690521240234375 19.800050735473632812 19.667850494384765625 20.05706024169921875 19.667850494384765625 37.46099853515625 7.9808821678161621094 19.275018692016601562 34.94074249267578125 36.00147247314453125 44.59600067138671875 8.3167638778686523438 37.46099853515625 36.36119842529296875 38.9029693603515625 44.59600067138671875 36.834163665771484375
19.834402084350585938 1.9025520086288452148 19.892091751098632812 19.834402084350585938 19.834402084350585938 17.964704513549804688 17.964704513549804688 17.964704513549804688 19.914028167724609375 19.973470687866210938 19.448644638061523438 18.429706573486328125 19.800050735473632812 18.429706573486328125 18.429706573486328125 17.815805435180664062 20.00807952880859375 19.59349822998046875 19.59349822998046875 19.598585128784179688 19.598585128784179688 37.46099853515625 19.834402084350585938 19.800050735473632812 19.689960479736328125 19.861690521240234375 20.023767471313476562 19.667850494384765625 19.598585128784179688 71.35399627685546875 37.46099853515625 35.658138275146484375 35.658138275146484375 44.59600067138671875 44.59600067138671875 37.409130096435546875 38.9029693603515625 38.9029693603515625 71.35399627685546875 36.834163665771484375
19.834402084350585938 19.834402084350585938 19.834402084350585938 19.892091751098632812 19.834402084350585938 19.834402084350585938 19.834402084350585938 19.867206573486328125 19.834402084350585938 19.77526092529296875 19.77526092529296875 18.429706573486328125 19.800050735473632812 18.429706573486328125 19.800050735473632812 19.973470687866210938 19.800050735473632812 19.861690521240234375 38.9029693603515625 19.667850494384765625 19.598585128784179688 19.660308837890625 19.51464080810546875 19.51464080810546875 20.00807952880859375 19.813381195068359375 19.603609085083007812 19.813381195068359375 19.603609085083007812 7.7037577629089355469 19.637750625610351562 37.46099853515625 44.59600067138671875 37.46099853515625 37.615459442138671875 40.690502166748046875 35.658138275146484375 71.35399627685546875 44.59600067138671875 38.42699432373046875
19.834402084350585938 19.834402084350585938 19.834402084350585938 19.6080322265625 17.964704513549804688 19.914028167724609375 19.834402084350585938 19.914028167724609375 19.914028167724609375 19.77526092529296875 17.964704513549804688 19.914028167724609375 17.964704513549804688 19.914028167724609375 19.834402084350585938 19.800050735473632812 19.800050735473632812 19.603609085083007812 19.603609085083007812 8.1214723587036132812 44.59600067138671875 19.598585128784179688 19.813381195068359375 19.603609085083007812 19.813381195068359375 19.813381195068359375 17.964704513549804688 19.813381195068359375 19.800050735473632812 0.21199999749660491943 7.7813320159912109375 17.815805435180664062 37.409130096435546875 98.11199951171875 37.46099853515625 37.46099853515625 0.14800000190734863281 35.95790863037109375 36.5538330078125 7.7813320159912109375
19.834402084350585938 19.834402084350585938 19.834402084350585938 19.914028167724609375 19.834402084350585938 19.834402084350585938 17.964704513549804688 17.964704513549804688 17.964704513549804688 19.836507797241210938 19.914028167724609375 17.964704513549804688 17.964704513549804688 19.77526092529296875 19.914028167724609375 19.914028167724609375 19.834402084350585938 19.834402084350585938 19.800050735473632812 37.46099853515625 38.9029693603515625 7.7495880126953125 19.689960479736328125 19.689960479736328125 19.813381195068359375 19.689960479736328125 19.689960479736328125 19.689960479736328125 19.966424942016601562 19.966424942016601562 17.3398895263671875 28.788625717163085938 71.35399627685546875 44.59600067138671875 37.46099853515625 19.997005462646484375 19.6080322265625 7.6755762100219726562 7.7037577629089355469 19.845140457153320312
19.834402084350585938 19.834402084350585938 19.914028167724609375 19.834402084350585938 19.834402084350585938 19.834402084350585938 19.834402084350585938 19.834402084350585938 17.964704513549804688 19.836507797241210938 19.914028167724609375 17.964704513549804688 17.964704513549804688 19.914028167724609375 19.914028167724609375 19.914028167724609375 19.834402084350585938 19.834402084350585938 19.834402084350585938 19.800050735473632812 19.667850494384765625 71.35399627685546875 37.46099853515625 7.7349219322204589844 19.800050735473632812 0.21199999749660491943 0.84700000286102294922 27.695529937744140625 27.695529937744140625 19.723638534545898438 19.400585174560546875 44.59600067138671875 0.21199999749660491943 0.21199999749660491943 0.21199999749660491943 17.964704513549804688 19.54726409912109375 37.46099853515625 19.845140457153320312 19.936449050903320312
