Big_Beef/DataInputs30m/o_10_ChemistryPools/1990_Mar2025/N_g_leaf.asc
ncols        345
nrows        426
xllcorner    508536.404131802963
yllcorner    5265678.997906560078
cellsize     30.000000000000
NODATA_value -9999
[rows 323 to 339 of 426, columns 280 to 319 of 345]
12.629191398620605469 12.629191398620605469 12.629191398620605469 0.52308499813079833984 0.52308499813079833984 0.52308499813079833984 12.956625938415527344 0.52308499813079833984 13.260073661804199219 13.19753265380859375 13.18682098388671875 12.912741661071777344 12.912741661071777344 13.109430313110351562 13.109430313110351562 12.912741661071777344 13.109430313110351562 13.291579246520996094 13.109430313110351562 13.129378318786621094 13.109430313110351562 13.094701766967773438 13.251070976257324219 13.291579246520996094 13.291579246520996094 13.109430313110351562 12.912019729614257812 12.912019729614257812 13.291579246520996094 13.18682098388671875 8.3601169586181640625 0.52308499813079833984 0.52308499813079833984 8.3601169586181640625 0.52308499813079833984 0.52308499813079833984 0.52308499813079833984 0.52308499813079833984 0.0074999998323619365692 3.1406459808349609375
12.956625938415527344 3.1399600505828857422 0.52308499813079833984 0.52308499813079833984 0.52308499813079833984 0.52308499813079833984 12.956625938415527344 0.52308499813079833984 12.979468345642089844 13.268462181091308594 13.291579246520996094 13.109430313110351562 13.109430313110351562 13.291579246520996094 12.912741661071777344 13.109430313110351562 13.109430313110351562 13.18682098388671875 13.109430313110351562 13.129378318786621094 13.129378318786621094 12.923982620239257812 13.109430313110351562 13.109430313110351562 13.109430313110351562 13.10625457763671875 13.109430313110351562 12.863812446594238281 3.1415770053863525391 0.0074999998323619365692 0.0074999998323619365692 0.52308499813079833984 0.52308499813079833984 0.52308499813079833984 0.52308499813079833984 0.52308499813079833984 0.52308499813079833984 0.52308499813079833984 13.257923126220703125 3.1399600505828857422
3.1425709724426269531 0.52308499813079833984 0.52308499813079833984 0.52308499813079833984 13.202550888061523438 0.52308499813079833984 12.629191398620605469 12.629191398620605469 13.140948295593261719 13.268462181091308594 13.19753265380859375 13.14788055419921875 13.14788055419921875 13.109430313110351562 13.14788055419921875 13.14788055419921875 13.14788055419921875 13.109430313110351562 13.260073661804199219 13.260073661804199219 13.094701766967773438 13.291579246520996094 13.291579246520996094 13.109430313110351562 13.109430313110351562 13.18682098388671875 13.18682098388671875 13.291579246520996094 12.863812446594238281 0.0074999998323619365692 3.1399600505828857422 0.52308499813079833984 0.52308499813079833984 0.52308499813079833984 0.52308499813079833984 0.52308499813079833984 0.52308499813079833984 0.52308499813079833984 13.257923126220703125 0.52308499813079833984
3.1425709724426269531 3.1379740238189697266 13.113272666931152344 0.52308499813079833984 0.52308499813079833984 0.52308499813079833984 13.126856803894042969 12.629191398620605469 11.22951507568359375 13.274741172790527344 13.043679237365722656 13.291579246520996094 13.109430313110351562 13.14788055419921875 13.109430313110351562 12.912741661071777344 12.912741661071777344 13.18682098388671875 13.260073661804199219 13.260073661804199219 13.094701766967773438 13.18682098388671875 13.18682098388671875 13.094701766967773438 13.291579246520996094 13.18682098388671875 13.18682098388671875 13.109430313110351562 12.863812446594238281 12.863812446594238281 13.251070976257324219 13.251070976257324219 0.52308499813079833984 13.257923126220703125 0.52308499813079833984 0.52308499813079833984 0.52308499813079833984 0.52308499813079833984 0.52308499813079833984 0.52308499813079833984
11.22951507568359375 0.0074999998323619365692 0.52308499813079833984 13.113272666931152344 0.52308499813079833984 0.52308499813079833984 0.52308499813079833984 0.52308499813079833984 12.979468345642089844 13.043679237365722656 13.291579246520996094 13.291579246520996094 13.109430313110351562 13.291579246520996094 13.109430313110351562 13.109430313110351562 13.291579246520996094 13.109430313110351562 13.260073661804199219 13.18682098388671875 13.18682098388671875 13.18682098388671875 13.094701766967773438 13.109430313110351562 13.109430313110351562 13.18682098388671875 12.863812446594238281 12.863812446594238281 12.863812446594238281 13.094701766967773438 13.14788055419921875 13.1201629638671875 0.52308499813079833984 0.52308499813079833984 0.52308499813079833984 0.52308499813079833984 0.52308499813079833984 0.52308499813079833984 3.1399600505828857422 3.1405649185180664062
13.140948295593261719 13.074518203735351562 12.863812446594238281 0.52308499813079833984 12.958966255187988281 13.035704612731933594 0.52308499813079833984 0.52308499813079833984 13.113272666931152344 13.1237640380859375 13.291579246520996094 13.109430313110351562 13.109430313110351562 13.291579246520996094 13.291579246520996094 13.109430313110351562 13.291579246520996094 13.291579246520996094 13.109430313110351562 13.0594940185546875 13.094701766967773438 13.094701766967773438 13.109430313110351562 13.109430313110351562 13.18682098388671875 12.863812446594238281 12.863812446594238281 3.1415770053863525391 13.18682098388671875 12.983408927917480469 13.1201629638671875 8.3601169586181640625 0.52308499813079833984 0.52308499813079833984 0.52308499813079833984 0.0074999998323619365692 0.52308499813079833984 3.1399600505828857422 3.1399600505828857422 3.1408689022064208984
13.155629158020019531 13.157320976257324219 13.157320976257324219 12.923982620239257812 13.18682098388671875 13.155629158020019531 13.074518203735351562 0.52308499813079833984 13.291579246520996094 13.291579246520996094 13.157320976257324219 13.109430313110351562 13.291579246520996094 13.109430313110351562 13.109430313110351562 13.109430313110351562 13.109430313110351562 13.109430313110351562 13.0594940185546875 13.109430313110351562 13.109430313110351562 13.109430313110351562 13.109430313110351562 12.863812446594238281 12.863812446594238281 12.863812446594238281 12.863812446594238281 13.018731117248535156 12.910223960876464844 13.094701766967773438 12.863812446594238281 8.3601169586181640625 12.863812446594238281 13.268462181091308594 0.52308499813079833984 0.52308499813079833984 13.291272163391113281 13.14788055419921875 3.1379721164703369141 3.1399600505828857422
13.155629158020019531 13.234332084655761719 13.234332084655761719 13.18682098388671875 13.291579246520996094 13.291579246520996094 13.291579246520996094 13.155629158020019531 13.109430313110351562 13.109430313110351562 13.109430313110351562 13.109430313110351562 13.109430313110351562 13.291579246520996094 13.251070976257324219 13.109430313110351562 13.109430313110351562 13.260073661804199219 13.260073661804199219 13.260073661804199219 13.260073661804199219 13.109430313110351562 13.18682098388671875 12.863812446594238281 12.863812446594238281 12.863812446594238281 12.863812446594238281 13.14788055419921875 12.910223960876464844 12.863812446594238281 13.18682098388671875 13.148003578186035156 13.291272163391113281 13.368889808654785156 13.101746559143066406 13.121301651000976562 13.138225555419921875 13.382002830505371094 13.169642448425292969 0.0074999998323619365692
13.18682098388671875 13.234332084655761719 13.291579246520996094 13.291579246520996094 13.109430313110351562 13.109430313110351562 13.109430313110351562 13.083346366882324219 13.291579246520996094 13.109430313110351562 13.109430313110351562 13.291579246520996094 13.109430313110351562 13.129378318786621094 13.129378318786621094 13.250215530395507812 13.291579246520996094 13.109430313110351562 13.260073661804199219 13.109430313110351562 13.18682098388671875 13.18682098388671875 12.923982620239257812 13.14788055419921875 12.863812446594238281 12.863812446594238281 12.863812446594238281 12.863812446594238281 13.170245170593261719 0.0074999998323619365692 13.223605155944824219 13.269468307495117188 13.223605155944824219 13.223605155944824219 12.245403289794921875 12.896680831909179688 13.382002830505371094 3.1379721164703369141 12.896680831909179688 12.629191398620605469
13.120492935180664062 13.18682098388671875 13.291579246520996094 13.129378318786621094 13.109430313110351562 13.109430313110351562 13.109430313110351562 13.109430313110351562 13.109430313110351562 13.109430313110351562 13.109430313110351562 13.291579246520996094 13.129378318786621094 13.260073661804199219 13.260073661804199219 13.0594940185546875 13.0594940185546875 13.256525993347167969 13.0594940185546875 13.0594940185546875 13.18682098388671875 13.18682098388671875 13.018731117248535156 12.863812446594238281 12.863812446594238281 12.863812446594238281 13.14788055419921875 13.170245170593261719 13.170245170593261719 13.120492935180664062 13.269468307495117188 13.382002830505371094 13.368889808654785156 13.223605155944824219 13.382002830505371094 13.329892158508300781 13.382002830505371094 13.181642532348632812 12.245403289794921875 13.382002830505371094
13.155629158020019531 13.228952407836914062 13.14788055419921875 12.920144081115722656 13.291579246520996094 13.291579246520996094 13.291579246520996094 13.109430313110351562 13.109430313110351562 13.109430313110351562 13.109430313110351562 13.109430313110351562 13.109430313110351562 13.129378318786621094 13.251070976257324219 13.099711418151855469 13.117323875427246094 12.979468345642089844 13.0594940185546875 13.18682098388671875 13.18682098388671875 13.18682098388671875 13.018731117248535156 12.863812446594238281 13.018731117248535156 12.863812446594238281 12.863812446594238281 13.14788055419921875 13.14788055419921875 13.120492935180664062 13.18682098388671875 13.382002830505371094 13.223605155944824219 13.18682098388671875 13.075039863586425781 13.382002830505371094 0.52308499813079833984 13.066542625427246094 13.138225555419921875 12.245403289794921875
12.920144081115722656 13.234332084655761719 13.14788055419921875 13.043679237365722656 13.043679237365722656 13.043679237365722656 12.979468345642089844 13.109430313110351562 13.109430313110351562 13.109430313110351562 13.109430313110351562 13.109430313110351562 13.129378318786621094 13.260073661804199219 13.099711418151855469 13.099711418151855469 13.18682098388671875 12.979468345642089844 13.120492935180664062 13.170245170593261719 12.863812446594238281 12.912741661071777344 13.018731117248535156 12.863812446594238281 13.14788055419921875 13.018731117248535156 13.018731117248535156 13.14788055419921875 13.14788055419921875 13.291579246520996094 12.863812446594238281 13.14788055419921875 13.382002830505371094 13.382002830505371094 13.382002830505371094 12.863812446594238281 11.22951507568359375 13.382002830505371094 13.382002830505371094 13.382002830505371094
13.260073661804199219 13.234332084655761719 13.18682098388671875 13.043679237365722656 13.043679237365722656 13.155629158020019531 12.920144081115722656 13.109430313110351562 13.109430313110351562 13.109430313110351562 13.109430313110351562 13.109430313110351562 13.129378318786621094 13.251070976257324219 13.155629158020019531 12.920144081115722656 13.130984306335449219 13.155629158020019531 13.155629158020019531 13.155629158020019531 13.155629158020019531 13.018731117248535156 13.130984306335449219 13.018731117248535156 12.863812446594238281 12.863812446594238281 13.14788055419921875 13.251070976257324219 13.14788055419921875 12.863812446594238281 13.155629158020019531 13.223605155944824219 13.382002830505371094 13.382002830505371094 12.245403289794921875 13.382002830505371094 13.382002830505371094 12.629191398620605469 13.382002830505371094 12.245403289794921875
13.1201629638671875 13.291579246520996094 12.920144081115722656 13.043679237365722656 13.043679237365722656 12.912741661071777344 13.18682098388671875 13.109430313110351562 13.109430313110351562 13.255539894104003906 13.109430313110351562 13.109430313110351562 13.260073661804199219 13.129378318786621094 13.260073661804199219 13.018731117248535156 13.130984306335449219 13.241093635559082031 12.863812446594238281 13.055359840393066406 13.055359840393066406 12.863812446594238281 12.863812446594238281 13.170245170593261719 13.043679237365722656 13.18682098388671875 13.14788055419921875 13.1929931640625 13.043679237365722656 12.863812446594238281 13.18682098388671875 13.382002830505371094 13.382002830505371094 12.245403289794921875 13.001526832580566406 12.629191398620605469 12.629191398620605469 13.140948295593261719 0.52308499813079833984 12.896680831909179688
13.220897674560546875 13.251070976257324219 13.251070976257324219 13.251070976257324219 12.912741661071777344 13.043679237365722656 13.155629158020019531 13.155629158020019531 13.251070976257324219 13.255539894104003906 13.129378318786621094 13.260073661804199219 13.260073661804199219 13.109430313110351562 12.920144081115722656 12.920144081115722656 13.055359840393066406 13.055359840393066406 13.055359840393066406 13.055359840393066406 12.863812446594238281 12.863812446594238281 13.043679237365722656 13.224376678466796875 13.043679237365722656 13.043679237365722656 13.14788055419921875 13.14788055419921875 13.14788055419921875 13.18682098388671875 12.863812446594238281 13.18682098388671875 13.223605155944824219 12.629191398620605469 13.001526832580566406 0.52308499813079833984 12.629191398620605469 12.245403289794921875 12.245403289794921875 13.291272163391113281
13.260073661804199219 13.220897674560546875 13.141985893249511719 13.291579246520996094 13.101119041442871094 13.043679237365722656 13.155629158020019531 12.979468345642089844 12.920144081115722656 13.099711418151855469 13.099711418151855469 13.099711418151855469 13.260073661804199219 13.109430313110351562 13.291579246520996094 13.170245170593261719 13.18682098388671875 12.912741661071777344 13.055359840393066406 12.863812446594238281 13.055359840393066406 13.133112907409667969 13.150813102722167969 13.155629158020019531 13.043679237365722656 13.043679237365722656 13.055359840393066406 13.14788055419921875 13.14788055419921875 12.863812446594238281 12.863812446594238281 13.382002830505371094 12.863812446594238281 13.001526832580566406 12.896680831909179688 12.863812446594238281 0.52308499813079833984 12.245403289794921875 13.101746559143066406 13.138225555419921875
13.109430313110351562 13.260073661804199219 13.109430313110351562 13.1237640380859375 13.043679237365722656 13.018731117248535156 13.099711418151855469 13.155629158020019531 13.0594940185546875 13.099711418151855469 13.099711418151855469 13.099711418151855469 12.979468345642089844 13.18682098388671875 13.109430313110351562 13.109430313110351562 12.920144081115722656 13.18682098388671875 13.18682098388671875 12.863812446594238281 13.291272163391113281 13.133112907409667969 13.133112907409667969 13.155629158020019531 13.043679237365722656 13.055359840393066406 13.055359840393066406 13.14788055419921875 13.14788055419921875 12.863812446594238281 13.232829093933105469 13.382002830505371094 13.140948295593261719 12.629191398620605469 0.52308499813079833984 12.896680831909179688 12.896680831909179688 13.382002830505371094 12.629191398620605469 13.130984306335449219
