Big_Beef/DataInputs30m/o_10_ChemistryPools/1990_Mar2025/N_g_root_1.asc
ncols        345
nrows        426
xllcorner    508536.404131802963
yllcorner    5265678.997906560078
cellsize     30.000000000000
NODATA_value -9999
[rows 408 to 424 of 426, columns 280 to 319 of 345]
3.8715798854827880859 4.0228338241577148438 3.7080581188201904297 3.7080581188201904297 3.7080581188201904297 4.005397796630859375 3.8500249385833740234 3.92761993408203125 3.8500249385833740234 3.92761993408203125 3.9988570213317871094 3.9740669727325439453 3.9232950210571289062 3.9740669727325439453 4.0599451065063476562 3.8618750572204589844 3.8618750572204589844 4.0199480056762695312 0.0068160002119839191437 0.0068160002119839191437 0.44279998540878295898 0.092069000005722045898 0.092069000005722045898 0.092069000005722045898 0.092069000005722045898 0.44279998540878295898 0.44279998540878295898 0.44279998540878295898 4.0381598472595214844 4.0693078041076660156 4.0693078041076660156 3.8875129222869873047 3.9371829032897949219 3.7905728816986083984 3.9582219123840332031 3.9799950122833251953 4.0070328712463378906 4.0070328712463378906 3.6970369815826416016 4.0228338241577148438
4.0799531936645507812 4.0157389640808105469 3.7080581188201904297 4.0157389640808105469 4.0243258476257324219 3.9209680557250976562 3.8500249385833740234 3.8500249385833740234 3.92761993408203125 3.9988570213317871094 3.9988570213317871094 3.9988570213317871094 3.9371829032897949219 3.9740669727325439453 4.0228338241577148438 3.8618750572204589844 3.8618750572204589844 3.8618750572204589844 0.0068160002119839191437 0.44279998540878295898 0.0068160002119839191437 0.092069000005722045898 0.0068160002119839191437 0.0068160002119839191437 0.092069000005722045898 0.27450001239776611328 0.44279998540878295898 0.44279998540878295898 4.0599451065063476562 3.9150910377502441406 3.9150910377502441406 4.0228338241577148438 4.0228338241577148438 4.0199480056762695312 4.0228338241577148438 4.0381598472595214844 3.9150910377502441406 3.9150910377502441406 4.0381598472595214844 4.0070328712463378906
4.0157389640808105469 3.8715798854827880859 3.7080581188201904297 4.0157389640808105469 4.0243258476257324219 3.9209680557250976562 3.8500249385833740234 3.8500249385833740234 3.9209680557250976562 3.9988570213317871094 3.9988570213317871094 3.9988570213317871094 3.9371829032897949219 3.9512090682983398438 3.8618750572204589844 3.8618750572204589844 3.8618750572204589844 3.8618750572204589844 3.8618750572204589844 0.0068160002119839191437 0.0068160002119839191437 0.0068160002119839191437 0.0068160002119839191437 0.15500000119209289551 0.15500000119209289551 0.44279998540878295898 0.0068160002119839191437 0.092069000005722045898 3.8618750572204589844 3.9150910377502441406 4.0228338241577148438 3.9150910377502441406 3.9150910377502441406 4.0199480056762695312 4.0381598472595214844 4.0381598472595214844 3.9150910377502441406 3.9150910377502441406 4.0381598472595214844 3.9150910377502441406
3.9793100357055664062 4.0243258476257324219 4.0379190444946289062 4.0243258476257324219 4.0243258476257324219 3.7288060188293457031 3.7288060188293457031 3.8500249385833740234 3.92761993408203125 3.7288060188293457031 3.9209680557250976562 3.9150910377502441406 3.92761993408203125 3.9740669727325439453 3.9988570213317871094 3.9740669727325439453 3.9740669727325439453 3.8930599689483642578 0.0068160002119839191437 0.0068160002119839191437 0.15500000119209289551 0.0068160002119839191437 0.0068160002119839191437 0.0068160002119839191437 0.0068160002119839191437 0.0068160002119839191437 0.44279998540878295898 0.092069000005722045898 3.8875129222869873047 3.9150910377502441406 4.0228338241577148438 4.0228338241577148438 4.0228338241577148438 4.0381598472595214844 4.0381598472595214844 3.9150910377502441406 3.9150910377502441406 4.0228338241577148438 4.0228338241577148438 4.0381598472595214844
3.9512090682983398438 3.9209680557250976562 4.0243258476257324219 4.0243258476257324219 4.0243258476257324219 3.8500249385833740234 3.8500249385833740234 3.92761993408203125 3.8500249385833740234 3.9209680557250976562 3.9150910377502441406 3.9988570213317871094 3.92761993408203125 3.9740669727325439453 3.9512090682983398438 3.9740669727325439453 3.9371829032897949219 3.9977788925170898438 0.0068160002119839191437 0.0068160002119839191437 0.0068160002119839191437 0.0068160002119839191437 0.0068160002119839191437 0.0068160002119839191437 0.0068160002119839191437 0.0068160002119839191437 3.8618750572204589844 3.8618750572204589844 3.9150910377502441406 3.9150910377502441406 3.9150910377502441406 4.0488262176513671875 3.9150910377502441406 3.9150910377502441406 3.9150910377502441406 4.0381598472595214844 4.0157389640808105469 4.0157389640808105469 4.0157389640808105469 4.0157389640808105469
4.0243258476257324219 4.0243258476257324219 4.0243258476257324219 4.0243258476257324219 4.0243258476257324219 3.7288060188293457031 3.8500249385833740234 3.8500249385833740234 3.8500249385833740234 3.9209680557250976562 3.8618750572204589844 4.0230622291564941406 3.92761993408203125 3.92761993408203125 4.0324320793151855469 4.0324320793151855469 4.0228338241577148438 3.9929480552673339844 0.0068160002119839191437 0.0068160002119839191437 0.0068160002119839191437 0.0068160002119839191437 0.15500000119209289551 0.0068160002119839191437 0.0068160002119839191437 0.44279998540878295898 3.9150910377502441406 3.9150910377502441406 3.9150910377502441406 3.9150910377502441406 4.0157389640808105469 4.0276579856872558594 4.0381598472595214844 4.0070328712463378906 4.0070328712463378906 4.0157389640808105469 4.0157389640808105469 4.0157389640808105469 4.0228338241577148438 4.0157389640808105469
4.0243258476257324219 4.0243258476257324219 4.0243258476257324219 3.7288060188293457031 3.7288060188293457031 3.7288060188293457031 3.7288060188293457031 4.0230622291564941406 4.0230622291564941406 3.9150910377502441406 3.8618750572204589844 3.8618750572204589844 3.92761993408203125 3.92761993408203125 3.8930599689483642578 3.9371829032897949219 4.013957977294921875 3.8211929798126220703 3.8715798854827880859 0.0068160002119839191437 0.0068160002119839191437 0.0068160002119839191437 0.0068160002119839191437 0.0068160002119839191437 0.0068160002119839191437 0.092069000005722045898 3.9150910377502441406 3.9150910377502441406 4.0228338241577148438 4.0228338241577148438 4.0070328712463378906 4.0070328712463378906 4.0381598472595214844 4.0070328712463378906 4.0228338241577148438 4.0157389640808105469 4.0157389640808105469 4.0157389640808105469 4.0157389640808105469 4.0157389640808105469
4.0243258476257324219 3.7288060188293457031 3.8500249385833740234 4.0230622291564941406 3.8500249385833740234 3.92761993408203125 3.92761993408203125 3.7288060188293457031 4.0230622291564941406 3.9150910377502441406 3.9209680557250976562 3.8618750572204589844 3.8618750572204589844 3.92761993408203125 3.9740669727325439453 3.9371829032897949219 3.8211929798126220703 4.0243258476257324219 4.0599451065063476562 0.0068160002119839191437 0.0068160002119839191437 0.0068160002119839191437 0.0068160002119839191437 0.0068160002119839191437 0.092069000005722045898 3.8618750572204589844 3.8875129222869873047 4.0381598472595214844 3.9150910377502441406 4.0228338241577148438 3.9150910377502441406 3.9150910377502441406 4.0381598472595214844 4.0070328712463378906 4.0157389640808105469 4.0070328712463378906 4.0157389640808105469 4.0157389640808105469 4.0157389640808105469 4.0228338241577148438
3.92761993408203125 3.8500249385833740234 3.7288060188293457031 3.7288060188293457031 3.8500249385833740234 3.92761993408203125 3.8500249385833740234 4.0243258476257324219 3.9209680557250976562 3.8618750572204589844 3.8618750572204589844 3.8618750572204589844 3.8618750572204589844 3.8335850238800048828 3.9740669727325439453 3.6970369815826416016 4.0243258476257324219 0.44279998540878295898 4.3800001144409179688 0.0068160002119839191437 0.0068160002119839191437 0.0068160002119839191437 0.0068160002119839191437 0.0068160002119839191437 0.092069000005722045898 3.8618750572204589844 3.8875129222869873047 3.8875129222869873047 4.0381598472595214844 3.9150910377502441406 3.9150910377502441406 4.0381598472595214844 4.0381598472595214844 4.0381598472595214844 4.0157389640808105469 4.0157389640808105469 4.0157389640808105469 4.0157389640808105469 4.0157389640808105469 4.0157389640808105469
3.8500249385833740234 3.7288060188293457031 3.7288060188293457031 4.0230622291564941406 3.7288060188293457031 3.7288060188293457031 3.8500249385833740234 3.92761993408203125 3.9209680557250976562 3.8618750572204589844 4.0198960304260253906 3.92761993408203125 3.92761993408203125 3.8618750572204589844 3.9740669727325439453 3.9977788925170898438 3.92761993408203125 4.3800001144409179688 4.3800001144409179688 0.0068160002119839191437 0.0068160002119839191437 0.0068160002119839191437 0.0068160002119839191437 0.092069000005722045898 0.092069000005722045898 3.9150910377502441406 4.0199480056762695312 3.8875129222869873047 3.8875129222869873047 3.9150910377502441406 3.9150910377502441406 4.0381598472595214844 4.0157389640808105469 4.0157389640808105469 4.0157389640808105469 4.0157389640808105469 4.0157389640808105469 4.0157389640808105469 4.0157389640808105469 4.0228338241577148438
3.7288060188293457031 3.7288060188293457031 3.7288060188293457031 3.92761993408203125 3.92761993408203125 3.92761993408203125 3.92761993408203125 3.92761993408203125 3.92761993408203125 3.92761993408203125 3.92761993408203125 3.8618750572204589844 3.8618750572204589844 3.9740669727325439453 3.8930599689483642578 3.9977788925170898438 3.92761993408203125 4.3800001144409179688 0.0068160002119839191437 0.0068160002119839191437 0.0068160002119839191437 0.0068160002119839191437 0.0068160002119839191437 0.092069000005722045898 3.8875129222869873047 3.9150910377502441406 3.8875129222869873047 3.9150910377502441406 4.0381598472595214844 4.0381598472595214844 4.0070328712463378906 4.0770502090454101562 4.0157389640808105469 4.0157389640808105469 4.0157389640808105469 4.0157389640808105469 4.0157389640808105469 4.0157389640808105469 4.0228338241577148438 4.0228338241577148438
3.7288060188293457031 3.7288060188293457031 3.7288060188293457031 3.8500249385833740234 3.92761993408203125 3.92761993408203125 3.92761993408203125 3.92761993408203125 3.92761993408203125 3.92761993408203125 3.92761993408203125 4.0199480056762695312 3.9512090682983398438 3.8930599689483642578 3.9977788925170898438 4.0220780372619628906 0.44279998540878295898 0.0068160002119839191437 0.0068160002119839191437 0.0068160002119839191437 0.0068160002119839191437 0.0068160002119839191437 0.092069000005722045898 3.8618750572204589844 3.9150910377502441406 3.8875129222869873047 3.8875129222869873047 3.9150910377502441406 3.9150910377502441406 3.9150910377502441406 3.9150910377502441406 4.0157389640808105469 4.0157389640808105469 4.0157389640808105469 4.0157389640808105469 4.0228338241577148438 3.97408294677734375 4.0157389640808105469 4.0157389640808105469 4.0157389640808105469
3.92761993408203125 3.92761993408203125 3.92761993408203125 4.0230622291564941406 3.92761993408203125 3.92761993408203125 3.92761993408203125 3.92761993408203125 3.92761993408203125 3.92761993408203125 3.8618750572204589844 3.9740669727325439453 4.0324320793151855469 3.8930599689483642578 3.9977788925170898438 4.3800001144409179688 4.3800001144409179688 0.0068160002119839191437 0.0068160002119839191437 0.0068160002119839191437 0.0068160002119839191437 0.0068160002119839191437 0.092069000005722045898 3.8875129222869873047 4.0199480056762695312 3.8875129222869873047 3.8875129222869873047 3.9150910377502441406 3.9150910377502441406 3.9150910377502441406 4.0157389640808105469 4.0228338241577148438 4.0157389640808105469 4.0157389640808105469 4.0157389640808105469 4.0195178985595703125 3.7080581188201904297 4.0488262176513671875 4.0157389640808105469 4.0157389640808105469
4.0324320793151855469 3.6251189708709716797 3.9512090682983398438 3.8618750572204589844 4.0230622291564941406 3.92761993408203125 3.8618750572204589844 3.8618750572204589844 3.8618750572204589844 3.8618750572204589844 3.8618750572204589844 3.92761993408203125 4.0199480056762695312 3.8930599689483642578 4.0243258476257324219 0.44279998540878295898 0.0068160002119839191437 0.0068160002119839191437 0.0068160002119839191437 0.0068160002119839191437 0.0068160002119839191437 0.092069000005722045898 3.8875129222869873047 3.8875129222869873047 3.8875129222869873047 3.8875129222869873047 4.0381598472595214844 3.9150910377502441406 3.9150910377502441406 4.0157389640808105469 2.7033669948577880859 4.0157389640808105469 4.0157389640808105469 4.0157389640808105469 4.0770502090454101562 4.0157389640808105469 4.0486111640930175781 4.0157389640808105469 4.0486111640930175781 4.0488262176513671875
3.8930599689483642578 3.9933431148529052734 4.0324320793151855469 4.0230622291564941406 3.92761993408203125 3.92761993408203125 3.92761993408203125 3.92761993408203125 3.8618750572204589844 3.8618750572204589844 3.8618750572204589844 3.8618750572204589844 3.92761993408203125 4.0199480056762695312 0.44279998540878295898 4.3800001144409179688 0.0068160002119839191437 0.0068160002119839191437 0.0068160002119839191437 0.0068160002119839191437 0.0068160002119839191437 0.092069000005722045898 3.8875129222869873047 3.9150910377502441406 3.8875129222869873047 3.8875129222869873047 3.8875129222869873047 4.0381598472595214844 3.9150910377502441406 4.0157389640808105469 4.034564971923828125 4.0157389640808105469 4.0157389640808105469 4.0157389640808105469 4.0228338241577148438 3.960205078125 4.0195178985595703125 4.0157389640808105469 4.0157389640808105469 4.0157389640808105469
3.92761993408203125 3.92761993408203125 3.92761993408203125 3.92761993408203125 3.8618750572204589844 3.9988570213317871094 3.9740669727325439453 3.8618750572204589844 3.8618750572204589844 3.8618750572204589844 4.0199480056762695312 4.0243258476257324219 3.9740669727325439453 4.0487041473388671875 0.0068160002119839191437 0.0068160002119839191437 0.0068160002119839191437 0.0068160002119839191437 0.0068160002119839191437 0.0068160002119839191437 0.092069000005722045898 3.8875129222869873047 3.9150910377502441406 3.8875129222869873047 3.8875129222869873047 3.8875129222869873047 3.8875129222869873047 4.0381598472595214844 4.0157389640808105469 3.9150910377502441406 4.0157389640808105469 3.9150910377502441406 4.0228338241577148438 4.0157389640808105469 3.960205078125 4.0157389640808105469 3.960205078125 3.9793100357055664062 4.0157389640808105469 4.0388321876525878906
4.0230622291564941406 3.8500249385833740234 3.7288060188293457031 3.92761993408203125 3.9740669727325439453 3.9988570213317871094 3.92761993408203125 3.92761993408203125 3.92761993408203125 3.8618750572204589844 4.0199480056762695312 3.9740669727325439453 0.44279998540878295898 4.3800001144409179688 0.0068160002119839191437 0.0068160002119839191437 0.0068160002119839191437 0.0068160002119839191437 0.0068160002119839191437 0.0068160002119839191437 0.0068160002119839191437 3.8618750572204589844 3.8618750572204589844 4.0199480056762695312 3.8875129222869873047 3.8875129222869873047 4.0381598472595214844 2.7033669948577880859 4.0381598472595214844 3.9150910377502441406 3.9150910377502441406 3.9988570213317871094 3.960205078125 3.960205078125 3.960205078125 3.960205078125 3.960205078125 3.9793100357055664062 4.0157389640808105469 0.0068160002119839191437
