Big_Beef/DataInputs30m/o_10_ChemistryPools/1990_Mar2025/N_g_AgStem.asc
ncols        345
nrows        426
xllcorner    508536.404131802963
yllcorner    5265678.997906560078
cellsize     30.000000000000
NODATA_value -9999
[rows 396 to 413 of 426, columns 280 to 319 of 345]
0.051213998347520828247 0.051213998347520828247 0.051213998347520828247 0.051213998347520828247 0.051213998347520828247 0.051213998347520828247 0.051213998347520828247 0.051213998347520828247 27.77281951904296875 6.0257887840270996094 6.0257887840270996094 15.364874839782714844 15.364874839782714844 13.651000022888183594 15.364874839782714844 6.0257887840270996094 21.534151077270507812 21.534151077270507812 28.688856124877929688 27.306066513061523438 18.2646636962890625 18.5083770751953125 18.5083770751953125 18.5083770751953125 18.5083770751953125 18.5083770751953125 16.202165603637695312 16.202165603637695312 18.5083770751953125 18.5083770751953125 16.202165603637695312 17.531324386596679688 6.0257887840270996094 17.531324386596679688 17.531324386596679688 16.202165603637695312 17.531324386596679688 17.531324386596679688 17.531324386596679688 17.531324386596679688
0.051213998347520828247 0.051213998347520828247 0.051213998347520828247 0.051213998347520828247 0.051213998347520828247 0.051213998347520828247 0.051213998347520828247 0.051213998347520828247 27.77281951904296875 26.767826080322265625 15.063814163208007812 17.037532806396484375 13.651000022888183594 18.2646636962890625 18.2646636962890625 18.2646636962890625 20.753702163696289062 27.306066513061523438 27.306066513061523438 28.688856124877929688 18.2646636962890625 24.125326156616210938 35.4077606201171875 18.5083770751953125 16.202165603637695312 16.202165603637695312 16.202165603637695312 16.202165603637695312 16.202165603637695312 17.531324386596679688 16.202165603637695312 38.048004150390625 38.048004150390625 16.202165603637695312 16.202165603637695312 16.202165603637695312 17.531324386596679688 16.202165603637695312 16.202165603637695312 16.202165603637695312
23.450031280517578125 0.051213998347520828247 0.051213998347520828247 0.051213998347520828247 0.051213998347520828247 0.051213998347520828247 0.051213998347520828247 0.051213998347520828247 27.77281951904296875 14.783785820007324219 17.037532806396484375 17.037532806396484375 17.037532806396484375 18.2646636962890625 18.2646636962890625 21.534151077270507812 20.753702163696289062 20.753702163696289062 27.306066513061523438 18.5083770751953125 18.2646636962890625 18.5083770751953125 18.5083770751953125 18.5083770751953125 18.5083770751953125 16.202165603637695312 16.202165603637695312 17.531324386596679688 17.531324386596679688 17.531324386596679688 16.202165603637695312 17.531324386596679688 16.202165603637695312 6.0257887840270996094 17.531324386596679688 18.5083770751953125 16.202165603637695312 17.531324386596679688 16.202165603637695312 16.202165603637695312
13.651000022888183594 0.051213998347520828247 0.051213998347520828247 0.051213998347520828247 0.051213998347520828247 0.051213998347520828247 0.051213998347520828247 27.77281951904296875 26.767826080322265625 14.783785820007324219 17.037532806396484375 17.037532806396484375 17.037532806396484375 18.2646636962890625 18.2646636962890625 21.534151077270507812 22.0981903076171875 21.534151077270507812 27.306066513061523438 27.306066513061523438 18.5083770751953125 18.2646636962890625 16.202165603637695312 18.5083770751953125 17.531324386596679688 18.5083770751953125 16.202165603637695312 18.5083770751953125 17.531324386596679688 16.202165603637695312 16.202165603637695312 18.5083770751953125 16.202165603637695312 6.0257887840270996094 17.531324386596679688 18.5083770751953125 16.202165603637695312 17.531324386596679688 18.5083770751953125 18.5083770751953125
13.651000022888183594 0.051213998347520828247 0.051213998347520828247 0.051213998347520828247 0.051213998347520828247 0.051213998347520828247 0.051213998347520828247 6.0257887840270996094 17.037532806396484375 17.037532806396484375 15.364874839782714844 17.037532806396484375 15.364874839782714844 17.037532806396484375 21.534151077270507812 21.534151077270507812 21.534151077270507812 18.2646636962890625 33.970386505126953125 28.688856124877929688 26.143835067749023438 16.202165603637695312 16.202165603637695312 16.202165603637695312 18.5083770751953125 18.5083770751953125 16.202165603637695312 18.5083770751953125 18.5083770751953125 17.531324386596679688 18.5083770751953125 16.202165603637695312 16.202165603637695312 16.202165603637695312 16.202165603637695312 18.5083770751953125 18.5083770751953125 18.5083770751953125 18.5083770751953125 16.202165603637695312
23.450031280517578125 0.051213998347520828247 0.051213998347520828247 0.051213998347520828247 0.051213998347520828247 0.051213998347520828247 38.048004150390625 13.651000022888183594 13.651000022888183594 13.651000022888183594 17.037532806396484375 17.037532806396484375 15.364874839782714844 17.037532806396484375 21.534151077270507812 21.534151077270507812 21.534151077270507812 18.2646636962890625 23.952602386474609375 26.143835067749023438 26.143835067749023438 33.970386505126953125 16.202165603637695312 18.5083770751953125 18.5083770751953125 18.5083770751953125 18.5083770751953125 18.5083770751953125 18.2646636962890625 18.5083770751953125 18.5083770751953125 18.5083770751953125 18.5083770751953125 18.5083770751953125 16.202165603637695312 16.202165603637695312 18.5083770751953125 17.531324386596679688 18.5083770751953125 17.531324386596679688
14.502927780151367188 13.651000022888183594 0.051213998347520828247 27.77281951904296875 21.534151077270507812 23.450031280517578125 38.048004150390625 17.037532806396484375 15.364874839782714844 17.037532806396484375 21.534151077270507812 21.534151077270507812 18.2646636962890625 21.534151077270507812 21.534151077270507812 27.77281951904296875 21.534151077270507812 17.531324386596679688 22.819536209106445312 32.4598236083984375 18.2646636962890625 32.4598236083984375 27.306066513061523438 18.5083770751953125 18.5083770751953125 18.5083770751953125 16.202165603637695312 18.5083770751953125 18.5083770751953125 18.5083770751953125 18.5083770751953125 18.5083770751953125 18.5083770751953125 18.5083770751953125 18.5083770751953125 17.531324386596679688 18.5083770751953125 18.5083770751953125 18.5083770751953125 18.5083770751953125
27.77281951904296875 22.819536209106445312 27.77281951904296875 27.77281951904296875 21.534151077270507812 23.450031280517578125 23.450031280517578125 27.77281951904296875 27.77281951904296875 21.534151077270507812 21.534151077270507812 21.534151077270507812 21.534151077270507812 21.534151077270507812 21.534151077270507812 21.534151077270507812 27.77281951904296875 17.531324386596679688 18.765104293823242188 17.531324386596679688 22.819536209106445312 23.952602386474609375 18.5083770751953125 18.5083770751953125 18.5083770751953125 17.531324386596679688 33.970386505126953125 18.5083770751953125 18.5083770751953125 18.5083770751953125 18.5083770751953125 18.5083770751953125 18.5083770751953125 18.5083770751953125 35.4077606201171875 31.86057281494140625 18.5083770751953125 18.5083770751953125 18.5083770751953125 17.531324386596679688
23.450031280517578125 23.450031280517578125 27.77281951904296875 21.534151077270507812 18.2646636962890625 23.450031280517578125 23.450031280517578125 22.819536209106445312 21.534151077270507812 21.534151077270507812 21.534151077270507812 21.534151077270507812 18.5083770751953125 27.77281951904296875 27.77281951904296875 27.77281951904296875 18.2646636962890625 17.531324386596679688 21.162641525268554688 32.4598236083984375 26.767826080322265625 0.80034297704696655273 26.143835067749023438 18.5083770751953125 17.531324386596679688 20.753702163696289062 18.2646636962890625 27.306066513061523438 18.5083770751953125 18.5083770751953125 18.5083770751953125 18.5083770751953125 18.5083770751953125 18.5083770751953125 18.5083770751953125 29.863124847412109375 32.13993072509765625 21.534151077270507812 27.306066513061523438 20.753702163696289062
34.782024383544921875 27.77281951904296875 27.77281951904296875 27.77281951904296875 18.2646636962890625 21.534151077270507812 21.534151077270507812 18.2646636962890625 18.2646636962890625 21.534151077270507812 21.534151077270507812 21.534151077270507812 27.306066513061523438 26.767826080322265625 17.29229736328125 17.037532806396484375 15.364874839782714844 17.037532806396484375 21.162641525268554688 0.051213998347520828247 0.065600000321865081787 13.030999183654785156 26.143835067749023438 27.306066513061523438 22.0981903076171875 20.753702163696289062 20.753702163696289062 28.091932296752929688 17.531324386596679688 17.531324386596679688 18.5083770751953125 17.531324386596679688 31.4317626953125 31.86057281494140625 29.587606430053710938 29.863124847412109375 29.21590423583984375 29.863124847412109375 29.587606430053710938 29.587606430053710938
23.450031280517578125 21.534151077270507812 27.77281951904296875 27.77281951904296875 27.77281951904296875 27.77281951904296875 27.77281951904296875 23.450031280517578125 18.2646636962890625 17.037532806396484375 17.037532806396484375 21.534151077270507812 18.5083770751953125 6.0257887840270996094 18.2646636962890625 17.037532806396484375 17.037532806396484375 17.037532806396484375 21.162641525268554688 0.051213998347520828247 0.051213998347520828247 0.80034297704696655273 23.318059921264648438 24.718328475952148438 26.143835067749023438 33.970386505126953125 22.0981903076171875 17.531324386596679688 17.531324386596679688 21.913469314575195312 32.13993072509765625 31.4317626953125 29.21590423583984375 29.049488067626953125 27.227939605712890625 29.21590423583984375 17.798559188842773438 29.587606430053710938 28.251224517822265625 15.063814163208007812
15.670678138732910156 27.77281951904296875 21.534151077270507812 27.77281951904296875 23.450031280517578125 23.450031280517578125 23.450031280517578125 23.450031280517578125 17.037532806396484375 17.037532806396484375 17.037532806396484375 22.819536209106445312 22.0981903076171875 22.0981903076171875 18.5083770751953125 18.2646636962890625 17.037532806396484375 17.037532806396484375 21.162641525268554688 0.051213998347520828247 0.065600000321865081787 36.97431182861328125 0.80034297704696655273 0.80034297704696655273 27.236394882202148438 15.670678138732910156 33.970386505126953125 33.970386505126953125 24.26595306396484375 31.30432891845703125 28.091932296752929688 28.96785736083984375 9.3659515380859375 29.21590423583984375 23.952602386474609375 17.798559188842773438 21.534151077270507812 21.534151077270507812 21.534151077270507812 15.063814163208007812
15.670678138732910156 21.534151077270507812 14.502927780151367188 14.502927780151367188 14.502927780151367188 34.05291748046875 15.364874839782714844 17.037532806396484375 15.364874839782714844 17.037532806396484375 22.819536209106445312 22.0981903076171875 18.99718475341796875 22.0981903076171875 26.767826080322265625 17.531324386596679688 17.531324386596679688 21.162641525268554688 0.051213998347520828247 0.051213998347520828247 0.065600000321865081787 0.80034297704696655273 0.80034297704696655273 0.80034297704696655273 0.80034297704696655273 0.065600000321865081787 0.065600000321865081787 0.065600000321865081787 24.125326156616210938 27.236394882202148438 27.236394882202148438 19.444505691528320312 20.753702163696289062 15.063814163208007812 23.145586013793945312 23.775363922119140625 29.159410476684570312 29.159410476684570312 13.030999183654785156 21.534151077270507812
32.4598236083984375 27.77281951904296875 14.502927780151367188 27.77281951904296875 28.091932296752929688 23.450031280517578125 15.364874839782714844 15.364874839782714844 17.037532806396484375 22.819536209106445312 22.819536209106445312 22.819536209106445312 20.753702163696289062 22.0981903076171875 21.534151077270507812 17.531324386596679688 17.531324386596679688 17.531324386596679688 0.051213998347520828247 0.065600000321865081787 0.051213998347520828247 0.80034297704696655273 0.051213998347520828247 0.051213998347520828247 0.80034297704696655273 0.040699999779462814331 0.065600000321865081787 0.065600000321865081787 26.767826080322265625 18.2646636962890625 18.2646636962890625 21.534151077270507812 21.534151077270507812 21.162641525268554688 21.534151077270507812 24.125326156616210938 18.2646636962890625 18.2646636962890625 24.125326156616210938 29.159410476684570312
27.77281951904296875 15.670678138732910156 14.502927780151367188 27.77281951904296875 28.091932296752929688 23.450031280517578125 15.364874839782714844 15.364874839782714844 23.450031280517578125 22.819536209106445312 22.819536209106445312 22.819536209106445312 20.753702163696289062 27.306066513061523438 17.531324386596679688 17.531324386596679688 17.531324386596679688 17.531324386596679688 17.531324386596679688 0.051213998347520828247 0.051213998347520828247 0.051213998347520828247 0.051213998347520828247 0.023000000044703483582 0.023000000044703483582 0.065600000321865081787 0.051213998347520828247 0.80034297704696655273 17.531324386596679688 18.2646636962890625 21.534151077270507812 18.2646636962890625 18.2646636962890625 21.162641525268554688 24.125326156616210938 24.125326156616210938 18.2646636962890625 18.2646636962890625 24.125326156616210938 18.2646636962890625
22.281402587890625 28.091932296752929688 34.782024383544921875 28.091932296752929688 28.091932296752929688 13.651000022888183594 13.651000022888183594 15.364874839782714844 17.037532806396484375 13.651000022888183594 23.450031280517578125 18.2646636962890625 17.037532806396484375 22.0981903076171875 22.819536209106445312 22.0981903076171875 22.0981903076171875 16.48600006103515625 0.051213998347520828247 0.051213998347520828247 0.023000000044703483582 0.051213998347520828247 0.051213998347520828247 0.051213998347520828247 0.051213998347520828247 0.051213998347520828247 0.065600000321865081787 0.80034297704696655273 19.444505691528320312 18.2646636962890625 21.534151077270507812 21.534151077270507812 21.534151077270507812 24.125326156616210938 24.125326156616210938 18.2646636962890625 18.2646636962890625 21.534151077270507812 21.534151077270507812 24.125326156616210938
27.306066513061523438 23.450031280517578125 28.091932296752929688 28.091932296752929688 28.091932296752929688 15.364874839782714844 15.364874839782714844 17.037532806396484375 15.364874839782714844 23.450031280517578125 18.2646636962890625 22.819536209106445312 17.037532806396484375 22.0981903076171875 27.306066513061523438 22.0981903076171875 20.753702163696289062 24.26595306396484375 0.051213998347520828247 0.051213998347520828247 0.051213998347520828247 0.051213998347520828247 0.051213998347520828247 0.051213998347520828247 0.051213998347520828247 0.051213998347520828247 17.531324386596679688 17.531324386596679688 18.2646636962890625 18.2646636962890625 18.2646636962890625 28.688856124877929688 18.2646636962890625 18.2646636962890625 18.2646636962890625 24.125326156616210938 27.77281951904296875 27.77281951904296875 27.77281951904296875 27.77281951904296875
28.091932296752929688 28.091932296752929688 28.091932296752929688 28.091932296752929688 28.091932296752929688 13.651000022888183594 15.364874839782714844 15.364874839782714844 15.364874839782714844 23.450031280517578125 17.531324386596679688 38.048004150390625 17.037532806396484375 17.037532806396484375 25.315187454223632812 25.315187454223632812 21.534151077270507812 26.986059188842773438 0.051213998347520828247 0.051213998347520828247 0.051213998347520828247 0.051213998347520828247 0.023000000044703483582 0.051213998347520828247 0.051213998347520828247 0.065600000321865081787 18.2646636962890625 18.2646636962890625 18.2646636962890625 18.2646636962890625 27.77281951904296875 31.232667922973632812 24.125326156616210938 29.159410476684570312 29.159410476684570312 27.77281951904296875 27.77281951904296875 27.77281951904296875 21.534151077270507812 27.77281951904296875
