Big_Beef/DataInputs30m/o_10_ChemistryPools/1990_Mar2025/N_g_BgStem.asc
ncols        345
nrows        426
xllcorner    508536.404131802963
yllcorner    5265678.997906560078
cellsize     30.000000000000
NODATA_value -9999
[rows 340 to 356 of 426, columns 200 to 239 of 345]
0.015058999881148338318 4.8750901222229003906 4.9665441513061523438 4.7818408012390136719 6.4727320671081542969 6.4727320671081542969 4.9665441513061523438 1.3522169589996337891 3.1721050739288330078 0.30709999799728393555 3.4295659065246582031 6.4727320671081542969 6.4727320671081542969 4.8750901222229003906 3.9043309688568115234 7.4324178695678710938 10.453556060791015625 4.7818408012390136719 4.7818408012390136719 5.2640128135681152344 5.2640128135681152344 5.2640128135681152344 6.3334760665893554688 5.5988101959228515625 7.7176260948181152344 6.3334760665893554688 9.514904022216796875 2.9879860877990722656 5.5988101959228515625 0.015058999881148338318 0.015058999881148338318 0.015058999881148338318 0.015058999881148338318 0.015058999881148338318 0.015058999881148338318 0.015058999881148338318 0.015058999881148338318 0.015058999881148338318 3.3621799945831298828 0.015058999881148338318
0.015058999881148338318 0.015058999881148338318 9.1585483551025390625 6.9429450035095214844 6.4727320671081542969 6.4727320671081542969 6.4727320671081542969 4.9665441513061523438 9.8338346481323242188 9.8338346481323242188 8.8755893707275390625 3.4295659065246582031 6.4727320671081542969 5.0555858612060546875 3.9043309688568115234 7.4324178695678710938 15.76697540283203125 6.7563948631286621094 4.7818408012390136719 5.1020841598510742188 5.1020841598510742188 4.0660772323608398438 2.8540620803833007812 2.8540620803833007812 6.5703139305114746094 8.7107667922973632812 2.9879860877990722656 2.9879860877990722656 1.3522169589996337891 6.1724362373352050781 0.015058999881148338318 0.015058999881148338318 0.015058999881148338318 0.015058999881148338318 0.015058999881148338318 0.015058999881148338318 0.015058999881148338318 0.015058999881148338318 0.015058999881148338318 0.015058999881148338318
0.49529999494552612305 0.015058999881148338318 9.1585483551025390625 6.9429450035095214844 6.4727320671081542969 6.4727320671081542969 9.1585483551025390625 5.8717808723449707031 3.1721050739288330078 3.4295659065246582031 4.8750901222229003906 3.4295659065246582031 4.7818408012390136719 9.1585483551025390625 3.9043309688568115234 7.3355159759521484375 15.234499931335449219 4.7818408012390136719 4.7818408012390136719 5.6820621490478515625 5.6820621490478515625 4.7818408012390136719 7.1468191146850585938 4.0660772323608398438 8.7107667922973632812 8.7107667922973632812 4.0101761817932128906 1.3522169589996337891 2.9879860877990722656 6.5703139305114746094 0.015058999881148338318 0.015058999881148338318 0.015058999881148338318 0.015058999881148338318 0.015058999881148338318 0.015058999881148338318 0.015058999881148338318 0.015058999881148338318 0.015058999881148338318 0.015058999881148338318
0.49529999494552612305 0.49529999494552612305 0.015058999881148338318 6.9429450035095214844 6.4727320671081542969 5.3484139442443847656 6.1322550773620605469 4.8750901222229003906 3.4295659065246582031 9.8338346481323242188 3.1721050739288330078 3.1721050739288330078 6.4727320671081542969 6.4727320671081542969 4.7818408012390136719 4.7818408012390136719 7.1468191146850585938 4.7818408012390136719 6.4727320671081542969 4.7818408012390136719 5.1020841598510742188 5.6820621490478515625 7.1468191146850585938 7.7176260948181152344 8.7107667922973632812 3.8432629108428955078 9.0206928253173828125 6.5703139305114746094 6.5703139305114746094 6.5703139305114746094 0.015058999881148338318 0.015058999881148338318 0.015058999881148338318 0.015058999881148338318 0.015058999881148338318 0.015058999881148338318 0.015058999881148338318 0.015058999881148338318 0.015058999881148338318 0.015058999881148338318
0.49529999494552612305 0.49529999494552612305 0.015058999881148338318 0.015058999881148338318 6.4727320671081542969 9.1585483551025390625 4.8750901222229003906 7.0585851669311523438 5.7611980438232421875 3.4295659065246582031 5.7611980438232421875 4.8750901222229003906 9.0206928253173828125 5.2640128135681152344 5.2640128135681152344 4.7818408012390136719 4.7818408012390136719 4.7818408012390136719 4.7818408012390136719 4.7818408012390136719 4.7818408012390136719 5.6820621490478515625 5.6820621490478515625 5.9487328529357910156 4.9208521842956542969 2.8540620803833007812 4.39006805419921875 9.0206928253173828125 0.015058999881148338318 0.015058999881148338318 0.015058999881148338318 0.015058999881148338318 0.015058999881148338318 0.015058999881148338318 0.015058999881148338318 0.015058999881148338318 0.015058999881148338318 0.015058999881148338318 0.015058999881148338318 0.015058999881148338318
0.49529999494552612305 0.015058999881148338318 0.015058999881148338318 0.015058999881148338318 9.1585483551025390625 5.8717808723449707031 7.1468191146850585938 5.7611980438232421875 5.7611980438232421875 3.4295659065246582031 9.0206928253173828125 5.2640128135681152344 9.0206928253173828125 5.2640128135681152344 5.2640128135681152344 4.7818408012390136719 5.0555858612060546875 5.6820621490478515625 7.638195037841796875 8.5943851470947265625 7.638195037841796875 4.8750901222229003906 5.5166401863098144531 6.7563948631286621094 6.7563948631286621094 2.8540620803833007812 6.6971750259399414062 8.8755893707275390625 0.015058999881148338318 0.015058999881148338318 0.015058999881148338318 0.015058999881148338318 0.015058999881148338318 0.015058999881148338318 0.015058999881148338318 2.9879860877990722656 2.9879860877990722656 0.015058999881148338318 0.015058999881148338318 6.5703139305114746094
0.49529999494552612305 0.49529999494552612305 0.49529999494552612305 0.49529999494552612305 0.015058999881148338318 3.1721050739288330078 3.4295659065246582031 3.4295659065246582031 5.7611980438232421875 5.2640128135681152344 9.0206928253173828125 9.0206928253173828125 5.7611980438232421875 5.7611980438232421875 3.4295659065246582031 6.4727320671081542969 3.9043309688568115234 3.9043309688568115234 3.9043309688568115234 7.3355159759521484375 10.453556060791015625 7.1468191146850585938 4.8750901222229003906 4.7818408012390136719 6.7563948631286621094 4.0660772323608398438 0.015058999881148338318 0.015058999881148338318 0.015058999881148338318 0.015058999881148338318 0.015058999881148338318 0.015058999881148338318 0.015058999881148338318 0.015058999881148338318 0.015058999881148338318 4.0101761817932128906 5.1020841598510742188 3.8432629108428955078 5.2640128135681152344 4.0101761817932128906
0.49529999494552612305 0.49529999494552612305 0.49529999494552612305 0.49529999494552612305 9.8338346481323242188 3.4295659065246582031 6.0192441940307617188 3.4295659065246582031 3.4295659065246582031 9.4785089492797851562 9.4785089492797851562 3.4295659065246582031 3.4295659065246582031 3.4295659065246582031 3.4295659065246582031 6.4727320671081542969 6.4727320671081542969 4.7818408012390136719 3.9043309688568115234 7.3355159759521484375 7.1468191146850585938 7.1468191146850585938 4.7818408012390136719 5.2640128135681152344 4.7818408012390136719 6.7563948631286621094 3.1721050739288330078 0.015058999881148338318 0.015058999881148338318 0.015058999881148338318 0.015058999881148338318 0.015058999881148338318 0.015058999881148338318 0.015058999881148338318 0.015058999881148338318 6.4727320671081542969 6.4727320671081542969 3.8432629108428955078 4.2821850776672363281 7.7176260948181152344
8.067119598388671875 3.4295659065246582031 3.4295659065246582031 0.015058999881148338318 7.9436860084533691406 3.4295659065246582031 3.4295659065246582031 4.6374039649963378906 3.1721050739288330078 5.7611980438232421875 6.7563948631286621094 3.4295659065246582031 8.067119598388671875 3.4295659065246582031 3.4295659065246582031 5.7611980438232421875 4.7818408012390136719 5.2640128135681152344 4.7818408012390136719 7.7176260948181152344 7.1468191146850585938 6.7563948631286621094 5.2640128135681152344 5.2640128135681152344 4.7818408012390136719 6.7563948631286621094 6.4727320671081542969 0.015058999881148338318 0.015058999881148338318 0.015058999881148338318 0.015058999881148338318 0.015058999881148338318 0.015058999881148338318 0.015058999881148338318 0.015058999881148338318 4.0101761817932128906 4.0101761817932128906 3.8432629108428955078 4.1784977912902832031 4.1784977912902832031
6.1724362373352050781 8.067119598388671875 8.4334058761596679688 5.1440019607543945312 7.0585851669311523438 3.4295659065246582031 5.9133548736572265625 3.4295659065246582031 3.1721050739288330078 5.8717808723449707031 3.4295659065246582031 4.8750901222229003906 3.4295659065246582031 3.4295659065246582031 5.7611980438232421875 8.067119598388671875 5.2640128135681152344 5.2640128135681152344 5.2640128135681152344 5.1020841598510742188 6.7563948631286621094 6.7563948631286621094 5.2640128135681152344 5.2640128135681152344 5.2640128135681152344 5.2640128135681152344 5.1020841598510742188 0.015058999881148338318 0.015058999881148338318 0.015058999881148338318 0.015058999881148338318 0.015058999881148338318 0.015058999881148338318 0.015058999881148338318 0.015058999881148338318 0.015058999881148338318 4.0101761817932128906 4.0660772323608398438 4.1784977912902832031 7.6399998664855957031
5.0555858612060546875 3.4295659065246582031 10.552110671997070312 10.872035980224609375 8.2310018539428710938 3.4295659065246582031 10.070109367370605469 8.8755893707275390625 7.9436860084533691406 5.8717808723449707031 3.4295659065246582031 7.1468191146850585938 3.4295659065246582031 5.7611980438232421875 5.7611980438232421875 3.4295659065246582031 4.7818408012390136719 5.2640128135681152344 5.2640128135681152344 5.2640128135681152344 5.2640128135681152344 5.2640128135681152344 5.2640128135681152344 5.2640128135681152344 5.2640128135681152344 5.2640128135681152344 4.7818408012390136719 10.453556060791015625 0.015058999881148338318 0.015058999881148338318 0.015058999881148338318 0.015058999881148338318 0.015058999881148338318 0.015058999881148338318 3.8432629108428955078 4.0101761817932128906 6.7563948631286621094 4.7818408012390136719 4.1784977912902832031 4.9208521842956542969
5.7611980438232421875 3.4295659065246582031 10.552110671997070312 10.872035980224609375 8.8755893707275390625 7.9436860084533691406 5.2296090126037597656 5.2296090126037597656 0.30709999799728393555 5.2296090126037597656 9.6213426589965820312 3.4295659065246582031 3.4295659065246582031 3.4295659065246582031 5.2640128135681152344 5.2640128135681152344 5.2640128135681152344 5.2640128135681152344 5.2640128135681152344 5.2640128135681152344 5.2640128135681152344 5.2640128135681152344 5.2640128135681152344 5.2640128135681152344 4.0101761817932128906 4.7818408012390136719 4.7818408012390136719 3.9043309688568115234 0.015058999881148338318 4.2821850776672363281 0.015058999881148338318 0.015058999881148338318 0.015058999881148338318 4.0101761817932128906 4.0660772323608398438 3.8432629108428955078 3.8432629108428955078 5.2640128135681152344 4.7818408012390136719 6.2042908668518066406
10.872035980224609375 4.829486846923828125 5.7611980438232421875 8.8755893707275390625 10.898676872253417969 6.5331568717956542969 4.8750901222229003906 10.103033065795898438 5.2296090126037597656 5.2296090126037597656 3.4295659065246582031 3.1721050739288330078 3.4295659065246582031 3.4295659065246582031 3.1721050739288330078 5.2640128135681152344 5.2640128135681152344 5.2640128135681152344 5.2640128135681152344 5.2640128135681152344 5.2640128135681152344 5.2640128135681152344 5.2640128135681152344 5.2640128135681152344 5.1020841598510742188 5.2640128135681152344 5.2640128135681152344 4.9208521842956542969 3.9043309688568115234 4.1784977912902832031 7.7176260948181152344 5.1020841598510742188 5.6820621490478515625 3.8432629108428955078 3.8432629108428955078 3.8432629108428955078 5.2640128135681152344 5.2640128135681152344 4.0660772323608398438 3.4295659065246582031
1.3522169589996337891 8.2935581207275390625 6.5331568717956542969 5.8717808723449707031 7.9436860084533691406 0.49529999494552612305 0.49529999494552612305 0.49529999494552612305 8.2935581207275390625 3.1721050739288330078 9.0206928253173828125 3.1721050739288330078 3.1721050739288330078 3.4295659065246582031 4.5922360420227050781 5.2640128135681152344 5.2640128135681152344 5.2640128135681152344 5.2640128135681152344 5.2640128135681152344 5.2640128135681152344 5.2640128135681152344 5.2640128135681152344 4.7818408012390136719 4.7818408012390136719 5.1020841598510742188 5.2640128135681152344 4.0101761817932128906 4.9208521842956542969 7.7176260948181152344 4.0660772323608398438 5.1020841598510742188 6.7563948631286621094 3.1721050739288330078 4.0101761817932128906 5.2640128135681152344 5.2640128135681152344 5.1020841598510742188 4.0660772323608398438 4.5922360420227050781
8.0368051528930664062 1.3522169589996337891 1.3522169589996337891 8.2935581207275390625 10.070109367370605469 1.3522169589996337891 0.49529999494552612305 3.1721050739288330078 3.1721050739288330078 3.1721050739288330078 9.0206928253173828125 9.0206928253173828125 9.0206928253173828125 6.4727320671081542969 3.6099159717559814453 0.015058999881148338318 0.015058999881148338318 5.6820621490478515625 6.4727320671081542969 5.2640128135681152344 5.2640128135681152344 4.7818408012390136719 5.2640128135681152344 4.7818408012390136719 5.1020841598510742188 5.1020841598510742188 5.2640128135681152344 5.1020841598510742188 5.1020841598510742188 5.1020841598510742188 4.7818408012390136719 5.1020841598510742188 6.7563948631286621094 6.7563948631286621094 4.7818408012390136719 5.2640128135681152344 4.7818408012390136719 4.2821850776672363281 4.2821850776672363281 4.7818408012390136719
8.2935581207275390625 8.2935581207275390625 5.1440019607543945312 6.9429450035095214844 6.9429450035095214844 8.2935581207275390625 8.2935581207275390625 8.2935581207275390625 9.4785089492797851562 9.0206928253173828125 9.0206928253173828125 3.1721050739288330078 3.1721050739288330078 6.4727320671081542969 0.015058999881148338318 0.015058999881148338318 0.015058999881148338318 0.015058999881148338318 0.015058999881148338318 0.015058999881148338318 0.015058999881148338318 5.2640128135681152344 5.2640128135681152344 5.2640128135681152344 5.1020841598510742188 5.1020841598510742188 5.1020841598510742188 5.1020841598510742188 5.1020841598510742188 5.1020841598510742188 5.1020841598510742188 5.2640128135681152344 4.0101761817932128906 4.0101761817932128906 4.7818408012390136719 5.2640128135681152344 5.1020841598510742188 6.7563948631286621094 6.7563948631286621094 4.7818408012390136719
10.056941032409667969 9.2554826736450195312 8.2935581207275390625 6.5703139305114746094 0.20851600170135498047 6.7840361595153808594 3.1721050739288330078 9.0206928253173828125 9.0206928253173828125 9.0206928253173828125 9.0206928253173828125 9.0206928253173828125 9.0206928253173828125 6.1724362373352050781 5.1020841598510742188 0.015058999881148338318 0.015058999881148338318 0.015058999881148338318 0.015058999881148338318 0.015058999881148338318 0.015058999881148338318 0.015058999881148338318 5.2640128135681152344 5.2640128135681152344 4.0101761817932128906 4.7818408012390136719 4.7818408012390136719 6.3334760665893554688 5.1020841598510742188 5.1020841598510742188 3.8432629108428955078 5.2640128135681152344 5.1020841598510742188 5.2640128135681152344 4.0101761817932128906 5.2640128135681152344 4.7818408012390136719 4.2821850776672363281 4.7818408012390136719 4.7818408012390136719
