Big_Beef/DataInputs30m/o_10_ChemistryPools/1990_Mar2025/N_g_Det_root_3.asc
ncols        345
nrows        426
xllcorner    508536.404131802963
yllcorner    5265678.997906560078
cellsize     30.000000000000
NODATA_value -9999
[rows 238 to 254 of 426, columns 0 to 38 of 345]
0.60850900411605834961 0.60850900411605834961 0.64465898275375366211 0.61009997129440307617 0.62991499900817871094 0.62991499900817871094 0.62694400548934936523 0.63465797901153564453 5.538745880126953125 5.145999908447265625 4.3229999542236328125 0.64146798849105834961 0.64078998565673828125 5.5183100700378417969 0.64565700292587280273 0.64565700292587280273 0.64078998565673828125 0.64078998565673828125 0.64154297113418579102 0.081000000238418579102 0.048999998718500137329 0.6374899744987487793 0.62912297248840332031 0.048999998718500137329 0.048999998718500137329 0.048999998718500137329 0.048999998718500137329 0.048999998718500137329 0.048999998718500137329 0.63752698898315429688 0.63752698898315429688 0.60850900411605834961 0.60850900411605834961 0.048999998718500137329 0.048999998718500137329 1.2990000247955322266 0.048999998718500137329 0.048999998718500137329 0.048999998718500137329
0.60850900411605834961 0.61216002702713012695 0.61216002702713012695 0.64529699087142944336 0.61248999834060668945 0.62694400548934936523 0.63465797901153564453 5.5888872146606445312 5.145999908447265625 3.8587920665740966797 0.61248999834060668945 0.64146798849105834961 0.64078998565673828125 3.2155749797821044922 0.64154297113418579102 0.63752698898315429688 0.9741700291633605957 0.64154297113418579102 0.9741700291633605957 0.62912297248840332031 0.048999998718500137329 0.048999998718500137329 0.048999998718500137329 0.63108897209167480469 0.048999998718500137329 0.048999998718500137329 0.048999998718500137329 0.63108897209167480469 0.62912297248840332031 0.64078998565673828125 0.081000000238418579102 0.62912297248840332031 0.64078998565673828125 0.048999998718500137329 1.2990000247955322266 1.2990000247955322266 1.2990000247955322266 0.048999998718500137329 0.048999998718500137329
0.63252401351928710938 0.64529699087142944336 0.62991499900817871094 0.62991499900817871094 0.6393210291862487793 0.66081702709197998047 4.3229999542236328125 11.939000129699707031 5.145999908447265625 5.145999908447265625 0.64146798849105834961 0.64146798849105834961 0.64078998565673828125 0.64154297113418579102 0.64154297113418579102 0.61971002817153930664 0.9741700291633605957 0.6374899744987487793 0.63752698898315429688 0.6192830204963684082 0.024000000208616256714 0.048999998718500137329 0.081000000238418579102 0.64999997615814208984 0.048999998718500137329 0.048999998718500137329 0.048999998718500137329 0.64350098371505737305 0.64078998565673828125 0.64078998565673828125 0.62912297248840332031 1.2990000247955322266 1.2990000247955322266 0.64565700292587280273 1.2990000247955322266 1.2990000247955322266 0.048999998718500137329 0.6192830204963684082 0.048999998718500137329
0.64529699087142944336 0.61248999834060668945 0.63465797901153564453 0.64004802703857421875 0.64004802703857421875 4.3229999542236328125 3.8587920665740966797 3.3311591148376464844 3.8587920665740966797 0.63872802257537841797 0.67120897769927978516 0.64146798849105834961 0.64146798849105834961 0.60850900411605834961 0.63752698898315429688 0.64154297113418579102 0.9741700291633605957 0.6374899744987487793 0.6374899744987487793 0.048999998718500137329 0.63421100378036499023 0.081000000238418579102 0.081000000238418579102 0.63752698898315429688 0.048999998718500137329 0.048999998718500137329 0.62912297248840332031 0.64350098371505737305 0.048999998718500137329 0.048999998718500137329 0.048999998718500137329 0.048999998718500137329 0.63872802257537841797 0.64565700292587280273 1.2990000247955322266 1.2990000247955322266 0.048999998718500137329 0.67120897769927978516 0.9741700291633605957
0.64529699087142944336 0.61248999834060668945 0.61248999834060668945 5.0530290603637695312 4.3229999542236328125 2.9233529567718505859 0.62208902835845947266 0.63934397697448730469 0.61248999834060668945 0.64350098371505737305 4.2451949119567871094 0.644474029541015625 0.61216002702713012695 0.64146798849105834961 0.60850900411605834961 0.64154297113418579102 0.64154297113418579102 0.048999998718500137329 0.048999998718500137329 0.61699599027633666992 0.64154297113418579102 0.63752698898315429688 0.63752698898315429688 0.63752698898315429688 0.63752698898315429688 0.64350098371505737305 0.64350098371505737305 0.048999998718500137329 0.048999998718500137329 0.048999998718500137329 0.048999998718500137329 0.64694601297378540039 0.67120897769927978516 0.67120897769927978516 1.2990000247955322266 1.2990000247955322266 0.048999998718500137329 0.048999998718500137329 0.63289397954940795898
0.65446501970291137695 0.64146798849105834961 0.64078998565673828125 4.3229999542236328125 5.3061699867248535156 5.2703609466552734375 8.2340002059936523438 0.63872802257537841797 3.3311591148376464844 0.6411120295524597168 2.9890499114990234375 3.3769540786743164062 5.5226697921752929688 0.64146798849105834961 0.64465898275375366211 0.64465898275375366211 0.61856597661972045898 0.63424897193908691406 0.60850900411605834961 0.64154297113418579102 0.64154297113418579102 0.60850900411605834961 0.63289397954940795898 0.63752698898315429688 0.64078998565673828125 0.64350098371505737305 0.64350098371505737305 0.63752698898315429688 0.63752698898315429688 0.048999998718500137329 0.048999998718500137329 0.64350098371505737305 0.64350098371505737305 0.67120897769927978516 1.2990000247955322266 0.048999998718500137329 0.048999998718500137329 0.048999998718500137329 0.64021199941635131836
0.65446501970291137695 0.61216002702713012695 0.64078998565673828125 4.3229999542236328125 8.2340002059936523438 5.1518502235412597656 5.145999908447265625 5.1518502235412597656 4.3229999542236328125 2.9890499114990234375 4.3229999542236328125 4.3229999542236328125 3.5575768947601318359 5.5226697921752929688 3.2155749797821044922 3.6554899215698242188 0.61216002702713012695 0.65446501970291137695 0.65446501970291137695 0.65446501970291137695 0.60850900411605834961 0.60850900411605834961 0.64146798849105834961 0.63289397954940795898 0.64350098371505737305 0.64078998565673828125 0.64350098371505737305 0.62619799375534057617 0.63289397954940795898 0.64078998565673828125 0.62619799375534057617 0.64350098371505737305 0.63656002283096313477 0.64078998565673828125 0.6689040064811706543 0.67120897769927978516 0.64350098371505737305 0.64350098371505737305 0.64021199941635131836
0.65446501970291137695 0.64146798849105834961 2.7468950748443603516 4.3229999542236328125 8.2340002059936523438 8.2340002059936523438 5.145999908447265625 5.145999908447265625 4.3229999542236328125 4.3229999542236328125 4.3229999542236328125 0.63752698898315429688 4.3229999542236328125 5.2105221748352050781 5.145999908447265625 3.3259429931640625 0.644474029541015625 0.61216002702713012695 0.64633101224899291992 0.62619799375534057617 0.64154297113418579102 0.64146798849105834961 0.64350098371505737305 0.64350098371505737305 0.64350098371505737305 0.60850900411605834961 0.64350098371505737305 0.63752698898315429688 0.64350098371505737305 0.64350098371505737305 0.64350098371505737305 0.64350098371505737305 0.64149200916290283203 0.64149200916290283203 0.64149200916290283203 0.63656002283096313477 0.63896602392196655273 0.64350098371505737305 0.63289397954940795898
0.65446501970291137695 0.64146798849105834961 5.5183100700378417969 4.3229999542236328125 5.2054910659790039062 5.5888872146606445312 4.3229999542236328125 5.5183100700378417969 0.6411120295524597168 0.64078998565673828125 0.63872802257537841797 0.64146798849105834961 0.64078998565673828125 0.64078998565673828125 0.64078998565673828125 5.3417539596557617188 0.67120897769927978516 0.61216002702713012695 0.64633101224899291992 0.64633101224899291992 0.64154297113418579102 0.64350098371505737305 0.64350098371505737305 0.67120897769927978516 0.64078998565673828125 0.66238301992416381836 4.2866759300231933594 0.048999998718500137329 5.267475128173828125 3.4345650672912597656 0.048999998718500137329 0.64479202032089233398 0.64149200916290283203 0.63752698898315429688 0.64149200916290283203 0.64149200916290283203 0.64004802703857421875 0.60850900411605834961 0.65446501970291137695
0.65446501970291137695 0.64146798849105834961 4.1725201606750488281 5.2054910659790039062 2.9890499114990234375 5.4193739891052246094 4.3229999542236328125 8.2340002059936523438 0.6411120295524597168 0.64146798849105834961 0.63935899734497070312 0.64146798849105834961 0.65446501970291137695 0.64146798849105834961 0.65446501970291137695 0.65446501970291137695 0.64350098371505737305 0.61216002702713012695 0.64633101224899291992 0.64633101224899291992 0.64154297113418579102 0.64350098371505737305 0.63872802257537841797 0.67120897769927978516 0.63289397954940795898 0.64078998565673828125 5.7903771400451660156 5.6321887969970703125 5.4193739891052246094 4.3229999542236328125 0.65446501970291137695 0.64694601297378540039 0.64149200916290283203 0.63752698898315429688 0.63752698898315429688 0.64149200916290283203 0.64350098371505737305 0.64350098371505737305 0.62208902835845947266
0.64146798849105834961 4.3229999542236328125 5.2105221748352050781 4.3229999542236328125 5.3061699867248535156 5.145999908447265625 8.2340002059936523438 5.145999908447265625 3.3769540786743164062 0.64146798849105834961 0.64146798849105834961 0.65446501970291137695 0.64633101224899291992 0.6689040064811706543 0.64154297113418579102 0.65446501970291137695 0.64146798849105834961 0.64350098371505737305 0.61216002702713012695 0.64633101224899291992 0.65614199638366699219 0.64350098371505737305 0.67120897769927978516 0.63289397954940795898 0.64021199941635131836 0.64350098371505737305 0.64350098371505737305 5.2933278083801269531 0.070610001683235168457 0.070610001683235168457 0.070610001683235168457 0.60850900411605834961 0.64633101224899291992 0.63896602392196655273 0.63782900571823120117 1.2990000247955322266 0.63656002283096313477 0.64350098371505737305 0.64350098371505737305
0.62208902835845947266 5.2054910659790039062 0.60449302196502685547 5.145999908447265625 5.1518502235412597656 5.4193739891052246094 5.267475128173828125 3.8587920665740966797 3.8587920665740966797 0.63934397697448730469 0.61216002702713012695 0.61216002702713012695 0.64154297113418579102 0.60850900411605834961 0.64154297113418579102 0.6689040064811706543 0.63935899734497070312 0.63872802257537841797 0.61216002702713012695 0.64154297113418579102 0.64154297113418579102 0.64350098371505737305 0.64350098371505737305 0.63289397954940795898 0.64078998565673828125 0.64350098371505737305 0.63108897209167480469 0.66238301992416381836 0.048999998718500137329 0.070610001683235168457 0.61216002702713012695 0.60850900411605834961 0.63724797964096069336 4.3229999542236328125 1.2990000247955322266 0.64134502410888671875 0.64078998565673828125 0.6380450129508972168 5.3817319869995117188
0.63935899734497070312 0.64004802703857421875 8.2340002059936523438 5.2054910659790039062 8.2340002059936523438 5.5183100700378417969 8.2340002059936523438 0.63872802257537841797 0.64146798849105834961 0.64633101224899291992 0.65446501970291137695 0.60850900411605834961 0.60850900411605834961 0.60850900411605834961 0.64154297113418579102 0.65446501970291137695 0.63935899734497070312 0.63872802257537841797 0.61216002702713012695 0.64154297113418579102 0.64146798849105834961 0.64350098371505737305 0.63289397954940795898 0.63289397954940795898 0.64078998565673828125 0.64078998565673828125 0.070610001683235168457 0.048999998718500137329 0.048999998718500137329 0.048999998718500137329 0.048999998718500137329 0.66842699050903320312 0.63724797964096069336 4.3229999542236328125 1.2990000247955322266 0.64479202032089233398 0.65446501970291137695 0.64350098371505737305 5.3672361373901367188
0.64146798849105834961 5.145999908447265625 2.9890499114990234375 4.3229999542236328125 8.2340002059936523438 5.145999908447265625 5.145999908447265625 0.63872802257537841797 0.61216002702713012695 0.65446501970291137695 0.65446501970291137695 0.64350098371505737305 0.60850900411605834961 0.60850900411605834961 0.60850900411605834961 0.64146798849105834961 0.64146798849105834961 0.64350098371505737305 0.64146798849105834961 0.64146798849105834961 0.64146798849105834961 0.64350098371505737305 0.62619799375534057617 0.63289397954940795898 0.60850900411605834961 0.070610001683235168457 0.64999997615814208984 0.048999998718500137329 0.048999998718500137329 0.048999998718500137329 0.048999998718500137329 0.60850900411605834961 0.6380450129508972168 0.64350098371505737305 5.4627637863159179688 5.538745880126953125 3.4345650672912597656 0.64350098371505737305 0.67120897769927978516
0.64146798849105834961 0.63465797901153564453 5.145999908447265625 5.538745880126953125 8.2340002059936523438 5.145999908447265625 3.8587920665740966797 0.64350098371505737305 0.64146798849105834961 0.64633101224899291992 0.63252401351928710938 0.65446501970291137695 0.64078998565673828125 0.60850900411605834961 0.60850900411605834961 0.65446501970291137695 0.67120897769927978516 0.64350098371505737305 0.64146798849105834961 0.64350098371505737305 0.64350098371505737305 0.63289397954940795898 0.62619799375534057617 0.64350098371505737305 0.64350098371505737305 0.64078998565673828125 0.64350098371505737305 0.6380450129508972168 0.64999997615814208984 0.63752698898315429688 0.64021199941635131836 0.62208902835845947266 0.63289397954940795898 3.2895820140838623047 4.3229999542236328125 5.4627637863159179688 0.64350098371505737305 0.64350098371505737305 0.64078998565673828125
0.63935899734497070312 4.3229999542236328125 3.5414710044860839844 5.145999908447265625 5.145999908447265625 3.8587920665740966797 0.63872802257537841797 0.64350098371505737305 0.64146798849105834961 0.64146798849105834961 0.61856597661972045898 0.60850900411605834961 0.60850900411605834961 0.60850900411605834961 0.60850900411605834961 0.64350098371505737305 0.67120897769927978516 0.64146798849105834961 0.64350098371505737305 0.64350098371505737305 0.67120897769927978516 0.64350098371505737305 0.64350098371505737305 0.64350098371505737305 0.63752698898315429688 5.6321887969970703125 0.64350098371505737305 0.64350098371505737305 0.63752698898315429688 0.64565700292587280273 0.6689040064811706543 0.081000000238418579102 0.64479202032089233398 0.081000000238418579102 0.9741700291633605957 1.3893090486526489258 0.64350098371505737305 0.64350098371505737305 5.3672361373901367188
4.3229999542236328125 8.2340002059936523438 5.145999908447265625 3.5575768947601318359 5.7903771400451660156 4.3229999542236328125 0.61248999834060668945 0.64146798849105834961 0.64146798849105834961 0.64146798849105834961 0.60850900411605834961 0.60850900411605834961 0.60850900411605834961 0.64154297113418579102 0.65446501970291137695 0.64350098371505737305 0.64146798849105834961 0.64154297113418579102 0.60850900411605834961 0.67120897769927978516 0.67120897769927978516 0.67120897769927978516 0.64350098371505737305 0.67120897769927978516 0.64350098371505737305 3.6143450736999511719 4.1035680770874023438 0.64078998565673828125 0.63289397954940795898 0.64078998565673828125 0.64078998565673828125 0.081000000238418579102 4.3909730911254882812 0.9741700291633605957 0.9741700291633605957 0.9741700291633605957 0.9741700291633605957 0.64350098371505737305 5.3672361373901367188
