Big_Beef/DataInputs30m/o_10_ChemistryPools/1990_Mar2025/N_g_root_2.asc
ncols        345
nrows        426
xllcorner    508536.404131802963
yllcorner    5265678.997906560078
cellsize     30.000000000000
NODATA_value -9999
[rows 144 to 161 of 426, columns 0 to 38 of 345]
2.1129109859466552734 0.054900001734495162964 2.9962720870971679688 0.0886000022292137146 2.9962720870971679688 2.9962720870971679688 3.1561639308929443359 5.3683061599731445312 2.4844379425048828125 3.1945400238037109375 0.079700000584125518799 0.85834497213363647461 0.079700000584125518799 5.3676509857177734375 5.3676471710205078125 5.3678650856018066406 2.4839920997619628906 2.4839920997619628906 2.4839920997619628906 2.4842219352722167969 0.87599998712539672852 0.87599998712539672852 0.87599998712539672852 2.4842219352722167969 0.87599998712539672852 5.3676471710205078125 5.3680491447448730469 0.0053280000574886798859 3.0629971027374267578 0.079700000584125518799 0.079700000584125518799 2.8895471096038818359 0.079700000584125518799 2.1129109859466552734 2.1129109859466552734 3.1465919017791748047 3.1465919017791748047 3.1419289112091064453 3.1418890953063964844
0.054900001734495162964 0.054900001734495162964 0.054900001734495162964 2.1129109859466552734 3.0663878917694091797 2.1129109859466552734 0.079700000584125518799 0.079700000584125518799 5.3660840988159179688 2.9962720870971679688 0.054900001734495162964 0.079700000584125518799 5.344615936279296875 5.3659749031066894531 5.3678650856018066406 5.3678650856018066406 5.3676471710205078125 2.4839920997619628906 0.87599998712539672852 0.87599998712539672852 0.87599998712539672852 0.87599998712539672852 0.87599998712539672852 5.3681950569152832031 5.3676471710205078125 5.3675861358642578125 5.3680491447448730469 0.0053280000574886798859 0.0053280000574886798859 3.1561639308929443359 2.9962720870971679688 2.8895471096038818359 0.079700000584125518799 2.1129109859466552734 3.1465919017791748047 3.1465919017791748047 3.1419289112091064453 3.1418890953063964844 3.1418890953063964844
2.1129109859466552734 2.8895471096038818359 2.1129109859466552734 2.1129109859466552734 2.1129109859466552734 2.1129109859466552734 2.9962720870971679688 2.9962720870971679688 3.1561639308929443359 0.079700000584125518799 0.054900001734495162964 5.3659749031066894531 0.85834497213363647461 5.3676471710205078125 2.4841380119323730469 5.367984771728515625 5.3676471710205078125 2.4841148853302001953 0.87599998712539672852 0.87599998712539672852 0.87599998712539672852 0.87599998712539672852 2.4842219352722167969 5.3678908348083496094 5.3683061599731445312 2.484355926513671875 2.4836831092834472656 3.1748220920562744141 2.9962720870971679688 0.079700000584125518799 0.07196000218391418457 0.079700000584125518799 0.079700000584125518799 3.1465919017791748047 3.1465919017791748047 3.1419289112091064453 3.1418890953063964844 3.1418890953063964844 3.0952351093292236328
2.8895471096038818359 2.1129109859466552734 2.1129109859466552734 2.1129109859466552734 2.1129109859466552734 3.1419289112091064453 3.1060690879821777344 0.07196000218391418457 0.054900001734495162964 0.054900001734495162964 0.079700000584125518799 2.484355926513671875 5.3679099082946777344 5.3668198585510253906 3.0209031105041503906 3.1386399269104003906 2.484355926513671875 0.87599998712539672852 0.87599998712539672852 0.87599998712539672852 5.3680491447448730469 0.87599998712539672852 2.4842219352722167969 5.3680491447448730469 5.3681278228759765625 2.4839920997619628906 2.4842219352722167969 3.0014989376068115234 0.054900001734495162964 2.5308170318603515625 3.1561639308929443359 0.079700000584125518799 2.8895471096038818359 3.1418890953063964844 3.1419289112091064453 3.1418890953063964844 3.1418890953063964844 3.1465919017791748047 3.0952351093292236328
2.1129109859466552734 2.1129109859466552734 0.054900001734495162964 2.1129109859466552734 3.1419289112091064453 3.1419289112091064453 3.0744600296020507812 2.1129109859466552734 0.079700000584125518799 5.3565440177917480469 0.85834497213363647461 5.3678650856018066406 5.3674349784851074219 3.1166160106658935547 3.1386399269104003906 5.3679099082946777344 0.87599998712539672852 0.87599998712539672852 2.4842219352722167969 2.4842219352722167969 0.87599998712539672852 5.367984771728515625 5.367984771728515625 2.4839920997619628906 5.3677082061767578125 2.4840600490570068359 3.0629971027374267578 3.0629971027374267578 0.0053280000574886798859 0.054900001734495162964 3.1561639308929443359 3.1561639308929443359 0.054900001734495162964 3.1465919017791748047 3.1418890953063964844 3.1465919017791748047 3.1418890953063964844 3.1418890953063964844 3.1465919017791748047
2.1129109859466552734 2.1129109859466552734 3.1419289112091064453 2.6299979686737060547 2.1129109859466552734 2.9865860939025878906 2.3648560047149658203 0.079700000584125518799 5.3296728134155273438 5.3676509857177734375 5.3676471710205078125 5.3679099082946777344 5.3679099082946777344 3.1166160106658935547 3.1386399269104003906 2.4835429191589355469 2.4841380119323730469 2.4842219352722167969 5.3681950569152832031 3.1246020793914794922 5.3680491447448730469 0.87599998712539672852 2.4839920997619628906 2.4839920997619628906 0.0053280000574886798859 0.0053280000574886798859 0.0053280000574886798859 0.0053280000574886798859 0.054900001734495162964 0.054900001734495162964 0.079700000584125518799 0.079700000584125518799 0.079700000584125518799 3.0663878917694091797 3.1465919017791748047 3.1465919017791748047 3.1418890953063964844 3.1418890953063964844 3.1465919017791748047
2.1129109859466552734 2.1129109859466552734 2.6299979686737060547 2.1129109859466552734 3.0663878917694091797 0.079700000584125518799 0.054900001734495162964 0.079700000584125518799 5.344615936279296875 5.3676509857177734375 5.3675861358642578125 2.484355926513671875 2.484355926513671875 3.1386399269104003906 2.484355926513671875 2.4842219352722167969 3.1435949802398681641 3.1435949802398681641 5.3676509857177734375 5.3676509857177734375 2.4842219352722167969 0.87599998712539672852 5.367984771728515625 5.3676471710205078125 3.1440300941467285156 0.0053280000574886798859 3.1435949802398681641 3.0629971027374267578 3.1888270378112792969 0.054900001734495162964 3.1888270378112792969 0.079700000584125518799 3.1418890953063964844 3.1418890953063964844 3.1418890953063964844 3.1465919017791748047 3.1465919017791748047 3.1465919017791748047 3.1465919017791748047
0.0886000022292137146 2.1129109859466552734 2.6299979686737060547 3.0663878917694091797 2.1129109859466552734 2.1129109859466552734 2.4837889671325683594 5.3296728134155273438 5.2444720268249511719 5.2444720268249511719 5.3676471710205078125 2.4836831092834472656 2.4841380119323730469 2.484355926513671875 2.4841380119323730469 3.1644039154052734375 3.1419289112091064453 3.1419289112091064453 3.1419289112091064453 5.3677392005920410156 0.87599998712539672852 0.87599998712539672852 2.4835429191589355469 2.4836831092834472656 5.3681278228759765625 5.3680491447448730469 0.0053280000574886798859 0.054900001734495162964 0.054900001734495162964 0.054900001734495162964 2.8895471096038818359 0.079700000584125518799 0.079700000584125518799 3.0697679519653320312 3.1418890953063964844 3.1418890953063964844 3.0663878917694091797 3.0663878917694091797 3.0663878917694091797
0.0886000022292137146 0.0886000022292137146 2.1129109859466552734 2.1129109859466552734 2.9865860939025878906 5.36423492431640625 5.3677082061767578125 5.3296728134155273438 5.3659749031066894531 5.3676471710205078125 5.3676471710205078125 2.4836831092834472656 2.4841380119323730469 3.1211359500885009766 3.1806941032409667969 3.1418890953063964844 2.9962720870971679688 3.1419289112091064453 3.1419289112091064453 5.3683061599731445312 0.87599998712539672852 0.87599998712539672852 2.4841380119323730469 2.4836831092834472656 2.4839920997619628906 5.3680491447448730469 3.1419289112091064453 2.9962720870971679688 2.9962720870971679688 2.1129109859466552734 0.0886000022292137146 2.1129109859466552734 0.079700000584125518799 3.1166160106658935547 3.0697679519653320312 3.0697679519653320312 3.0663878917694091797 3.0663878917694091797 2.1129109859466552734
2.6299979686737060547 2.1129109859466552734 0.054900001734495162964 0.079700000584125518799 2.9962720870971679688 5.36423492431640625 5.367382049560546875 5.3676509857177734375 5.3660840988159179688 5.3676471710205078125 5.3676471710205078125 2.4836831092834472656 2.4842219352722167969 3.1435949802398681641 3.1101670265197753906 3.0629971027374267578 3.1419289112091064453 3.1418890953063964844 3.1419289112091064453 5.3678650856018066406 5.3672480583190917969 0.87599998712539672852 0.87599998712539672852 2.4839498996734619141 2.4839498996734619141 2.4839920997619628906 3.1748220920562744141 0.0886000022292137146 0.0886000022292137146 0.0886000022292137146 3.1419289112091064453 0.079700000584125518799 0.079700000584125518799 3.1166160106658935547 3.0697679519653320312 3.0663878917694091797 3.0663878917694091797 2.1129109859466552734 2.1129109859466552734
2.1129109859466552734 3.1419289112091064453 0.030999999493360519409 3.1644039154052734375 2.4837141036987304688 5.3678650856018066406 5.3681278228759765625 5.3676471710205078125 3.0014989376068115234 5.3675861358642578125 3.0014989376068115234 5.3680491447448730469 2.4842219352722167969 3.1464710235595703125 3.1464710235595703125 2.9962720870971679688 3.1418890953063964844 2.1129109859466552734 2.9962720870971679688 2.484455108642578125 5.3676471710205078125 0.87599998712539672852 5.3675718307495117188 5.3675370216369628906 5.3675909042358398438 3.1435949802398681641 0.0886000022292137146 0.054900001734495162964 0.0886000022292137146 3.1561639308929443359 2.9962720870971679688 0.079700000584125518799 3.1481170654296875 3.0697679519653320312 3.0697679519653320312 3.0663878917694091797 3.0663878917694091797 3.0663878917694091797 3.0663878917694091797
3.1419289112091064453 0.07196000218391418457 2.5308170318603515625 3.1888270378112792969 3.1748220920562744141 5.3675861358642578125 5.3675861358642578125 3.1386399269104003906 3.1435949802398681641 2.4839920997619628906 2.4839920997619628906 2.4842219352722167969 3.1453509330749511719 3.1101670265197753906 3.1419289112091064453 3.1418890953063964844 3.1465919017791748047 3.1419289112091064453 3.1419289112091064453 5.3683061599731445312 2.4839920997619628906 0.87599998712539672852 5.3675718307495117188 5.3672480583190917969 2.4839498996734619141 5.3683061599731445312 0.0886000022292137146 0.0886000022292137146 0.0886000022292137146 0.07196000218391418457 2.9962720870971679688 2.9962720870971679688 0.079700000584125518799 3.1166160106658935547 3.1166160106658935547 3.0697679519653320312 3.0663878917694091797 3.0663878917694091797 3.0663878917694091797
2.9962720870971679688 2.9962720870971679688 0.079700000584125518799 2.4842131137847900391 5.3680491447448730469 2.484355926513671875 3.1386399269104003906 5.3679099082946777344 2.4839920997619628906 2.4839920997619628906 3.1246020793914794922 3.1246020793914794922 3.1418890953063964844 3.1418890953063964844 3.1418890953063964844 3.1418890953063964844 3.1419289112091064453 2.4840600490570068359 3.1101670265197753906 5.3678650856018066406 5.3675861358642578125 5.3672480583190917969 0.87599998712539672852 0.87599998712539672852 5.3675861358642578125 2.4836831092834472656 5.3680491447448730469 0.054900001734495162964 0.054900001734495162964 0.07196000218391418457 2.9962720870971679688 0.079700000584125518799 0.079700000584125518799 3.1166160106658935547 3.0697679519653320312 3.0697679519653320312 3.0663878917694091797 3.0663878917694091797 3.1465919017791748047
2.8895471096038818359 2.9962720870971679688 0.079700000584125518799 5.3681950569152832031 5.3675861358642578125 5.3679099082946777344 5.3675861358642578125 5.3675861358642578125 2.4839920997619628906 5.367984771728515625 3.1166160106658935547 3.1453509330749511719 3.0952351093292236328 3.0697679519653320312 3.0952351093292236328 3.1465919017791748047 3.1060690879821777344 2.484455108642578125 5.3683061599731445312 3.1107029914855957031 5.3674349784851074219 2.4835429191589355469 0.87599998712539672852 2.4839498996734619141 0.87599998712539672852 3.1435949802398681641 3.1246020793914794922 2.9962720870971679688 0.0886000022292137146 0.07196000218391418457 2.9962720870971679688 0.079700000584125518799 3.1418890953063964844 3.1166160106658935547 3.0697679519653320312 3.0697679519653320312 3.0663878917694091797 3.0663878917694091797 2.9962720870971679688
2.8895471096038818359 2.8895471096038818359 3.1419289112091064453 3.1246020793914794922 5.3675861358642578125 2.4836831092834472656 2.4836831092834472656 2.4835429191589355469 2.4835429191589355469 2.4842219352722167969 2.4843640327453613281 3.1453509330749511719 3.0697679519653320312 3.0697679519653320312 3.1418890953063964844 3.1465919017791748047 3.1419289112091064453 5.3676891326904296875 3.1101670265197753906 5.3677630424499511719 5.3675861358642578125 5.3672480583190917969 0.87599998712539672852 5.3672480583190917969 5.3675861358642578125 2.9865860939025878906 3.1440300941467285156 3.1748220920562744141 0.0886000022292137146 3.1561639308929443359 2.9962720870971679688 0.079700000584125518799 2.9962720870971679688 3.0952351093292236328 3.0697679519653320312 3.0663878917694091797 3.0663878917694091797 3.0663878917694091797 3.0663878917694091797
2.8895471096038818359 2.8895471096038818359 3.1246020793914794922 3.1246020793914794922 2.4843161106109619141 2.484355926513671875 5.3675861358642578125 5.3675861358642578125 2.4835429191589355469 5.3675909042358398438 3.1435949802398681641 3.1418890953063964844 3.0697679519653320312 3.0697679519653320312 3.1465919017791748047 3.1465919017791748047 2.9962720870971679688 3.1166160106658935547 5.3679628372192382812 5.3678650856018066406 5.3675861358642578125 5.3672480583190917969 0.87599998712539672852 0.87599998712539672852 2.4836831092834472656 5.3672480583190917969 2.4839920997619628906 3.1748220920562744141 2.9962720870971679688 2.9962720870971679688 3.1419289112091064453 0.079700000584125518799 0.079700000584125518799 3.0629971027374267578 3.1418890953063964844 3.0697679519653320312 3.1465919017791748047 3.0663878917694091797 2.1129109859466552734
2.8895471096038818359 3.1888270378112792969 3.0663878917694091797 5.3681278228759765625 5.3675861358642578125 2.4836831092834472656 2.4836831092834472656 2.4836831092834472656 2.4841380119323730469 5.3676471710205078125 3.1748220920562744141 3.1418890953063964844 3.0697679519653320312 3.1465919017791748047 3.1465919017791748047 3.1465919017791748047 2.9962720870971679688 3.1418890953063964844 2.9962720870971679688 5.367382049560546875 3.0014989376068115234 5.3672480583190917969 5.3672480583190917969 0.87599998712539672852 2.4835429191589355469 5.3675861358642578125 2.4842219352722167969 3.1464710235595703125 3.1748220920562744141 3.1453509330749511719 3.1419289112091064453 0.079700000584125518799 2.9962720870971679688 3.0952351093292236328 3.0697679519653320312 3.0663878917694091797 2.9962720870971679688 3.0663878917694091797 2.9962720870971679688
3.1644039154052734375 2.9962720870971679688 2.4843640327453613281 5.3676471710205078125 5.3675861358642578125 5.3676471710205078125 2.4835429191589355469 5.3672480583190917969 2.4835429191589355469 5.3681950569152832031 3.1418890953063964844 3.1418890953063964844 3.0697679519653320312 3.0663878917694091797 3.0663878917694091797 3.0663878917694091797 3.1465919017791748047 2.9962720870971679688 2.9962720870971679688 3.1464710235595703125 2.4843239784240722656 5.3675861358642578125 0.87599998712539672852 5.3672480583190917969 5.3672480583190917969 5.3675861358642578125 5.367984771728515625 5.3676471710205078125 3.1464710235595703125 3.1453509330749511719 3.1419289112091064453 0.079700000584125518799 3.0629971027374267578 3.0952351093292236328 3.0952351093292236328 3.0882050991058349609 3.018383026123046875 2.9962720870971679688 2.9962720870971679688
