Big_Beef/DataInputs30m/o_10_ChemistryPools/1990_Mar2025/N_g_root_3.asc
ncols        345
nrows        426
xllcorner    508536.404131802963
yllcorner    5265678.997906560078
cellsize     30.000000000000
NODATA_value -9999
[rows 102 to 118 of 426, columns 0 to 38 of 345]
0.0010280000278726220131 0.0010280000278726220131 0.0010280000278726220131 0.0010280000278726220131 0.0010280000278726220131 0.0010280000278726220131 0.0010280000278726220131 0.0010280000278726220131 0.0010280000278726220131 0.0010280000278726220131 0.0010280000278726220131 0.0010280000278726220131 0.0010280000278726220131 0.0010280000278726220131 0.0010280000278726220131 0.022099999710917472839 0.013880999758839607239 0.0010280000278726220131 0.013880999758839607239 0.61334902048110961914 0.59086602926254272461 0.57799398899078369141 0.59708499908447265625 0.57799398899078369141 0.59152001142501831055 0.45619100332260131836 0.013880999758839607239 0.0010280000278726220131 1.6289190053939819336 0.60275000333786010742 1.6288139820098876953 1.0461909770965576172 1.0481339693069458008 0.59086602926254272461 0.59996497631072998047 0.59996497631072998047 0.019899999722838401794 0.57799398899078369141 0.022099999710917472839
0.0010280000278726220131 0.0010280000278726220131 0.0010280000278726220131 0.0010280000278726220131 0.0010280000278726220131 0.0010280000278726220131 0.0010280000278726220131 0.0010280000278726220131 0.0010280000278726220131 0.0010280000278726220131 0.0010280000278726220131 0.0010280000278726220131 0.0010280000278726220131 0.0010280000278726220131 0.0010280000278726220131 0.013880999758839607239 0.013880999758839607239 0.57799398899078369141 0.57799398899078369141 0.59086602926254272461 0.57799398899078369141 0.57799398899078369141 0.019899999722838401794 0.57799398899078369141 0.0076999999582767486572 0.57900297641754150391 0.57799398899078369141 0.57799398899078369141 0.57799398899078369141 0.57799398899078369141 0.45619100332260131836 0.57900297641754150391 1.0480810403823852539 0.57799398899078369141 0.59086602926254272461 0.019899999722838401794 0.45619100332260131836 0.013880999758839607239 0.022099999710917472839
0.0010280000278726220131 0.0010280000278726220131 0.0010280000278726220131 0.0010280000278726220131 0.0010280000278726220131 0.0010280000278726220131 0.0010280000278726220131 0.0010280000278726220131 0.0010280000278726220131 0.0010280000278726220131 0.0010280000278726220131 0.0010280000278726220131 0.022099999710917472839 0.0010280000278726220131 0.0010280000278726220131 0.48820599913597106934 0.60829597711563110352 0.59086602926254272461 0.59086602926254272461 0.59708499908447265625 0.57799398899078369141 0.60883802175521850586 0.60704600811004638672 0.019899999722838401794 0.0076999999582767486572 0.60883802175521850586 0.57900297641754150391 0.59996497631072998047 0.57799398899078369141 0.57799398899078369141 0.57799398899078369141 0.57799398899078369141 0.57799398899078369141 0.019899999722838401794 0.019899999722838401794 0.019899999722838401794 0.60883802175521850586 0.019899999722838401794 0.013880999758839607239
0.0010280000278726220131 0.0010280000278726220131 0.0010280000278726220131 0.0010280000278726220131 0.0010280000278726220131 0.0010280000278726220131 0.0010280000278726220131 0.0010280000278726220131 0.022099999710917472839 0.022099999710917472839 0.022099999710917472839 0.022099999710917472839 0.013880999758839607239 0.55740702152252197266 0.59086602926254272461 0.59708499908447265625 0.59708499908447265625 0.57799398899078369141 0.60056400299072265625 0.019899999722838401794 0.57799398899078369141 0.013700000010430812836 0.019899999722838401794 0.019899999722838401794 0.57799398899078369141 0.57799398899078369141 0.57799398899078369141 0.59996497631072998047 0.57799398899078369141 0.57799398899078369141 0.57799398899078369141 0.57799398899078369141 0.57799398899078369141 0.57900297641754150391 0.019899999722838401794 0.57799398899078369141 0.57799398899078369141 0.57799398899078369141 0.013880999758839607239
0.0010280000278726220131 0.0010280000278726220131 0.0010280000278726220131 0.0010280000278726220131 0.0010280000278726220131 0.022099999710917472839 0.022099999710917472839 0.022099999710917472839 0.013880999758839607239 0.013880999758839607239 0.57799398899078369141 0.59708499908447265625 0.60829597711563110352 0.55740702152252197266 0.59086602926254272461 0.59086602926254272461 0.57799398899078369141 0.57799398899078369141 0.60276901721954345703 0.60883802175521850586 0.019899999722838401794 0.019899999722838401794 0.019899999722838401794 0.013700000010430812836 0.013700000010430812836 0.60652697086334228516 0.57799398899078369141 1.6289190053939819336 1.6287779808044433594 0.57799398899078369141 0.57799398899078369141 0.57900297641754150391 0.57799398899078369141 0.46853101253509521484 0.019899999722838401794 0.57799398899078369141 0.57799398899078369141 0.60883802175521850586 0.013880999758839607239
0.0010280000278726220131 0.0010280000278726220131 0.022099999710917472839 0.022099999710917472839 0.022099999710917472839 0.013880999758839607239 0.013880999758839607239 0.59708499908447265625 0.57799398899078369141 0.57799398899078369141 0.57799398899078369141 0.57799398899078369141 0.59086602926254272461 0.59708499908447265625 0.57799398899078369141 0.57799398899078369141 0.57799398899078369141 0.57900297641754150391 0.48820599913597106934 0.019899999722838401794 0.019899999722838401794 0.45619100332260131836 0.45619100332260131836 0.48820599913597106934 0.013700000010430812836 0.019899999722838401794 0.013700000010430812836 1.6287629604339599609 1.6287779808044433594 0.57900297641754150391 0.57799398899078369141 0.57900297641754150391 0.57900297641754150391 0.019899999722838401794 0.019899999722838401794 0.57799398899078369141 0.57799398899078369141 0.57799398899078369141 1.0433770418167114258
0.0010280000278726220131 0.0010280000278726220131 0.013880999758839607239 0.60829597711563110352 0.60829597711563110352 0.60829597711563110352 0.59708499908447265625 0.59086602926254272461 0.59086602926254272461 1.6287159919738769531 1.6287959814071655273 0.57799398899078369141 0.019899999722838401794 1.0479849576950073242 0.615139007568359375 0.615139007568359375 0.57799398899078369141 0.60275000333786010742 0.019899999722838401794 0.013880999758839607239 0.48820599913597106934 0.57799398899078369141 0.57799398899078369141 0.57799398899078369141 0.48820599913597106934 0.019899999722838401794 0.013700000010430812836 0.013700000010430812836 0.019899999722838401794 1.6287779808044433594 0.019899999722838401794 0.019899999722838401794 0.59086602926254272461 0.45619100332260131836 0.019899999722838401794 1.6287159919738769531 0.57799398899078369141 1.0481740236282348633 1.0433770418167114258
0.61334902048110961914 0.59361398220062255859 0.60056400299072265625 0.57799398899078369141 0.57799398899078369141 0.60608500242233276367 0.59086602926254272461 0.57799398899078369141 0.57799398899078369141 1.0481339693069458008 0.60641402006149291992 1.0481339693069458008 1.6289960145950317383 1.0479849576950073242 0.019899999722838401794 0.60883802175521850586 0.59086602926254272461 0.019899999722838401794 0.019899999722838401794 0.48820599913597106934 0.013880999758839607239 0.013880999758839607239 0.57799398899078369141 0.57799398899078369141 0.57799398899078369141 0.013700000010430812836 0.48820599913597106934 0.013880999758839607239 1.6279900074005126953 0.019899999722838401794 0.26046299934387207031 0.019899999722838401794 0.019899999722838401794 0.57799398899078369141 0.019899999722838401794 0.26046299934387207031 0.50733900070190429688 1.6279900074005126953 1.0433770418167114258
0.59708499908447265625 0.57799398899078369141 0.60728597640991210938 0.60608500242233276367 0.60641402006149291992 0.60208100080490112305 0.59996497631072998047 0.59086602926254272461 1.6287159919738769531 0.0076999999582767486572 1.0461909770965576172 1.0433770418167114258 1.0483039617538452148 1.6286699771881103516 0.60883802175521850586 0.60883802175521850586 0.57799398899078369141 0.45619100332260131836 0.013700000010430812836 0.60883802175521850586 0.013880999758839607239 0.57799398899078369141 0.57799398899078369141 0.57799398899078369141 0.57799398899078369141 0.57799398899078369141 0.013700000010430812836 0.48820599913597106934 0.48820599913597106934 1.6277610063552856445 1.6238930225372314453 1.6254279613494873047 0.013700000010430812836 0.013700000010430812836 1.6272200345993041992 0.26046299934387207031 1.6238930225372314453 1.0481070280075073242 0.60641402006149291992
0.60609197616577148438 0.60609197616577148438 0.60609197616577148438 0.61624097824096679688 0.60641402006149291992 0.59086602926254272461 0.019899999722838401794 0.60883802175521850586 1.6288139820098876953 0.0076999999582767486572 0.019899999722838401794 1.0479739904403686523 1.0475280284881591797 1.0481970310211181641 0.60883802175521850586 0.60883802175521850586 0.019899999722838401794 0.013700000010430812836 0.013700000010430812836 0.60883802175521850586 0.57900297641754150391 0.60883802175521850586 0.61624097824096679688 0.40759000182151794434 0.57799398899078369141 0.57799398899078369141 0.013880999758839607239 0.61334902048110961914 0.48820599913597106934 1.6287159919738769531 1.6288349628448486328 1.0467569828033447266 0.013700000010430812836 0.013700000010430812836 0.26046299934387207031 1.0479739904403686523 1.6289190053939819336 1.0481339693069458008 1.0471320152282714844
0.59996497631072998047 0.59996497631072998047 0.59996497631072998047 0.60641402006149291992 0.59086602926254272461 0.59086602926254272461 0.60883802175521850586 0.60883802175521850586 0.59086602926254272461 0.013700000010430812836 0.615139007568359375 0.60275000333786010742 1.0481970310211181641 0.60275000333786010742 0.60275000333786010742 0.57799398899078369141 0.019899999722838401794 0.013700000010430812836 0.013700000010430812836 0.58274602890014648438 0.57799398899078369141 0.57799398899078369141 0.40759000182151794434 0.40759000182151794434 0.57799398899078369141 0.57799398899078369141 0.60883802175521850586 0.60056400299072265625 0.57799398899078369141 0.38754999637603759766 1.6172709465026855469 1.0475280284881591797 1.6254279613494873047 0.019899999722838401794 1.6172709465026855469 1.6283190250396728516 1.6288249492645263672 1.0479849576950073242 0.013880999758839607239
0.59996497631072998047 0.60275000333786010742 0.60641402006149291992 0.60641402006149291992 0.59086602926254272461 0.59152001142501831055 0.59086602926254272461 0.60883802175521850586 0.60275000333786010742 0.013700000010430812836 0.013880999758839607239 0.57799398899078369141 1.0481970310211181641 0.60275000333786010742 0.60609197616577148438 0.57799398899078369141 0.4502289891242980957 0.013700000010430812836 0.48820599913597106934 0.57799398899078369141 0.57799398899078369141 0.0010280000278726220131 0.40759000182151794434 0.57799398899078369141 0.013700000010430812836 0.57799398899078369141 0.013700000010430812836 0.60056400299072265625 0.57799398899078369141 0.38754999637603759766 0.60609197616577148438 1.6287959814071655273 0.019899999722838401794 0.019899999722838401794 1.6218069791793823242 1.6288139820098876953 1.6288249492645263672 1.0482389926910400391 1.0482389926910400391
0.60275000333786010742 0.60609197616577148438 0.61243700981140136719 0.57799398899078369141 0.019899999722838401794 0.57900297641754150391 0.59086602926254272461 0.60275000333786010742 0.013700000010430812836 0.019899999722838401794 0.60883802175521850586 0.57900297641754150391 0.59152001142501831055 0.60675197839736938477 0.60609197616577148438 0.013700000010430812836 0.57799398899078369141 0.019899999722838401794 0.013700000010430812836 0.40759000182151794434 0.57799398899078369141 0.40759000182151794434 0.40759000182151794434 0.013880999758839607239 0.013880999758839607239 0.60883802175521850586 0.013880999758839607239 0.013880999758839607239 0.57799398899078369141 1.6287159919738769531 1.6287779808044433594 0.019899999722838401794 0.019899999722838401794 0.019899999722838401794 1.6172709465026855469 1.6287779808044433594 1.6287159919738769531 1.0482389926910400391 0.0010280000278726220131
0.60609197616577148438 0.57799398899078369141 0.50733900070190429688 0.57799398899078369141 0.60883802175521850586 0.013880999758839607239 0.013880999758839607239 0.59086602926254272461 0.57900297641754150391 0.013700000010430812836 0.57799398899078369141 0.57900297641754150391 0.57799398899078369141 0.55740702152252197266 0.013700000010430812836 0.013700000010430812836 0.013700000010430812836 0.013700000010430812836 0.60829597711563110352 0.40759000182151794434 0.57799398899078369141 0.40759000182151794434 0.40759000182151794434 0.013700000010430812836 0.57799398899078369141 0.60056400299072265625 0.60883802175521850586 0.013880999758839607239 0.615139007568359375 0.55740702152252197266 0.019899999722838401794 0.019899999722838401794 0.019899999722838401794 0.019899999722838401794 0.60609197616577148438 0.615139007568359375 1.6287159919738769531 1.0483009815216064453 0.0010280000278726220131
0.60609197616577148438 0.57799398899078369141 0.57799398899078369141 0.019899999722838401794 0.57799398899078369141 0.013700000010430812836 0.57900297641754150391 0.59086602926254272461 0.013700000010430812836 0.013700000010430812836 0.59152001142501831055 0.59152001142501831055 0.59152001142501831055 0.615139007568359375 0.55740702152252197266 0.57799398899078369141 0.019899999722838401794 0.60062199831008911133 0.57799398899078369141 0.40759000182151794434 0.57799398899078369141 0.40759000182151794434 0.40759000182151794434 0.57799398899078369141 0.60883802175521850586 0.60883802175521850586 0.57799398899078369141 0.60883802175521850586 0.013700000010430812836 0.55740702152252197266 0.57799398899078369141 0.45619100332260131836 0.013880999758839607239 0.013880999758839607239 0.35663101077079772949 1.6288130283355712891 1.6288130283355712891 1.6287430524826049805 0.0010280000278726220131
0.40759000182151794434 0.57799398899078369141 0.6012089848518371582 0.57799398899078369141 0.013880999758839607239 0.57900297641754150391 0.57900297641754150391 0.60652697086334228516 0.019899999722838401794 0.013880999758839607239 0.59152001142501831055 0.57799398899078369141 0.59152001142501831055 0.013700000010430812836 0.615139007568359375 0.019899999722838401794 0.019899999722838401794 0.60056400299072265625 0.55740702152252197266 0.40759000182151794434 0.40759000182151794434 0.40759000182151794434 0.40759000182151794434 0.57799398899078369141 0.57799398899078369141 0.57799398899078369141 0.60883802175521850586 0.60883802175521850586 0.0076999999582767486572 0.013700000010430812836 0.59086602926254272461 1.6288139820098876953 0.57799398899078369141 0.019899999722838401794 0.615139007568359375 1.6288980245590209961 1.6288349628448486328 1.0482389926910400391 0.0010280000278726220131
0.57799398899078369141 0.57799398899078369141 0.57799398899078369141 0.019899999722838401794 0.013880999758839607239 0.57900297641754150391 0.57900297641754150391 0.019899999722838401794 0.019899999722838401794 0.019899999722838401794 0.59152001142501831055 0.57900297641754150391 0.60883802175521850586 0.013700000010430812836 0.013700000010430812836 0.019899999722838401794 0.019899999722838401794 0.615139007568359375 0.55740702152252197266 0.40759000182151794434 0.6012089848518371582 0.6012089848518371582 0.61624097824096679688 0.40759000182151794434 0.40759000182151794434 0.57799398899078369141 0.013700000010430812836 0.60883802175521850586 0.013700000010430812836 0.013700000010430812836 1.6289960145950317383 1.6289960145950317383 1.6283190250396728516 1.0465099811553955078 0.59996497631072998047 1.6288629770278930664 1.6284910440444946289 0.022099999710917472839 0.022099999710917472839
