Big_Beef/DataInputs30m/o_10_ChemistryPools/1990_Mar2025/N_g_Det_root_2.asc
ncols        345
nrows        426
xllcorner    508536.404131802963
yllcorner    5265678.997906560078
cellsize     30.000000000000
NODATA_value -9999
[rows 180 to 197 of 426, columns 280 to 319 of 345]
13.943511009216308594 14.694000244140625 2.7953391075134277344 2.7953391075134277344 2.8182849884033203125 2.8182849884033203125 2.7868750095367431641 2.8055260181427001953 2.6111021041870117188 2.7629249095916748047 2.6111021041870117188 2.6111021041870117188 2.8268489837646484375 2.7714529037475585938 2.7084031105041503906 2.7714529037475585938 2.7832241058349609375 2.8302490711212158203 2.7953391075134277344 2.8055260181427001953 2.8363249301910400391 1.5989999771118164062 1.5989999771118164062 2.7557389736175537109 2.8268489837646484375 2.8268489837646484375 2.7714529037475585938 2.6111021041870117188 4.655792236328125 2.8268489837646484375 2.8363249301910400391 2.8182849884033203125 0.059999998658895492554 0.059999998658895492554 0.059999998658895492554 0.059999998658895492554 4.655792236328125 4.655792236328125 2.7714529037475585938 0.059999998658895492554
14.751008033752441406 13.943511009216308594 2.7857110500335693359 2.7857110500335693359 2.7857110500335693359 2.8363249301910400391 2.8055260181427001953 2.7629249095916748047 2.7911360263824462891 2.6111021041870117188 2.6111021041870117188 2.6111021041870117188 2.7714529037475585938 2.7629249095916748047 2.8055260181427001953 2.8182849884033203125 2.7857110500335693359 2.7967228889465332031 2.7967228889465332031 2.7557389736175537109 0.10000000149011611938 1.5989999771118164062 2.7832241058349609375 2.7557389736175537109 0.10000000149011611938 2.8268489837646484375 2.6111021041870117188 2.7688701152801513672 2.8055260181427001953 2.8302490711212158203 2.8182849884033203125 2.8302490711212158203 2.7714529037475585938 4.655792236328125 4.655792236328125 4.655792236328125 2.7714529037475585938 2.7714529037475585938 2.6111021041870117188 2.6111021041870117188
5.3200001716613769531 5.3200001716613769531 2.6556959152221679688 14.694000244140625 2.7766060829162597656 2.7766060829162597656 2.7571270465850830078 2.8055260181427001953 2.8182849884033203125 2.7714529037475585938 2.6111021041870117188 2.6111021041870117188 2.6111021041870117188 2.8182849884033203125 2.8055260181427001953 2.6116049289703369141 4.655792236328125 4.655792236328125 2.7967228889465332031 2.7517640590667724609 2.8182849884033203125 2.8528330326080322266 2.7557389736175537109 2.8268489837646484375 2.7802979946136474609 2.7714529037475585938 2.6111021041870117188 2.7688701152801513672 2.8055260181427001953 2.8363249301910400391 2.8182849884033203125 2.8268489837646484375 0.10000000149011611938 0.10000000149011611938 2.7714529037475585938 2.7714529037475585938 2.6111021041870117188 2.6111021041870117188 2.8055260181427001953 2.6111021041870117188
2.7680199146270751953 3.5509550571441650391 2.6688659191131591797 2.7967228889465332031 2.7084031105041503906 2.7557389736175537109 2.8055260181427001953 2.8363249301910400391 2.8489000797271728516 2.7629249095916748047 2.8055260181427001953 2.6111021041870117188 2.7629249095916748047 2.8055260181427001953 2.7670600414276123047 4.655792236328125 4.655792236328125 4.655792236328125 2.7967228889465332031 2.7517640590667724609 2.8182849884033203125 2.8182849884033203125 2.8268489837646484375 0.10000000149011611938 2.6760261058807373047 2.7802979946136474609 2.7714529037475585938 2.6111021041870117188 2.8182849884033203125 2.8182849884033203125 2.8182849884033203125 2.8182849884033203125 2.6111021041870117188 2.7714529037475585938 2.7714529037475585938 2.8055260181427001953 2.8055260181427001953 2.6111021041870117188 2.8182849884033203125 2.8055260181427001953
2.8182849884033203125 2.6688659191131591797 4.655792236328125 2.6688659191131591797 2.7557389736175537109 2.7714529037475585938 2.8363249301910400391 2.8302490711212158203 2.8182849884033203125 2.6111021041870117188 2.6111021041870117188 2.6111021041870117188 2.8055260181427001953 2.8055260181427001953 2.8215320110321044922 4.655792236328125 4.655792236328125 4.655792236328125 4.655792236328125 2.7766060829162597656 2.8223919868469238281 0.10000000149011611938 2.8363249301910400391 2.7571270465850830078 2.7802979946136474609 0.10000000149011611938 2.7714529037475585938 2.7714529037475585938 2.8182849884033203125 2.8182849884033203125 2.8182849884033203125 2.8182849884033203125 2.8182849884033203125 2.6111021041870117188 2.6111021041870117188 2.7714529037475585938 2.8055260181427001953 2.6111021041870117188 4.655792236328125 4.655792236328125
2.7857110500335693359 0.10000000149011611938 0.10000000149011611938 2.6116049289703369141 2.7557389736175537109 2.8055260181427001953 2.8363249301910400391 2.8363249301910400391 2.8220999240875244141 2.8182849884033203125 2.6111021041870117188 2.7629249095916748047 2.7629249095916748047 2.8055260181427001953 2.7557389736175537109 4.655792236328125 4.655792236328125 0.10000000149011611938 0.10000000149011611938 2.8182849884033203125 2.8182849884033203125 0.10000000149011611938 2.6688659191131591797 0.10000000149011611938 0.059999998658895492554 2.6760261058807373047 2.8268489837646484375 2.8182849884033203125 0.10000000149011611938 2.8182849884033203125 2.8182849884033203125 0.10000000149011611938 2.8182849884033203125 2.6111021041870117188 2.6111021041870117188 2.7714529037475585938 2.7714529037475585938 2.7517640590667724609 2.8182849884033203125 1.5989999771118164062
4.655792236328125 2.6760261058807373047 0.059999998658895492554 4.655792236328125 2.8406729698181152344 2.7517640590667724609 2.8055260181427001953 2.7084031105041503906 2.8363249301910400391 2.8182849884033203125 2.7629249095916748047 2.7629249095916748047 2.7629249095916748047 2.7670600414276123047 0.10000000149011611938 0.10000000149011611938 0.10000000149011611938 2.7967228889465332031 0.10000000149011611938 0.10000000149011611938 0.10000000149011611938 0.10000000149011611938 0.10000000149011611938 0.059999998658895492554 0.059999998658895492554 0.10000000149011611938 0.10000000149011611938 0.10000000149011611938 0.10000000149011611938 0.10000000149011611938 0.10000000149011611938 0.10000000149011611938 0.10000000149011611938 0.10000000149011611938 0.10000000149011611938 0.10000000149011611938 0.059999998658895492554 2.8268489837646484375 1.5989999771118164062 1.5989999771118164062
0.059999998658895492554 0.029999999329447746277 0.029999999329447746277 2.8294041156768798828 2.7557389736175537109 2.8182849884033203125 2.8489000797271728516 2.8363249301910400391 2.8182849884033203125 2.8182849884033203125 2.7629249095916748047 2.7629249095916748047 2.7868750095367431641 2.85015106201171875 4.655792236328125 4.655792236328125 4.655792236328125 2.7967228889465332031 2.8223919868469238281 2.8182849884033203125 2.7517640590667724609 2.8268489837646484375 2.8268489837646484375 2.7714529037475585938 2.7714529037475585938 2.8182849884033203125 2.8182849884033203125 0.10000000149011611938 2.8268489837646484375 2.7857110500335693359 2.8182849884033203125 2.8182849884033203125 2.8268489837646484375 2.7714529037475585938 2.7714529037475585938 0.059999998658895492554 0.059999998658895492554 2.8268489837646484375 1.5989999771118164062 1.5989999771118164062
0.059999998658895492554 0.029999999329447746277 0.059999998658895492554 2.8294041156768798828 2.7557389736175537109 2.7557389736175537109 2.8039059638977050781 2.8363249301910400391 2.8182849884033203125 2.8182849884033203125 2.7629249095916748047 2.8182849884033203125 2.7629249095916748047 2.7670600414276123047 2.7670600414276123047 2.7017710208892822266 4.655792236328125 4.655792236328125 2.7857110500335693359 0.10000000149011611938 2.8268489837646484375 2.8268489837646484375 2.7557389736175537109 2.7517640590667724609 2.7714529037475585938 2.8268489837646484375 2.8182849884033203125 2.8268489837646484375 2.7967228889465332031 2.8302490711212158203 2.8182849884033203125 2.7714529037475585938 4.655792236328125 2.7714529037475585938 2.7714529037475585938 0.059999998658895492554 0.059999998658895492554 0.10000000149011611938 1.5989999771118164062 1.5989999771118164062
0.059999998658895492554 0.059999998658895492554 0.059999998658895492554 4.655792236328125 0.10000000149011611938 2.8302490711212158203 2.8363249301910400391 2.8363249301910400391 2.8363249301910400391 2.6654040813446044922 2.8182849884033203125 2.7868750095367431641 2.8055260181427001953 2.8039059638977050781 2.7857110500335693359 2.7017710208892822266 4.655792236328125 2.7571270465850830078 2.8182849884033203125 2.8182849884033203125 0.10000000149011611938 2.8268489837646484375 2.7571270465850830078 2.7714529037475585938 2.8268489837646484375 2.8268489837646484375 2.7517640590667724609 0.10000000149011611938 2.7967228889465332031 2.8302490711212158203 2.8055260181427001953 0.10000000149011611938 2.8268489837646484375 0.10000000149011611938 0.10000000149011611938 2.8533580303192138672 0.059999998658895492554 0.059999998658895492554 0.10000000149011611938 0.10000000149011611938
0.10000000149011611938 0.10000000149011611938 0.10000000149011611938 0.10000000149011611938 4.655792236328125 2.7832241058349609375 2.7832241058349609375 2.8039059638977050781 2.7868750095367431641 2.8363249301910400391 2.8182849884033203125 2.8182849884033203125 2.7680199146270751953 2.8302490711212158203 2.7857110500335693359 2.7017710208892822266 4.655792236328125 2.7857110500335693359 2.8182849884033203125 2.8182849884033203125 2.7571270465850830078 2.8268489837646484375 2.8182849884033203125 2.7714529037475585938 0.10000000149011611938 2.8268489837646484375 2.8268489837646484375 2.7688701152801513672 2.8182849884033203125 2.85015106201171875 0.029999999329447746277 2.7714529037475585938 2.7714529037475585938 2.7714529037475585938 0.10000000149011611938 2.6566610336303710938 2.6111021041870117188 2.7714529037475585938 2.7571270465850830078 4.655792236328125
0.10000000149011611938 0.059999998658895492554 0.79900002479553222656 0.79900002479553222656 0.10000000149011611938 2.8768351078033447266 2.7832241058349609375 2.8039059638977050781 2.8182849884033203125 2.8055260181427001953 2.8182849884033203125 2.7571270465850830078 2.8055260181427001953 2.7557389736175537109 2.7017710208892822266 2.7670600414276123047 2.7832241058349609375 2.7832241058349609375 2.8302490711212158203 2.8302490711212158203 2.8302490711212158203 2.8182849884033203125 0.10000000149011611938 2.7517640590667724609 2.6111021041870117188 2.8055260181427001953 2.8768351078033447266 2.7832241058349609375 2.7857110500335693359 2.8182849884033203125 2.6111021041870117188 2.7517640590667724609 2.7714529037475585938 2.7714529037475585938 2.6143009662628173828 2.7557389736175537109 0.059999998658895492554 4.655792236328125 4.655792236328125 4.655792236328125
2.8268489837646484375 0.059999998658895492554 0.79900002479553222656 0.79900002479553222656 0.79900002479553222656 0.059999998658895492554 4.655792236328125 2.7832241058349609375 2.7084031105041503906 2.6111021041870117188 2.7714529037475585938 2.7517640590667724609 2.8182849884033203125 2.8055260181427001953 2.7557389736175537109 2.7670600414276123047 2.8489000797271728516 2.8489000797271728516 2.8182849884033203125 2.8246738910675048828 2.8268489837646484375 2.8268489837646484375 2.8268489837646484375 0.10000000149011611938 2.7714529037475585938 2.8055260181427001953 0.10000000149011611938 2.8768351078033447266 2.7857110500335693359 2.8268489837646484375 2.8268489837646484375 2.7517640590667724609 2.7714529037475585938 0.059999998658895492554 0.029999999329447746277 0.059999998658895492554 0.059999998658895492554 0.059999998658895492554 4.655792236328125 2.6111021041870117188
2.8302490711212158203 0.059999998658895492554 0.79900002479553222656 0.10000000149011611938 0.79900002479553222656 0.79900002479553222656 0.79900002479553222656 4.655792236328125 2.7967228889465332031 2.7557389736175537109 2.7517640590667724609 2.7517640590667724609 2.8039059638977050781 2.7160229682922363281 2.85015106201171875 2.8268489837646484375 2.7832241058349609375 2.7832241058349609375 2.7557389736175537109 2.8268489837646484375 0.10000000149011611938 2.8268489837646484375 2.8268489837646484375 2.7714529037475585938 2.7517640590667724609 2.8055260181427001953 4.655792236328125 4.655792236328125 2.7832241058349609375 2.8268489837646484375 0.10000000149011611938 0.10000000149011611938 4.655792236328125 0.059999998658895492554 0.059999998658895492554 0.059999998658895492554 0.019999999552965164185 0.059999998658895492554 0.059999998658895492554 0.059999998658895492554
0.79900002479553222656 0.79900002479553222656 0.79900002479553222656 0.79900002479553222656 0.79900002479553222656 0.79900002479553222656 0.79900002479553222656 0.34219801425933837891 0.79900002479553222656 2.7967228889465332031 2.8406729698181152344 2.7557389736175537109 0.059999998658895492554 0.10000000149011611938 0.10000000149011611938 0.059999998658895492554 0.059999998658895492554 0.059999998658895492554 0.10000000149011611938 0.10000000149011611938 0.10000000149011611938 0.10000000149011611938 0.10000000149011611938 0.10000000149011611938 0.10000000149011611938 0.10000000149011611938 0.10000000149011611938 0.10000000149011611938 0.10000000149011611938 0.10000000149011611938 0.10000000149011611938 2.7714529037475585938 2.6111021041870117188 2.7714529037475585938 2.8268489837646484375 0.059999998658895492554 2.6111021041870117188 0.34219801425933837891 2.7714529037475585938 0.059999998658895492554
3.6837420463562011719 3.6393129825592041016 0.79900002479553222656 0.79900002479553222656 0.79900002479553222656 0.79900002479553222656 0.79900002479553222656 0.79900002479553222656 0.79900002479553222656 0.10000000149011611938 2.7945680618286132812 2.8268489837646484375 0.059999998658895492554 2.8268489837646484375 2.6143009662628173828 0.10000000149011611938 2.8268489837646484375 2.6760261058807373047 2.8238990306854248047 2.7557389736175537109 2.8268489837646484375 0.10000000149011611938 2.8268489837646484375 0.10000000149011611938 4.655792236328125 2.8182849884033203125 1.5989999771118164062 2.7517640590667724609 2.7557389736175537109 0.10000000149011611938 2.8363249301910400391 2.8182849884033203125 0.34219801425933837891 0.34219801425933837891 2.8533580303192138672 0.34219801425933837891 2.6111021041870117188 0.34219801425933837891 2.8528330326080322266 2.8268489837646484375
2.7857110500335693359 3.6393129825592041016 0.79900002479553222656 0.059999998658895492554 0.059999998658895492554 0.79900002479553222656 0.79900002479553222656 0.79900002479553222656 0.79900002479553222656 0.79900002479553222656 0.79900002479553222656 0.10000000149011611938 0.059999998658895492554 0.059999998658895492554 2.8268489837646484375 0.10000000149011611938 2.8268489837646484375 2.7517640590667724609 2.8268489837646484375 2.8268489837646484375 2.7714529037475585938 2.8268489837646484375 2.8268489837646484375 2.8268489837646484375 2.8268489837646484375 1.5989999771118164062 1.5989999771118164062 2.7711839675903320312 2.7571270465850830078 2.7517640590667724609 0.059999998658895492554 0.34219801425933837891 0.34219801425933837891 0.34219801425933837891 0.34219801425933837891 0.79900002479553222656 0.79900002479553222656 0.79900002479553222656 0.34219801425933837891 2.8363249301910400391
2.8302490711212158203 2.8302490711212158203 2.8302490711212158203 2.7324171066284179688 0.059999998658895492554 0.79900002479553222656 0.79900002479553222656 0.79900002479553222656 0.79900002479553222656 0.79900002479553222656 0.79900002479553222656 2.7945680618286132812 0.10000000149011611938 2.8268489837646484375 2.7832241058349609375 2.8268489837646484375 2.6688659191131591797 2.8268489837646484375 0.10000000149011611938 2.8268489837646484375 2.8182849884033203125 2.7517640590667724609 2.7714529037475585938 1.5989999771118164062 1.5989999771118164062 1.5989999771118164062 2.8182849884033203125 2.8182849884033203125 2.7517640590667724609 2.8728809356689453125 2.8268489837646484375 0.059999998658895492554 2.8406729698181152344 0.34219801425933837891 0.34219801425933837891 0.34219801425933837891 0.79900002479553222656 0.79900002479553222656 0.34219801425933837891 0.34219801425933837891
