Big_Beef/DataInputs30m/o_10_ChemistryPools/1990_Mar2025/N_g_BgStem.asc
ncols        345
nrows        426
xllcorner    508536.404131802963
yllcorner    5265678.997906560078
cellsize     30.000000000000
NODATA_value -9999
[rows 391 to 407 of 426, columns 40 to 79 of 345]
14.628702163696289062 6.8130578994750976562 6.5703139305114746094 7.3961920738220214844 4.5922360420227050781 4.5922360420227050781 4.5922360420227050781 4.9208521842956542969 6.1724362373352050781 2.8540620803833007812 2.8540620803833007812 5.9133548736572265625 3.48758697509765625 1.6831409931182861328 8.067119598388671875 7.6399998664855957031 7.6399998664855957031 8.6729869842529296875 1.3522169589996337891 4.0660772323608398438 7.7176260948181152344 4.0660772323608398438 1.1079590320587158203 0.20851600170135498047 5.5988101959228515625 8.067119598388671875 0.30709999799728393555 2.8540620803833007812 0.44580000638961791992 0.44580000638961791992 0.015058999881148338318 0.015058999881148338318 0.015058999881148338318 0.015058999881148338318 0.015058999881148338318 0.015058999881148338318 5.7796950340270996094 7.870391845703125 14.865670204162597656 15.139365196228027344
3.2348248958587646484 7.1850180625915527344 4.0660772323608398438 7.3961920738220214844 4.5922360420227050781 4.5922360420227050781 4.5922360420227050781 4.9208521842956542969 1.3522169589996337891 5.9133548736572265625 5.9133548736572265625 3.4295659065246582031 7.6399998664855957031 4.1784977912902832031 7.6399998664855957031 7.6399998664855957031 7.6399998664855957031 7.6399998664855957031 1.3522169589996337891 4.9208521842956542969 4.9208521842956542969 7.6399998664855957031 2.8540620803833007812 5.2296090126037597656 8.2935581207275390625 1.3522169589996337891 4.0660772323608398438 1.3522169589996337891 0.44580000638961791992 0.44580000638961791992 0.015058999881148338318 0.015058999881148338318 0.015058999881148338318 0.015058999881148338318 0.015058999881148338318 0.015058999881148338318 7.6834850311279296875 7.5736632347106933594 7.1850180625915527344 7.870391845703125
3.2348248958587646484 2.8540620803833007812 6.9156069755554199219 4.5922360420227050781 4.5922360420227050781 4.0101761817932128906 4.5922360420227050781 4.9208521842956542969 4.0660772323608398438 4.0660772323608398438 4.0660772323608398438 3.6671419143676757812 2.8540620803833007812 7.6399998664855957031 7.6399998664855957031 7.6399998664855957031 7.6399998664855957031 3.5462560653686523438 4.9208521842956542969 4.0660772323608398438 7.6399998664855957031 7.6399998664855957031 4.0660772323608398438 1.3522169589996337891 1.3522169589996337891 1.3522169589996337891 2.8540620803833007812 4.9208521842956542969 4.9208521842956542969 0.44580000638961791992 0.015058999881148338318 0.015058999881148338318 0.015058999881148338318 0.015058999881148338318 0.015058999881148338318 0.015058999881148338318 14.815041542053222656 7.3771209716796875 3.6713271141052246094 7.638195037841796875
5.2296090126037597656 4.0660772323608398438 4.0660772323608398438 4.0660772323608398438 3.48758697509765625 3.7331950664520263672 4.0101761817932128906 4.9208521842956542969 2.8540620803833007812 2.8540620803833007812 3.2954690456390380859 1.3522169589996337891 0.49529999494552612305 0.49529999494552612305 0.015058999881148338318 7.6399998664855957031 7.6399998664855957031 4.5922360420227050781 4.9208521842956542969 4.0660772323608398438 4.0101761817932128906 6.5703139305114746094 4.9208521842956542969 1.3522169589996337891 1.3522169589996337891 1.3522169589996337891 2.8540620803833007812 4.0660772323608398438 4.9208521842956542969 2.8540620803833007812 0.44580000638961791992 2.8540620803833007812 8.6729869842529296875 7.6406660079956054688 5.4777021408081054688 5.4777021408081054688 13.497076034545898438 13.497076034545898438 0.20851600170135498047 0.20851600170135498047
0.015058999881148338318 4.0660772323608398438 4.5922360420227050781 4.0660772323608398438 3.48758697509765625 3.7331950664520263672 4.5922360420227050781 3.9043309688568115234 4.0660772323608398438 4.0660772323608398438 5.2640128135681152344 1.3522169589996337891 7.6399998664855957031 7.6399998664855957031 7.6399998664855957031 7.6399998664855957031 7.6399998664855957031 4.6374039649963378906 5.4777021408081054688 4.0101761817932128906 4.5922360420227050781 4.5922360420227050781 7.7176260948181152344 4.9208521842956542969 5.4401612281799316406 2.8540620803833007812 2.8540620803833007812 0.44580000638961791992 2.8540620803833007812 2.8540620803833007812 0.44580000638961791992 0.44580000638961791992 4.0101761817932128906 0.44580000638961791992 5.4401612281799316406 7.6406660079956054688 0.20851600170135498047 0.20851600170135498047 0.20851600170135498047 0.20851600170135498047
3.2954690456390380859 2.8540620803833007812 4.0660772323608398438 4.0660772323608398438 4.5922360420227050781 4.5922360420227050781 4.5922360420227050781 9.352703094482421875 8.6729869842529296875 4.9208521842956542969 5.2640128135681152344 2.8540620803833007812 0.015058999881148338318 0.015058999881148338318 7.6399998664855957031 7.6399998664855957031 7.6399998664855957031 5.4777021408081054688 7.6406660079956054688 0.20851600170135498047 5.5988101959228515625 4.0660772323608398438 5.4401612281799316406 2.8540620803833007812 4.0660772323608398438 1.3522169589996337891 1.3522169589996337891 3.1721050739288330078 0.44580000638961791992 2.8540620803833007812 0.44580000638961791992 0.44580000638961791992 0.44580000638961791992 0.44580000638961791992 0.44580000638961791992 0.44580000638961791992 0.60957700014114379883 0.44580000638961791992 0.20851600170135498047 7.6406660079956054688
0.015058999881148338318 3.48758697509765625 3.4295659065246582031 4.0660772323608398438 4.5922360420227050781 4.5922360420227050781 3.4295659065246582031 3.4295659065246582031 4.9208521842956542969 8.6729869842529296875 2.8540620803833007812 1.3522169589996337891 0.015058999881148338318 0.015058999881148338318 7.6399998664855957031 7.6399998664855957031 7.6399998664855957031 7.6399998664855957031 7.6399998664855957031 0.20851600170135498047 0.44580000638961791992 2.8540620803833007812 5.4401612281799316406 0.44580000638961791992 2.8540620803833007812 2.8540620803833007812 2.8540620803833007812 2.8540620803833007812 1.3522169589996337891 0.44580000638961791992 2.8540620803833007812 5.4401612281799316406 0.60957700014114379883 0.44580000638961791992 0.60957700014114379883 0.60957700014114379883 0.30709999799728393555 5.4401612281799316406 0.44580000638961791992 0.44580000638961791992
4.0660772323608398438 0.015058999881148338318 2.8540620803833007812 3.48758697509765625 4.8750901222229003906 3.48758697509765625 4.0660772323608398438 4.0660772323608398438 4.9208521842956542969 2.8540620803833007812 4.6912708282470703125 2.8540620803833007812 0.015058999881148338318 7.6399998664855957031 7.6399998664855957031 7.6399998664855957031 7.6399998664855957031 7.6399998664855957031 0.44580000638961791992 5.4401612281799316406 0.20851600170135498047 0.30709999799728393555 0.30709999799728393555 1.9205429553985595703 0.44580000638961791992 0.44580000638961791992 8.2935581207275390625 3.1721050739288330078 8.067119598388671875 2.8540620803833007812 0.44580000638961791992 2.8540620803833007812 5.4401612281799316406 5.5988101959228515625 4.6912708282470703125 5.5988101959228515625 4.0660772323608398438 0.015058999881148338318 0.015058999881148338318 0.015058999881148338318
3.2348248958587646484 0.015058999881148338318 2.6503589153289794922 6.5703139305114746094 4.0660772323608398438 4.0101761817932128906 1.9205429553985595703 2.1522579193115234375 4.0660772323608398438 7.6399998664855957031 7.6399998664855957031 7.6399998664855957031 0.015058999881148338318 7.6399998664855957031 7.6399998664855957031 7.6399998664855957031 7.6399998664855957031 7.6399998664855957031 7.6399998664855957031 5.4401612281799316406 5.4401612281799316406 0.30709999799728393555 0.30709999799728393555 0.44580000638961791992 0.30709999799728393555 0.44580000638961791992 0.44580000638961791992 0.44580000638961791992 0.44580000638961791992 0.30709999799728393555 0.44580000638961791992 2.8540620803833007812 1.3522169589996337891 5.5988101959228515625 5.5988101959228515625 8.067119598388671875 1.3522169589996337891 0.015058999881148338318 0.60957700014114379883 0.60957700014114379883
4.0660772323608398438 0.015058999881148338318 3.48758697509765625 4.0660772323608398438 4.333126068115234375 3.48758697509765625 5.9487328529357910156 5.4401612281799316406 7.6399998664855957031 7.6399998664855957031 7.6399998664855957031 7.6399998664855957031 7.6399998664855957031 7.6399998664855957031 7.6399998664855957031 7.6399998664855957031 7.6399998664855957031 7.6399998664855957031 7.6399998664855957031 7.6399998664855957031 1.9205429553985595703 0.20851600170135498047 0.20851600170135498047 0.44580000638961791992 2.8540620803833007812 3.1721050739288330078 0.30709999799728393555 8.2935581207275390625 5.2296090126037597656 0.44580000638961791992 0.44580000638961791992 4.9208521842956542969 4.6912708282470703125 4.0660772323608398438 8.067119598388671875 8.067119598388671875 5.5988101959228515625 8.067119598388671875 8.067119598388671875 0.60957700014114379883
3.48758697509765625 0.015058999881148338318 0.015058999881148338318 4.0101761817932128906 4.0101761817932128906 3.48758697509765625 4.0660772323608398438 2.8540620803833007812 3.4295659065246582031 7.6399998664855957031 7.6399998664855957031 7.6399998664855957031 7.6399998664855957031 7.2750368118286132812 4.0101761817932128906 7.3961920738220214844 7.6399998664855957031 3.9043309688568115234 7.6399998664855957031 7.6399998664855957031 0.30709999799728393555 1.9205429553985595703 0.20851600170135498047 0.44580000638961791992 2.8540620803833007812 2.8540620803833007812 0.30709999799728393555 1.9205429553985595703 5.4401612281799316406 0.44580000638961791992 0.44580000638961791992 3.1721050739288330078 2.8540620803833007812 5.5988101959228515625 5.4401612281799316406 5.5988101959228515625 2.8540620803833007812 5.5988101959228515625 5.4401612281799316406 5.4401612281799316406
3.48758697509765625 0.015058999881148338318 4.9208521842956542969 5.309368133544921875 4.0660772323608398438 4.0660772323608398438 7.6399998664855957031 7.6399998664855957031 7.6399998664855957031 7.6399998664855957031 7.6399998664855957031 7.6399998664855957031 7.6399998664855957031 5.309368133544921875 7.1617598533630371094 6.5703139305114746094 2.8540620803833007812 1.1079590320587158203 7.6399998664855957031 0.30709999799728393555 5.2296090126037597656 0.30709999799728393555 0.30709999799728393555 0.20851600170135498047 5.4401612281799316406 5.4401612281799316406 2.8540620803833007812 0.49529999494552612305 0.20851600170135498047 5.4401612281799316406 0.44580000638961791992 4.0660772323608398438 4.0660772323608398438 8.067119598388671875 0.93367999792098999023 2.8540620803833007812 8.067119598388671875 2.8540620803833007812 5.4401612281799316406 0.20851600170135498047
3.48758697509765625 4.0660772323608398438 2.6503589153289794922 7.6399998664855957031 7.6399998664855957031 7.6399998664855957031 6.3334760665893554688 7.6399998664855957031 7.6399998664855957031 7.6399998664855957031 7.6399998664855957031 7.6399998664855957031 14.734404563903808594 4.9208521842956542969 2.8540620803833007812 5.309368133544921875 5.309368133544921875 4.0660772323608398438 3.7331950664520263672 7.6399998664855957031 7.6399998664855957031 7.6399998664855957031 2.8540620803833007812 2.8540620803833007812 2.8540620803833007812 2.8540620803833007812 0.49529999494552612305 0.49529999494552612305 2.8540620803833007812 0.44580000638961791992 0.44580000638961791992 2.1522579193115234375 5.9133548736572265625 0.20851600170135498047 0.20851600170135498047 5.5988101959228515625 8.067119598388671875 5.5988101959228515625 5.4401612281799316406 0.60957700014114379883
7.6399998664855957031 7.6399998664855957031 7.6399998664855957031 7.6399998664855957031 7.6399998664855957031 7.6399998664855957031 0.20851600170135498047 0.20851600170135498047 4.9208521842956542969 4.9208521842956542969 4.8750901222229003906 7.6399998664855957031 7.6399998664855957031 3.5462560653686523438 4.0660772323608398438 1.3522169589996337891 4.1784977912902832031 3.48758697509765625 7.6399998664855957031 7.6399998664855957031 7.6399998664855957031 7.6399998664855957031 3.5462560653686523438 1.3522169589996337891 1.3522169589996337891 1.3522169589996337891 1.3522169589996337891 5.4401612281799316406 1.3522169589996337891 0.44580000638961791992 2.8540620803833007812 2.1522579193115234375 5.9133548736572265625 0.20851600170135498047 0.20851600170135498047 0.20851600170135498047 0.20851600170135498047 0.20851600170135498047 0.20851600170135498047 1.6831409931182861328
7.6399998664855957031 7.6399998664855957031 7.6399998664855957031 7.6399998664855957031 0.20851600170135498047 0.20851600170135498047 0.20851600170135498047 0.20851600170135498047 0.20851600170135498047 4.9208521842956542969 4.0101761817932128906 5.0063529014587402344 7.6399998664855957031 2.8540620803833007812 8.6729869842529296875 4.9208521842956542969 4.0660772323608398438 4.5922360420227050781 7.6399998664855957031 7.6399998664855957031 7.6399998664855957031 6.5703139305114746094 1.3522169589996337891 1.3522169589996337891 1.3522169589996337891 4.0660772323608398438 5.5988101959228515625 5.4401612281799316406 0.60957700014114379883 2.8540620803833007812 0.44580000638961791992 5.2296090126037597656 1.9205429553985595703 1.6116869449615478516 0.20851600170135498047 0.30709999799728393555 0.44580000638961791992 0.20851600170135498047 1.3522169589996337891 0.20851600170135498047
7.6399998664855957031 7.6399998664855957031 7.6399998664855957031 0.20851600170135498047 4.1784977912902832031 0.20851600170135498047 0.20851600170135498047 0.20851600170135498047 0.20851600170135498047 4.0660772323608398438 0.49529999494552612305 7.6399998664855957031 3.1721050739288330078 7.6399998664855957031 7.6399998664855957031 4.0660772323608398438 4.9208521842956542969 4.0101761817932128906 6.2376489639282226562 7.6399998664855957031 7.6399998664855957031 4.0101761817932128906 8.067119598388671875 5.9133548736572265625 1.3522169589996337891 1.3522169589996337891 3.5462560653686523438 0.20851600170135498047 0.44580000638961791992 0.20851600170135498047 0.30709999799728393555 1.9205429553985595703 0.44580000638961791992 0.30709999799728393555 0.30709999799728393555 5.3946881294250488281 0.44580000638961791992 0.44580000638961791992 0.44580000638961791992 0.30709999799728393555
7.6399998664855957031 5.2640128135681152344 0.20851600170135498047 4.0660772323608398438 4.0660772323608398438 0.20851600170135498047 0.20851600170135498047 0.20851600170135498047 4.0660772323608398438 4.0660772323608398438 3.8432629108428955078 0.015058999881148338318 0.015058999881148338318 7.6399998664855957031 7.6399998664855957031 7.6399998664855957031 7.6399998664855957031 7.6399998664855957031 7.6399998664855957031 7.6399998664855957031 4.6912708282470703125 7.6399998664855957031 4.8750901222229003906 8.6729869842529296875 3.48758697509765625 1.3522169589996337891 2.8540620803833007812 2.8540620803833007812 2.8540620803833007812 2.7195661067962646484 0.30709999799728393555 0.44580000638961791992 2.8540620803833007812 2.8540620803833007812 4.9208521842956542969 5.5988101959228515625 5.4401612281799316406 7.6406660079956054688 0.44580000638961791992 5.2296090126037597656
