Big_Beef/DataInputs30m/o_10_ChemistryPools/1990_Mar2025/N_g_Det_root_3.asc
ncols        345
nrows        426
xllcorner    508536.404131802963
yllcorner    5265678.997906560078
cellsize     30.000000000000
NODATA_value -9999
[rows 306 to 322 of 426, columns 78 to 116 of 345]
0.63421100378036499023 0.61971002817153930664 0.64078998565673828125 0.63752698898315429688 0.64078998565673828125 4.3229999542236328125 5.145999908447265625 3.2155749797821044922 0.9741700291633605957 0.64078998565673828125 0.64078998565673828125 0.64999997615814208984 0.63289397954940795898 0.62912297248840332031 0.9741700291633605957 0.63872802257537841797 0.9741700291633605957 0.64004802703857421875 0.63872802257537841797 0.63752698898315429688 0.63225799798965454102 0.63225799798965454102 0.62208902835845947266 0.63225799798965454102 0.63225799798965454102 0.64078998565673828125 0.64971101284027099609 0.64149200916290283203 0.63752698898315429688 0.6206499934196472168 0.63436400890350341797 0.63108897209167480469 0.6380450129508972168 0.6380450129508972168 0.64999997615814208984 0.64999997615814208984 0.64999997615814208984 0.64999997615814208984 0.64999997615814208984
0.070610001683235168457 0.64004802703857421875 0.65446501970291137695 0.65446501970291137695 0.64078998565673828125 4.3229999542236328125 3.2155749797821044922 3.2155749797821044922 0.9741700291633605957 0.9741700291633605957 0.9741700291633605957 0.64999997615814208984 0.64004802703857421875 0.62912297248840332031 0.9741700291633605957 0.9741700291633605957 0.9741700291633605957 0.63934397697448730469 0.63872802257537841797 0.63225799798965454102 0.64350098371505737305 0.64350098371505737305 0.63225799798965454102 0.6206499934196472168 0.63225799798965454102 0.62991499900817871094 0.60850900411605834961 0.63752698898315429688 0.64529699087142944336 0.63225799798965454102 0.64529699087142944336 0.64999997615814208984 0.64999997615814208984 0.64999997615814208984 0.64999997615814208984 0.64999997615814208984 0.64999997615814208984 0.64999997615814208984 0.64078998565673828125
0.070610001683235168457 0.66327798366546630859 0.61971002817153930664 0.6357669830322265625 4.3229999542236328125 4.3229999542236328125 2.9890499114990234375 0.64078998565673828125 0.64078998565673828125 0.9741700291633605957 0.9741700291633605957 0.64633101224899291992 0.64999997615814208984 0.62912297248840332031 0.9741700291633605957 0.60850900411605834961 0.9741700291633605957 0.9741700291633605957 0.63872802257537841797 0.63225799798965454102 0.61009997129440307617 0.63225799798965454102 0.6206499934196472168 0.6206499934196472168 0.64971101284027099609 0.61009997129440307617 0.64971101284027099609 0.64971101284027099609 0.64529699087142944336 0.64078998565673828125 0.64971101284027099609 0.64999997615814208984 0.64999997615814208984 0.64999997615814208984 0.64999997615814208984 0.64999997615814208984 0.64999997615814208984 0.64999997615814208984 0.64078998565673828125
0.9741700291633605957 0.9741700291633605957 0.9741700291633605957 0.081000000238418579102 0.64004802703857421875 4.3229999542236328125 4.1725201606750488281 0.64078998565673828125 0.63934397697448730469 0.62208902835845947266 0.63872802257537841797 0.60850900411605834961 0.60850900411605834961 0.64694601297378540039 0.64078998565673828125 0.64078998565673828125 0.64350098371505737305 3.9727239608764648438 4.4844880104064941406 0.67120897769927978516 0.64350098371505737305 0.63225799798965454102 0.61009997129440307617 0.61009997129440307617 0.64971101284027099609 0.61009997129440307617 0.64971101284027099609 0.64529699087142944336 0.63225799798965454102 0.64149200916290283203 0.62912297248840332031 0.64999997615814208984 0.64999997615814208984 0.64999997615814208984 0.64999997615814208984 0.64999997615814208984 0.64999997615814208984 0.64078998565673828125 0.64078998565673828125
0.048999998718500137329 0.081000000238418579102 8.2340002059936523438 0.9741700291633605957 0.66327798366546630859 4.3229999542236328125 4.3229999542236328125 4.3229999542236328125 5.6549482345581054688 0.63934397697448730469 0.64350098371505737305 0.64078998565673828125 0.63935899734497070312 0.63872802257537841797 0.64350098371505737305 5.3061699867248535156 5.2105221748352050781 4.4844880104064941406 4.4844880104064941406 3.6143450736999511719 0.64078998565673828125 0.6206499934196472168 0.63225799798965454102 0.63225799798965454102 0.61009997129440307617 0.64971101284027099609 0.63225799798965454102 0.63225799798965454102 0.64350098371505737305 0.6206499934196472168 0.6206499934196472168 0.64999997615814208984 0.64999997615814208984 0.64999997615814208984 0.64999997615814208984 0.64999997615814208984 0.64999997615814208984 0.60850900411605834961 0.64078998565673828125
0.61699599027633666992 0.081000000238418579102 0.081000000238418579102 0.63421100378036499023 0.9741700291633605957 0.64078998565673828125 0.64078998565673828125 0.63752698898315429688 0.63872802257537841797 0.67120897769927978516 0.64078998565673828125 0.64078998565673828125 0.64078998565673828125 0.64078998565673828125 0.64078998565673828125 4.3229999542236328125 0.63934397697448730469 3.2155749797821044922 0.62694400548934936523 0.64350098371505737305 0.64350098371505737305 0.63225799798965454102 0.63225799798965454102 0.64350098371505737305 0.63225799798965454102 0.64149200916290283203 0.64350098371505737305 0.6206499934196472168 0.63225799798965454102 0.63225799798965454102 0.65243697166442871094 0.65243697166442871094 0.64999997615814208984 0.64999997615814208984 0.64999997615814208984 0.64999997615814208984 0.62208902835845947266 0.63896602392196655273 0.64154297113418579102
0.081000000238418579102 0.62912297248840332031 0.081000000238418579102 0.081000000238418579102 0.64004802703857421875 0.64078998565673828125 0.63225799798965454102 0.62694400548934936523 0.63872802257537841797 0.64350098371505737305 0.64350098371505737305 0.63225799798965454102 0.64078998565673828125 0.64078998565673828125 0.64350098371505737305 0.63934397697448730469 4.3229999542236328125 3.2155749797821044922 0.63934397697448730469 0.64350098371505737305 0.64350098371505737305 0.64350098371505737305 0.63225799798965454102 0.64350098371505737305 0.64078998565673828125 0.64350098371505737305 0.64350098371505737305 0.63225799798965454102 0.62991499900817871094 0.63225799798965454102 0.63225799798965454102 0.62004798650741577148 0.62208902835845947266 0.6380450129508972168 0.64999997615814208984 0.62208902835845947266 0.63896602392196655273 0.63896602392196655273 0.6689040064811706543
0.64078998565673828125 0.048999998718500137329 0.081000000238418579102 0.9741700291633605957 0.64565700292587280273 0.64350098371505737305 0.64004802703857421875 0.64078998565673828125 0.63872802257537841797 0.63108897209167480469 0.61009997129440307617 0.64529699087142944336 0.64350098371505737305 0.63668501377105712891 5.7903771400451660156 5.145999908447265625 4.3229999542236328125 0.65614199638366699219 0.64350098371505737305 0.62208902835845947266 0.64350098371505737305 0.64350098371505737305 0.61009997129440307617 0.63935899734497070312 0.64350098371505737305 0.64350098371505737305 0.64078998565673828125 0.63934397697448730469 0.62991499900817871094 0.6206499934196472168 0.62991499900817871094 0.65446501970291137695 0.60764002799987792969 0.6380450129508972168 0.64078998565673828125 0.62208902835845947266 0.63896602392196655273 0.6689040064811706543 0.6689040064811706543
0.64004802703857421875 0.9741700291633605957 0.081000000238418579102 0.61971002817153930664 0.61971002817153930664 0.64350098371505737305 0.64078998565673828125 0.6689040064811706543 0.63934397697448730469 0.63108897209167480469 0.60850900411605834961 0.60850900411605834961 0.62991499900817871094 4.4844880104064941406 5.267475128173828125 4.3229999542236328125 4.3229999542236328125 0.67120897769927978516 0.64350098371505737305 0.64350098371505737305 0.64350098371505737305 0.63108897209167480469 0.63108897209167480469 0.63108897209167480469 0.62694400548934936523 0.64078998565673828125 0.62694400548934936523 0.62912297248840332031 0.64350098371505737305 0.64078998565673828125 0.63225799798965454102 0.63225799798965454102 0.64350098371505737305 0.65402597188949584961 0.60850900411605834961 0.60850900411605834961 0.60850900411605834961 0.6689040064811706543 0.6689040064811706543
0.64078998565673828125 0.081000000238418579102 0.081000000238418579102 0.62912297248840332031 0.62912297248840332031 0.63225799798965454102 0.61009997129440307617 0.64078998565673828125 0.63108897209167480469 0.60850900411605834961 0.63108897209167480469 0.64350098371505737305 0.63225799798965454102 5.6549482345581054688 0.67120897769927978516 0.63872802257537841797 5.145999908447265625 3.6143450736999511719 0.64350098371505737305 0.64350098371505737305 0.63935899734497070312 1.2990000247955322266 1.2990000247955322266 0.65446501970291137695 0.64350098371505737305 0.63108897209167480469 0.64078998565673828125 0.64350098371505737305 0.64350098371505737305 0.64350098371505737305 0.64350098371505737305 0.64350098371505737305 0.64529699087142944336 0.60850900411605834961 0.60850900411605834961 0.60850900411605834961 1.2990000247955322266 0.64565700292587280273 0.64078998565673828125
0.64078998565673828125 3.8759810924530029297 0.048999998718500137329 0.081000000238418579102 0.64565700292587280273 0.63225799798965454102 0.64350098371505737305 0.64350098371505737305 0.60850900411605834961 0.64350098371505737305 5.267475128173828125 5.3672361373901367188 4.9875950813293457031 4.3229999542236328125 4.3229999542236328125 4.3229999542236328125 0.64350098371505737305 4.3229999542236328125 0.64350098371505737305 0.64350098371505737305 0.62694400548934936523 0.63935899734497070312 1.2990000247955322266 0.63896602392196655273 0.64146798849105834961 0.61009997129440307617 0.67120897769927978516 0.63108897209167480469 0.60850900411605834961 0.64078998565673828125 0.64078998565673828125 0.61009997129440307617 0.60850900411605834961 0.60850900411605834961 0.60850900411605834961 0.63289397954940795898 0.64134502410888671875 0.64565700292587280273 0.64078998565673828125
8.2340002059936523438 0.081000000238418579102 0.081000000238418579102 0.62912297248840332031 0.63289397954940795898 0.64350098371505737305 0.67120897769927978516 0.64350098371505737305 0.64350098371505737305 0.64350098371505737305 0.63225799798965454102 5.2105221748352050781 4.3229999542236328125 4.4844880104064941406 5.145999908447265625 4.3229999542236328125 0.64350098371505737305 0.64350098371505737305 0.62208902835845947266 0.66238301992416381836 0.60850900411605834961 0.64078998565673828125 1.2990000247955322266 0.64479202032089233398 0.60850900411605834961 0.64078998565673828125 0.64350098371505737305 0.60850900411605834961 0.60850900411605834961 0.64078998565673828125 0.64078998565673828125 0.64078998565673828125 0.60850900411605834961 0.60850900411605834961 1.2990000247955322266 1.2990000247955322266 0.63934397697448730469 0.63934397697448730469 0.63896602392196655273
3.8587920665740966797 0.48699998855590820312 3.2155749797821044922 5.267475128173828125 0.64078998565673828125 0.67120897769927978516 0.63225799798965454102 0.62991499900817871094 0.63108897209167480469 0.63656002283096313477 0.63225799798965454102 5.6549482345581054688 4.3229999542236328125 4.3229999542236328125 3.8587920665740966797 0.67120897769927978516 0.64350098371505737305 0.64350098371505737305 0.66238301992416381836 0.62694400548934936523 0.64350098371505737305 0.60850900411605834961 1.2990000247955322266 0.64479202032089233398 0.60850900411605834961 0.60850900411605834961 0.60850900411605834961 0.60850900411605834961 0.60850900411605834961 0.60850900411605834961 0.64078998565673828125 0.64078998565673828125 0.64149200916290283203 0.60850900411605834961 1.2990000247955322266 0.63896602392196655273 0.64565700292587280273 0.081000000238418579102 0.081000000238418579102
3.2895820140838623047 11.939000129699707031 0.048999998718500137329 4.4844880104064941406 0.65446501970291137695 0.63724797964096069336 0.64350098371505737305 0.62991499900817871094 0.64350098371505737305 5.4940090179443359375 3.0011599063873291016 0.63934397697448730469 4.3229999542236328125 5.145999908447265625 5.145999908447265625 0.64350098371505737305 0.64350098371505737305 0.61009997129440307617 0.64350098371505737305 0.64350098371505737305 0.64350098371505737305 0.64350098371505737305 0.60850900411605834961 0.64078998565673828125 0.60850900411605834961 0.60850900411605834961 0.60850900411605834961 0.60850900411605834961 0.60850900411605834961 0.60850900411605834961 0.64078998565673828125 0.62991499900817871094 0.64565700292587280273 1.2990000247955322266 0.65446501970291137695 0.63618797063827514648 0.081000000238418579102 0.081000000238418579102 0.6689040064811706543
3.5575768947601318359 0.67120897769927978516 3.4345650672912597656 4.3229999542236328125 0.65446501970291137695 0.64350098371505737305 0.62991499900817871094 0.62991499900817871094 0.67120897769927978516 4.3229999542236328125 5.145999908447265625 0.62208902835845947266 0.64350098371505737305 0.64350098371505737305 0.67120897769927978516 0.64350098371505737305 0.64350098371505737305 0.64350098371505737305 0.64350098371505737305 0.64350098371505737305 0.64350098371505737305 0.64350098371505737305 0.64350098371505737305 0.60850900411605834961 0.65614199638366699219 0.60850900411605834961 0.60850900411605834961 0.60850900411605834961 0.60850900411605834961 0.63752698898315429688 0.63752698898315429688 1.2990000247955322266 1.2990000247955322266 0.64565700292587280273 0.64904701709747314453 0.6689040064811706543 0.081000000238418579102 0.63752698898315429688 0.64078998565673828125
3.2895820140838623047 3.4345650672912597656 5.3061699867248535156 5.3672361373901367188 5.4340128898620605469 0.64350098371505737305 0.67120897769927978516 0.62991499900817871094 4.4844880104064941406 5.145999908447265625 5.145999908447265625 0.63934397697448730469 0.67120897769927978516 0.64350098371505737305 0.64350098371505737305 0.64350098371505737305 0.64350098371505737305 0.63225799798965454102 0.64078998565673828125 0.64078998565673828125 0.64350098371505737305 0.63289397954940795898 0.60850900411605834961 0.60850900411605834961 0.60850900411605834961 0.60850900411605834961 0.60850900411605834961 0.60850900411605834961 0.64078998565673828125 0.6689040064811706543 0.6689040064811706543 0.64078998565673828125 0.64078998565673828125 0.65402597188949584961 0.63618797063827514648 0.63896602392196655273 0.081000000238418579102 0.081000000238418579102 0.63752698898315429688
5.4193739891052246094 0.67120897769927978516 0.67120897769927978516 5.4193739891052246094 5.4193739891052246094 0.60850900411605834961 0.67120897769927978516 0.62991499900817871094 2.7468950748443603516 5.0991320610046386719 3.3259429931640625 4.3229999542236328125 0.64350098371505737305 0.64350098371505737305 0.64350098371505737305 0.62694400548934936523 0.64350098371505737305 0.64078998565673828125 0.6206499934196472168 0.65614199638366699219 0.64350098371505737305 0.63289397954940795898 0.60850900411605834961 0.60850900411605834961 0.62208902835845947266 0.62208902835845947266 0.62694400548934936523 0.60850900411605834961 0.63896602392196655273 0.62208902835845947266 0.63896602392196655273 0.64078998565673828125 0.63289397954940795898 0.63752698898315429688 0.6689040064811706543 0.64154297113418579102 0.081000000238418579102 0.63752698898315429688 0.63752698898315429688
