Big_Beef/DataInputs30m/o_10_ChemistryPools/1990_Mar2025/N_g_Det_leaf.asc
ncols        345
nrows        426
xllcorner    508536.404131802963
yllcorner    5265678.997906560078
cellsize     30.000000000000
NODATA_value -9999
[rows 306 to 323 of 426, columns 0 to 39 of 345]
17.964704513549804688 19.473369598388671875 19.473369598388671875 27.695529937744140625 27.695529937744140625 27.695529937744140625 17.799852371215820312 17.683782577514648438 17.683782577514648438 17.683782577514648438 17.683782577514648438 17.815805435180664062 19.77526092529296875 17.683782577514648438 27.695529937744140625 17.683782577514648438 0.21199999749660491943 0.14800000190734863281 0.14800000190734863281 0.14800000190734863281 27.695529937744140625 9.8294343948364257812 9.8294343948364257812 1.9025520086288452148 0.14800000190734863281 0.14800000190734863281 0.14800000190734863281 19.667850494384765625 0.21199999749660491943 2.5399999618530273438 2.5399999618530273438 37.46099853515625 7.0805048942565917969 19.54726409912109375 17.3398895263671875 19.6080322265625 17.3398895263671875 17.3398895263671875 19.6080322265625 19.376771926879882812
19.400585174560546875 19.400585174560546875 19.797306060791015625 17.964704513549804688 27.695529937744140625 27.695529937744140625 27.695529937744140625 27.695529937744140625 17.683782577514648438 17.683782577514648438 19.689960479736328125 17.683782577514648438 27.695529937744140625 17.683782577514648438 27.695529937744140625 18.948938369750976562 0.21199999749660491943 0.14800000190734863281 0.14800000190734863281 0.14800000190734863281 27.695529937744140625 27.695529937744140625 27.695529937744140625 7.76294708251953125 7.7349219322204589844 0.14800000190734863281 0.14800000190734863281 19.861690521240234375 0.21199999749660491943 2.5399999618530273438 2.5399999618530273438 2.5399999618530273438 19.992174148559570312 18.22736358642578125 19.6080322265625 19.6080322265625 17.3398895263671875 19.6080322265625 0.21199999749660491943 27.695529937744140625
19.473369598388671875 19.473369598388671875 19.797306060791015625 27.695529937744140625 27.695529937744140625 17.683782577514648438 17.7860565185546875 19.813381195068359375 18.948938369750976562 19.77526092529296875 18.948938369750976562 17.683782577514648438 27.695529937744140625 27.695529937744140625 27.695529937744140625 19.997005462646484375 0.14800000190734863281 27.695529937744140625 19.797306060791015625 19.52959442138671875 19.52959442138671875 19.543764114379882812 19.376771926879882812 44.39015960693359375 19.667850494384765625 20.023767471313476562 19.723638534545898438 2.5399999618530273438 2.5399999618530273438 2.5399999618530273438 7.7578349113464355469 27.695529937744140625 19.800050735473632812 19.6080322265625 19.861690521240234375 19.800050735473632812 19.6080322265625 19.997005462646484375 20.108736038208007812 19.797306060791015625
20.000223159790039062 19.800050735473632812 19.376771926879882812 19.400585174560546875 19.302778244018554688 18.948938369750976562 18.948938369750976562 19.813381195068359375 19.834402084350585938 19.834402084350585938 18.429706573486328125 27.695529937744140625 27.695529937744140625 0.14800000190734863281 0.14800000190734863281 0.14800000190734863281 0.14800000190734863281 19.376771926879882812 19.376771926879882812 19.997005462646484375 1.9025520086288452148 0.14800000190734863281 1.9025520086288452148 19.63300323486328125 19.861690521240234375 19.667850494384765625 19.892091751098632812 2.5399999618530273438 19.42969512939453125 19.966424942016601562 19.861690521240234375 19.861690521240234375 19.975107192993164062 19.63300323486328125 19.861690521240234375 17.964704513549804688 17.964704513549804688 19.997005462646484375 19.6080322265625 19.6080322265625
20.000223159790039062 20.000223159790039062 19.376771926879882812 19.473369598388671875 19.834402084350585938 18.948938369750976562 18.948938369750976562 18.948938369750976562 19.834402084350585938 18.429706573486328125 17.683782577514648438 0.21199999749660491943 0.21199999749660491943 0.14800000190734863281 19.496578216552734375 19.997005462646484375 19.997005462646484375 20.108736038208007812 19.997005462646484375 19.861690521240234375 1.9025520086288452148 1.9025520086288452148 1.9025520086288452148 1.9025520086288452148 19.861690521240234375 19.667850494384765625 19.42969512939453125 20.05706024169921875 19.966424942016601562 19.861690521240234375 19.861690521240234375 19.861690521240234375 19.861690521240234375 19.800050735473632812 19.794748306274414062 20.023767471313476562 17.964704513549804688 0.21199999749660491943 19.997005462646484375 0.21199999749660491943
18.948938369750976562 18.948938369750976562 18.948938369750976562 19.473369598388671875 19.973470687866210938 20.000223159790039062 20.000223159790039062 19.834402084350585938 19.800050735473632812 19.800050735473632812 0.14800000190734863281 0.14800000190734863281 0.14800000190734863281 0.14800000190734863281 19.496578216552734375 19.997005462646484375 19.914028167724609375 19.473369598388671875 19.997005462646484375 19.42969512939453125 19.861690521240234375 19.800050735473632812 19.936449050903320312 19.936449050903320312 19.861690521240234375 19.861690521240234375 20.05706024169921875 20.05706024169921875 20.05706024169921875 19.861690521240234375 19.861690521240234375 19.800050735473632812 19.800050735473632812 0.14800000190734863281 27.695529937744140625 19.6080322265625 17.964704513549804688 17.964704513549804688 0.21199999749660491943 0.21199999749660491943
19.834402084350585938 18.948938369750976562 19.713287353515625 19.834402084350585938 19.973470687866210938 19.589832305908203125 19.589832305908203125 19.376771926879882812 18.948938369750976562 19.302778244018554688 0.14800000190734863281 0.14800000190734863281 0.14800000190734863281 0.14800000190734863281 19.997005462646484375 19.836507797241210938 19.63300323486328125 19.63300323486328125 19.400585174560546875 19.794748306274414062 19.6080322265625 39.660755157470703125 37.2112274169921875 37.238407135009765625 20.023767471313476562 20.05706024169921875 19.966424942016601562 19.861690521240234375 19.861690521240234375 19.861690521240234375 19.800050735473632812 17.3398895263671875 19.800050735473632812 0.14800000190734863281 19.6080322265625 19.997005462646484375 17.964704513549804688 19.77526092529296875 17.964704513549804688 0.21199999749660491943
18.948938369750976562 20.000223159790039062 20.000223159790039062 19.376771926879882812 19.376771926879882812 17.683782577514648438 18.948938369750976562 0.14800000190734863281 0.14800000190734863281 0.14800000190734863281 1.9025520086288452148 0.14800000190734863281 19.997005462646484375 19.63300323486328125 19.742086410522460938 19.800050735473632812 19.997005462646484375 19.997005462646484375 19.800050735473632812 19.794748306274414062 0.21199999749660491943 44.39015960693359375 7.7813320159912109375 36.5538330078125 19.892091751098632812 20.05706024169921875 19.861690521240234375 19.861690521240234375 37.46099853515625 19.861690521240234375 19.975107192993164062 18.429706573486328125 0.21199999749660491943 19.997005462646484375 19.997005462646484375 19.997005462646484375 17.964704513549804688 17.964704513549804688 0.21199999749660491943 2.5399999618530273438
17.683782577514648438 20.000223159790039062 18.429706573486328125 18.429706573486328125 18.429706573486328125 17.683782577514648438 27.695529937744140625 0.21199999749660491943 27.695529937744140625 18.429706573486328125 1.9025520086288452148 0.21199999749660491943 19.997005462646484375 19.936449050903320312 19.861690521240234375 19.800050735473632812 19.473369598388671875 18.429706573486328125 0.14800000190734863281 19.6080322265625 19.936449050903320312 39.660755157470703125 37.2112274169921875 7.1310291290283203125 5.7693371772766113281 20.05706024169921875 20.023767471313476562 20.023767471313476562 37.238407135009765625 20.023767471313476562 19.800050735473632812 19.376771926879882812 19.376771926879882812 19.997005462646484375 19.800050735473632812 17.964704513549804688 17.964704513549804688 0.21199999749660491943 0.21199999749660491943 2.5399999618530273438
18.948938369750976562 18.948938369750976562 19.376771926879882812 18.429706573486328125 0.14800000190734863281 0.14800000190734863281 0.14800000190734863281 27.695529937744140625 27.695529937744140625 19.834402084350585938 19.800050735473632812 0.14800000190734863281 0.14800000190734863281 1.9025520086288452148 19.892091751098632812 2.5399999618530273438 2.5399999618530273438 2.5399999618530273438 19.6080322265625 19.794748306274414062 19.667850494384765625 38.9029693603515625 38.9029693603515625 5.7693371772766113281 44.59600067138671875 27.695529937744140625 19.42969512939453125 7.9808821678161621094 37.238407135009765625 19.861690521240234375 19.834402084350585938 19.800050735473632812 19.534883499145507812 19.997005462646484375 20.05706024169921875 19.966424942016601562 0.21199999749660491943 0.21199999749660491943 2.5399999618530273438 2.5399999618530273438
19.302778244018554688 19.376771926879882812 19.302778244018554688 19.713287353515625 0.14800000190734863281 19.713287353515625 8.165924072265625 37.46099853515625 19.834402084350585938 19.302778244018554688 0.14800000190734863281 0.085000000894069671631 0.14800000190734863281 0.14800000190734863281 27.695529937744140625 2.5399999618530273438 2.5399999618530273438 2.5399999618530273438 0.21199999749660491943 19.400585174560546875 20.023767471313476562 44.59600067138671875 7.908847808837890625 5.7693371772766113281 2.5399999618530273438 19.730255126953125 8.444499969482421875 7.9808821678161621094 0.085000000894069671631 0.14800000190734863281 0.14800000190734863281 0.14800000190734863281 17.964704513549804688 19.42969512939453125 19.42969512939453125 20.05706024169921875 0.21199999749660491943 0.21199999749660491943 2.5399999618530273438 2.5399999618530273438
17.683782577514648438 0.14800000190734863281 0.14800000190734863281 0.14800000190734863281 33.5834503173828125 37.132305145263671875 19.598585128784179688 8.3167638778686523438 19.936449050903320312 19.63300323486328125 0.14800000190734863281 0.085000000894069671631 0.14800000190734863281 19.997005462646484375 2.5399999618530273438 0.14800000190734863281 2.5399999618530273438 19.376771926879882812 0.21199999749660491943 20.000223159790039062 19.936449050903320312 7.908847808837890625 5.7693371772766113281 37.46099853515625 2.5399999618530273438 19.730255126953125 20.023767471313476562 19.800050735473632812 19.800050735473632812 19.861690521240234375 19.836507797241210938 17.964704513549804688 0.14800000190734863281 19.997005462646484375 19.997005462646484375 17.964704513549804688 0.21199999749660491943 2.5399999618530273438 2.5399999618530273438 2.5399999618530273438
18.429706573486328125 0.21199999749660491943 44.59600067138671875 37.46099853515625 19.302778244018554688 19.794748306274414062 36.36119842529296875 19.598585128784179688 19.598585128784179688 0.21199999749660491943 0.21199999749660491943 20.023767471313476562 19.496578216552734375 19.6080322265625 19.73249053955078125 19.997005462646484375 19.800050735473632812 19.997005462646484375 19.794748306274414062 19.936449050903320312 19.997005462646484375 5.7693371772766113281 27.695529937744140625 2.5399999618530273438 19.473369598388671875 19.861690521240234375 19.861690521240234375 19.800050735473632812 19.973470687866210938 0.14800000190734863281 0.14800000190734863281 0.14800000190734863281 0.14800000190734863281 17.964704513549804688 17.964704513549804688 20.05706024169921875 0.21199999749660491943 2.5399999618530273438 2.5399999618530273438 2.5399999618530273438
0.14800000190734863281 18.429706573486328125 19.794748306274414062 17.683782577514648438 17.683782577514648438 7.6402797698974609375 7.908847808837890625 37.46099853515625 19.598585128784179688 18.429706573486328125 0.21199999749660491943 19.797306060791015625 19.997005462646484375 0.21199999749660491943 19.400585174560546875 19.794748306274414062 19.800050735473632812 19.800050735473632812 19.861690521240234375 19.861690521240234375 20.023767471313476562 8.3167638778686523438 2.5399999618530273438 27.695529937744140625 19.867206573486328125 19.997005462646484375 19.873371124267578125 19.973470687866210938 19.836507797241210938 19.800050735473632812 19.966424942016601562 0.14800000190734863281 0.14800000190734863281 17.964704513549804688 17.964704513549804688 0.21199999749660491943 0.21199999749660491943 2.5399999618530273438 2.5399999618530273438 2.5399999618530273438
18.429706573486328125 18.429706573486328125 18.948938369750976562 19.794748306274414062 19.892091751098632812 19.598585128784179688 19.873371124267578125 19.973470687866210938 19.873371124267578125 0.21199999749660491943 0.21199999749660491943 20.023767471313476562 19.861690521240234375 19.400585174560546875 19.400585174560546875 19.924346923828125 19.63300323486328125 19.63300323486328125 19.800050735473632812 19.861690521240234375 20.023767471313476562 20.023767471313476562 19.794748306274414062 19.332584381103515625 20.023767471313476562 19.598585128784179688 19.973470687866210938 19.836507797241210938 17.964704513549804688 0.085000000894069671631 17.964704513549804688 19.997005462646484375 19.997005462646484375 17.964704513549804688 19.997005462646484375 0.21199999749660491943 2.5399999618530273438 2.5399999618530273438 2.5399999618530273438 2.5399999618530273438
19.400585174560546875 0.21199999749660491943 18.948938369750976562 19.51738739013671875 19.51738739013671875 19.861690521240234375 20.05706024169921875 19.800050735473632812 19.867206573486328125 0.21199999749660491943 0.21199999749660491943 19.892091751098632812 19.51738739013671875 19.400585174560546875 19.400585174560546875 19.997005462646484375 19.794748306274414062 17.964704513549804688 17.964704513549804688 17.964704513549804688 20.023767471313476562 19.667850494384765625 19.861690521240234375 19.730255126953125 20.023767471313476562 19.861690521240234375 19.800050735473632812 19.836507797241210938 19.850954055786132812 19.914028167724609375 19.836507797241210938 17.964704513549804688 20.05706024169921875 17.964704513549804688 0.21199999749660491943 0.21199999749660491943 2.5399999618530273438 2.5399999618530273438 2.5399999618530273438 2.5399999618530273438
19.42969512939453125 19.400585174560546875 19.997005462646484375 19.400585174560546875 19.400585174560546875 19.966424942016601562 19.966424942016601562 20.05706024169921875 0.21199999749660491943 0.21199999749660491943 0.21199999749660491943 0.21199999749660491943 0.21199999749660491943 19.400585174560546875 19.400585174560546875 19.400585174560546875 20.05706024169921875 19.861690521240234375 19.834402084350585938 19.861690521240234375 20.023767471313476562 19.730255126953125 19.51738739013671875 19.51738739013671875 19.861690521240234375 19.861690521240234375 19.861690521240234375 19.861690521240234375 19.914028167724609375 19.997005462646484375 19.473369598388671875 19.997005462646484375 17.964704513549804688 0.14800000190734863281 0.21199999749660491943 2.5399999618530273438 0.21199999749660491943 2.5399999618530273438 2.5399999618530273438 2.5399999618530273438
19.730255126953125 19.997005462646484375 19.797306060791015625 19.42969512939453125 19.730255126953125 20.05706024169921875 19.966424942016601562 19.861690521240234375 19.42969512939453125 0.21199999749660491943 0.14800000190734863281 19.997005462646484375 0.21199999749660491943 0.21199999749660491943 0.21199999749660491943 19.6080322265625 19.6080322265625 19.400585174560546875 19.997005462646484375 19.667850494384765625 17.964704513549804688 19.332584381103515625 20.05706024169921875 19.861690521240234375 19.800050735473632812 17.964704513549804688 19.861690521240234375 19.914028167724609375 19.997005462646484375 0.14800000190734863281 19.400585174560546875 19.689960479736328125 17.964704513549804688 0.14800000190734863281 0.14800000190734863281 0.14800000190734863281 2.5399999618530273438 0.14800000190734863281 2.5399999618530273438 2.5399999618530273438
