Big_Beef/DataInputs30m/o_10_ChemistryPools/1990_Mar2025/N_g_Det_BgStem_1.asc
ncols        345
nrows        426
xllcorner    508536.404131802963
yllcorner    5265678.997906560078
cellsize     30.000000000000
NODATA_value -9999
[rows 378 to 395 of 426, columns 156 to 194 of 345]
1.5170700550079345703 0.73909002542495727539 0.98550301790237426758 0.70806801319122314453 0.70806801319122314453 0.86250597238540649414 0.90740299224853515625 1.5748219490051269531 0.92457598447799682617 3.6265931129455566406 0.71627402305603027344 0.90740299224853515625 0.72345298528671264648 0.72345298528671264648 0.72345298528671264648 0.90740299224853515625 0.90740299224853515625 0.92457598447799682617 0.92457598447799682617 0.90740299224853515625 0.90740299224853515625 1.5748219490051269531 0.98550301790237426758 0.92457598447799682617 0.72345298528671264648 0.71651297807693481445 0.98550301790237426758 1.0311110019683837891 0.98550301790237426758 3.6265931129455566406 0.98550301790237426758 0.98550301790237426758 0.90740299224853515625 0.92457598447799682617 0.92457598447799682617 3.6265931129455566406 0.86250597238540649414 0.72345298528671264648 3.6265931129455566406
1.1460289955139160156 1.5748219490051269531 0.72868901491165161133 0.98550301790237426758 0.70806801319122314453 0.86250597238540649414 1.1154600381851196289 0.92457598447799682617 0.95139199495315551758 3.6265931129455566406 1.2948440313339233398 0.72345298528671264648 0.72345298528671264648 0.98550301790237426758 0.98550301790237426758 0.90740299224853515625 0.98550301790237426758 0.90740299224853515625 0.90740299224853515625 0.90740299224853515625 0.92457598447799682617 0.98550301790237426758 0.98550301790237426758 0.92457598447799682617 0.98550301790237426758 0.98550301790237426758 3.6265931129455566406 0.72345298528671264648 0.72868901491165161133 0.90740299224853515625 0.92457598447799682617 0.98550301790237426758 0.92457598447799682617 0.92457598447799682617 0.72345298528671264648 0.72345298528671264648 0.98550301790237426758 0.72345298528671264648 0.86880797147750854492
0.78434401750564575195 0.73942899703979492188 1.1154600381851196289 0.92457598447799682617 0.95139199495315551758 0.90740299224853515625 0.71887600421905517578 0.92457598447799682617 1.467532038688659668 0.90740299224853515625 1.0311110019683837891 0.90740299224853515625 0.98550301790237426758 0.98550301790237426758 0.92457598447799682617 0.92457598447799682617 0.7532380223274230957 0.92457598447799682617 0.98550301790237426758 0.90740299224853515625 0.98550301790237426758 0.98550301790237426758 0.86250597238540649414 0.92457598447799682617 0.98550301790237426758 0.98550301790237426758 0.98550301790237426758 0.72345298528671264648 3.6265931129455566406 0.92457598447799682617 0.92457598447799682617 0.98550301790237426758 0.92457598447799682617 0.71651297807693481445 0.92457598447799682617 0.92457598447799682617 0.92457598447799682617 0.92457598447799682617 0.72345298528671264648
0.90740299224853515625 1.1154600381851196289 0.98550301790237426758 0.87507402896881103516 0.98550301790237426758 0.87384700775146484375 3.6265931129455566406 0.72868901491165161133 0.72868901491165161133 1.0311110019683837891 1.0311110019683837891 1.0311110019683837891 0.98550301790237426758 0.98550301790237426758 0.98550301790237426758 0.90740299224853515625 0.7532380223274230957 0.92457598447799682617 0.90740299224853515625 0.90740299224853515625 0.98550301790237426758 0.98550301790237426758 0.71887600421905517578 0.98550301790237426758 0.98550301790237426758 0.98550301790237426758 0.72345298528671264648 0.74890702962875366211 0.92457598447799682617 0.92457598447799682617 0.92457598447799682617 0.98550301790237426758 0.92457598447799682617 0.92457598447799682617 0.92457598447799682617 0.92457598447799682617 0.92457598447799682617 0.92457598447799682617 0.72345298528671264648
1.1154600381851196289 1.1154600381851196289 1.1154600381851196289 1.0311110019683837891 1.0311110019683837891 3.6265931129455566406 1.1154600381851196289 0.98550301790237426758 1.1154600381851196289 1.0311110019683837891 1.1154600381851196289 0.98550301790237426758 0.98550301790237426758 0.98550301790237426758 0.98550301790237426758 0.98550301790237426758 0.98550301790237426758 0.98550301790237426758 0.92457598447799682617 0.98550301790237426758 0.98550301790237426758 0.90740299224853515625 0.98550301790237426758 1.5748219490051269531 0.72345298528671264648 0.72345298528671264648 0.7532380223274230957 0.7532380223274230957 0.90740299224853515625 0.7532380223274230957 0.92457598447799682617 0.7532380223274230957 0.92457598447799682617 0.92457598447799682617 0.92457598447799682617 0.92457598447799682617 0.92457598447799682617 0.92457598447799682617 0.90740299224853515625
0.98550301790237426758 0.98550301790237426758 0.98550301790237426758 0.73942899703979492188 0.98550301790237426758 0.98550301790237426758 0.98550301790237426758 1.1154600381851196289 0.7532380223274230957 0.90740299224853515625 0.98550301790237426758 0.98550301790237426758 0.98550301790237426758 0.98550301790237426758 0.98550301790237426758 0.98550301790237426758 0.98550301790237426758 0.98550301790237426758 0.98550301790237426758 0.98550301790237426758 0.98550301790237426758 0.72868901491165161133 0.90740299224853515625 0.90740299224853515625 0.81074100732803344727 0.78434401750564575195 0.90740299224853515625 0.7532380223274230957 0.92457598447799682617 0.7532380223274230957 0.7532380223274230957 0.84657299518585205078 0.7532380223274230957 0.7532380223274230957 0.7532380223274230957 0.72868901491165161133 0.7532380223274230957 0.92457598447799682617 0.72345298528671264648
0.98550301790237426758 0.98550301790237426758 0.73942899703979492188 0.72189098596572875977 0.7532380223274230957 0.98550301790237426758 0.98550301790237426758 0.98550301790237426758 0.98550301790237426758 0.98550301790237426758 0.72868901491165161133 0.72868901491165161133 0.72868901491165161133 0.98550301790237426758 0.84657299518585205078 0.90740299224853515625 0.81074100732803344727 0.86470901966094970703 0.90740299224853515625 0.72345298528671264648 0.81074100732803344727 0.78434401750564575195 0.72868901491165161133 0.90740299224853515625 0.78434401750564575195 0.78434401750564575195 0.81074100732803344727 0.90740299224853515625 0.7532380223274230957 0.7532380223274230957 0.7532380223274230957 0.84657299518585205078 0.70824402570724487305 0.71158999204635620117 1.0401500463485717773 0.72868901491165161133 0.7532380223274230957 0.7532380223274230957 0.87384700775146484375
0.73942899703979492188 0.78434401750564575195 0.73942899703979492188 1.3336269855499267578 0.90740299224853515625 0.90740299224853515625 0.87384700775146484375 0.84657299518585205078 0.98550301790237426758 0.90740299224853515625 0.70824402570724487305 0.72868901491165161133 0.72189098596572875977 0.84657299518585205078 0.7532380223274230957 0.7532380223274230957 2.0532290935516357422 0.74402397871017456055 0.44852200150489807129 1.508999943733215332 1.2680000066757202148 0.87384700775146484375 1.2680000066757202148 0.81074100732803344727 2.0532290935516357422 0.78434401750564575195 0.84657299518585205078 0.84657299518585205078 0.72189098596572875977 0.84657299518585205078 0.84657299518585205078 0.84657299518585205078 0.74890702962875366211 0.7532380223274230957 0.74402397871017456055 1.2680000066757202148 1.2680000066757202148 1.0076260566711425781 0.74402397871017456055
0.73942899703979492188 0.72868901491165161133 0.72868901491165161133 1.0076260566711425781 1.5748219490051269531 0.73410797119140625 0.73410797119140625 0.74402397871017456055 0.96319800615310668945 0.84657299518585205078 0.96319800615310668945 0.87384700775146484375 0.7532380223274230957 0.84657299518585205078 0.7532380223274230957 0.84657299518585205078 1.2680000066757202148 1.508999943733215332 1.508999943733215332 0.87384700775146484375 1.508999943733215332 1.508999943733215332 1.2680000066757202148 2.0532290935516357422 2.0532290935516357422 0.84657299518585205078 1.2680000066757202148 1.2680000066757202148 0.74402397871017456055 1.2680000066757202148 1.2680000066757202148 0.70824402570724487305 0.74402397871017456055 1.2680000066757202148 1.508999943733215332 1.2680000066757202148 0.70759397745132446289 0.70759397745132446289 1.2680000066757202148
0.90740299224853515625 0.90740299224853515625 0.92457598447799682617 2.3162970542907714844 0.72868901491165161133 3.6265931129455566406 1.0076260566711425781 0.87384700775146484375 0.87384700775146484375 0.78434401750564575195 0.96319800615310668945 0.7532380223274230957 0.76633602380752563477 0.92457598447799682617 0.7532380223274230957 0.72189098596572875977 0.71955400705337524414 0.71955400705337524414 0.7532380223274230957 0.7532380223274230957 1.3733530044555664062 0.97776401042938232422 0.96319800615310668945 0.74890702962875366211 0.84657299518585205078 0.72189098596572875977 0.92481201887130737305 0.92481201887130737305 0.92089098691940307617 0.74402397871017456055 0.74402397871017456055 0.70759397745132446289 0.96319800615310668945 0.74402397871017456055 0.92481201887130737305 0.47000300884246826172 0.7532380223274230957 0.7532380223274230957 0.72189098596572875977
0.92457598447799682617 0.72868901491165161133 0.72868901491165161133 2.3162970542907714844 1.1790009737014770508 0.72868901491165161133 0.70806801319122314453 0.71204000711441040039 0.74402397871017456055 0.74402397871017456055 2.3162970542907714844 0.72868901491165161133 0.92457598447799682617 0.84657299518585205078 0.7532380223274230957 0.7532380223274230957 0.7532380223274230957 0.7532380223274230957 0.7532380223274230957 0.7532380223274230957 1.2680000066757202148 1.2680000066757202148 0.70824402570724487305 0.7532380223274230957 0.7532380223274230957 0.74402397871017456055 0.92481201887130737305 0.84657299518585205078 0.71955400705337524414 0.7532380223274230957 0.7532380223274230957 0.7532380223274230957 0.70759397745132446289 0.70759397745132446289 1.508999943733215332 0.71955400705337524414 0.71955400705337524414 0.72189098596572875977 0.71887600421905517578
0.73909002542495727539 0.85931199789047241211 0.85931199789047241211 2.4140000343322753906 1.508999943733215332 1.0311110019683837891 1.2563420534133911133 1.2563420534133911133 0.7532380223274230957 0.72189098596572875977 0.72189098596572875977 0.7532380223274230957 0.92457598447799682617 0.92457598447799682617 0.7532380223274230957 0.7532380223274230957 0.7532380223274230957 0.7532380223274230957 0.7532380223274230957 1.0852149724960327148 1.2680000066757202148 0.47770100831985473633 0.7532380223274230957 0.7532380223274230957 0.72189098596572875977 1.2680000066757202148 0.74890702962875366211 0.92457598447799682617 0.7532380223274230957 0.73410797119140625 0.7532380223274230957 0.96319800615310668945 0.96319800615310668945 0.70759397745132446289 1.0311110019683837891 0.71955400705337524414 0.71955400705337524414 0.71955400705337524414 0.70759397745132446289
0.90740299224853515625 1.508999943733215332 1.508999943733215332 0.86927402019500732422 0.72189098596572875977 0.78434401750564575195 0.7532380223274230957 1.2563420534133911133 0.71955400705337524414 0.71955400705337524414 1.2563420534133911133 0.70806801319122314453 0.7532380223274230957 0.7532380223274230957 0.7532380223274230957 0.7532380223274230957 0.7532380223274230957 0.7532380223274230957 0.71204000711441040039 0.96319800615310668945 0.8545519709587097168 1.2680000066757202148 1.0852149724960327148 1.2563420534133911133 0.7532380223274230957 0.7532380223274230957 0.7532380223274230957 0.96319800615310668945 0.7532380223274230957 0.73410797119140625 0.71955400705337524414 1.1790009737014770508 1.1790009737014770508 1.1790009737014770508 0.71955400705337524414 0.71955400705337524414 0.7597020268440246582 0.70826399326324462891 0.71955400705337524414
0.90740299224853515625 0.71204000711441040039 0.78434401750564575195 0.70826399326324462891 0.7532380223274230957 0.7532380223274230957 0.7532380223274230957 0.89693498611450195312 0.70844799280166625977 0.72868901491165161133 0.92457598447799682617 0.7532380223274230957 0.7532380223274230957 0.70806801319122314453 0.70806801319122314453 0.7532380223274230957 0.73410797119140625 0.73410797119140625 0.73410797119140625 0.73410797119140625 0.75906097888946533203 1.2563420534133911133 0.73410797119140625 0.7532380223274230957 0.73410797119140625 0.7532380223274230957 0.75906097888946533203 0.89693498611450195312 0.92457598447799682617 1.3336269855499267578 0.73410797119140625 0.71204000711441040039 1.1790009737014770508 0.75906097888946533203 1.0594249963760375977 0.75906097888946533203 1.3336269855499267578 0.7532380223274230957 0.7597020268440246582
0.73942899703979492188 1.2563420534133911133 0.72189098596572875977 0.74890702962875366211 0.7532380223274230957 0.71955400705337524414 0.78434401750564575195 0.78434401750564575195 0.78434401750564575195 0.78434401750564575195 0.72868901491165161133 0.7532380223274230957 0.7532380223274230957 1.1790009737014770508 0.96319800615310668945 0.74890702962875366211 0.73410797119140625 0.73410797119140625 0.73410797119140625 0.73410797119140625 0.73410797119140625 0.73410797119140625 0.73410797119140625 0.73410797119140625 0.73410797119140625 0.7532380223274230957 0.84657299518585205078 0.92457598447799682617 0.84657299518585205078 0.889019012451171875 0.70806801319122314453 1.3336269855499267578 0.75906097888946533203 1.3336269855499267578 0.889019012451171875 1.3336269855499267578 1.3336269855499267578 0.77626001834869384766 1.3336269855499267578
0.72345298528671264648 0.70806801319122314453 1.2680000066757202148 0.71955400705337524414 0.7532380223274230957 0.7532380223274230957 0.73942899703979492188 0.87384700775146484375 0.73942899703979492188 1.1790009737014770508 0.78434401750564575195 0.7532380223274230957 0.7532380223274230957 0.7532380223274230957 0.7532380223274230957 0.7532380223274230957 0.7532380223274230957 0.7532380223274230957 0.73410797119140625 0.73410797119140625 0.73410797119140625 0.73410797119140625 1.3336269855499267578 0.73410797119140625 0.73410797119140625 0.76633602380752563477 0.80444699525833129883 0.70806801319122314453 0.70806801319122314453 0.80053997039794921875 0.70806801319122314453 0.70806801319122314453 0.70806801319122314453 0.83937698602676391602 1.3336269855499267578 0.73410797119140625 1.3336269855499267578 0.83937698602676391602 1.3336269855499267578
0.73942899703979492188 1.0852149724960327148 0.89693498611450195312 0.92457598447799682617 0.7532380223274230957 0.7532380223274230957 0.73942899703979492188 0.73942899703979492188 0.7532380223274230957 0.7532380223274230957 0.7532380223274230957 0.7532380223274230957 0.7532380223274230957 0.7532380223274230957 0.7532380223274230957 0.7532380223274230957 0.7532380223274230957 0.73410797119140625 0.73410797119140625 0.70779901742935180664 0.70779901742935180664 0.73410797119140625 0.73410797119140625 1.3336269855499267578 0.73410797119140625 0.80444699525833129883 0.70806801319122314453 0.70806801319122314453 1.3336269855499267578 0.80053997039794921875 1.3336269855499267578 1.3336269855499267578 1.3336269855499267578 0.77626001834869384766 0.83937698602676391602 0.73410797119140625 0.73410797119140625 1.3336269855499267578 0.73410797119140625
0.90740299224853515625 0.74890702962875366211 0.7532380223274230957 0.7532380223274230957 0.7532380223274230957 0.7532380223274230957 0.89693498611450195312 0.7532380223274230957 0.7532380223274230957 0.73410797119140625 0.73410797119140625 0.73410797119140625 0.73410797119140625 0.73410797119140625 0.73410797119140625 0.73410797119140625 0.7532380223274230957 0.7532380223274230957 0.7532380223274230957 0.73410797119140625 0.73410797119140625 0.73410797119140625 0.73410797119140625 0.73410797119140625 0.7532380223274230957 0.70806801319122314453 0.70806801319122314453 0.70806801319122314453 0.70806801319122314453 0.70806801319122314453 0.70806801319122314453 0.83937698602676391602 0.83937698602676391602 0.889019012451171875 0.73410797119140625 0.73410797119140625 1.3336269855499267578 1.3336269855499267578 0.70806801319122314453
