Big_Beef/DataInputs30m/o_10_ChemistryPools/1990_Mar2025/N_g_leaf.asc
ncols        345
nrows        426
xllcorner    508536.404131802963
yllcorner    5265678.997906560078
cellsize     30.000000000000
NODATA_value -9999
[rows 357 to 373 of 426, columns 80 to 119 of 345]
13.075039863586425781 12.245403289794921875 13.223605155944824219 12.863812446594238281 13.223605155944824219 3.1406869888305664062 3.1406869888305664062 3.1404879093170166016 0.0074999998323619365692 0.0074999998323619365692 0.0074999998323619365692 13.0646820068359375 13.18682098388671875 3.1379721164703369141 3.1420819759368896484 3.1419160366058349609 13.0646820068359375 13.1201629638671875 0.059000000357627868652 0.065600000321865081787 0.059000000357627868652 0.040699999779462814331 0.040699999779462814331 0.065600000321865081787 0.059000000357627868652 0.059000000357627868652 12.958966255187988281 0.059000000357627868652 0.059000000357627868652 12.958966255187988281 12.958966255187988281 0.059000000357627868652 0.040699999779462814331 0.040699999779462814331 0.059000000357627868652 0.059000000357627868652 0.059000000357627868652 0.059000000357627868652 13.140948295593261719 12.983408927917480469
13.107895851135253906 12.245403289794921875 13.223605155944824219 12.245403289794921875 13.223605155944824219 13.223605155944824219 3.141796112060546875 3.1409790515899658203 0.0074999998323619365692 0.059000000357627868652 13.14788055419921875 13.255539894104003906 13.1201629638671875 3.1379721164703369141 13.124251365661621094 3.1419160366058349609 13.0646820068359375 13.18682098388671875 0.040699999779462814331 0.059000000357627868652 0.059000000357627868652 0.065600000321865081787 0.065600000321865081787 12.245403289794921875 0.022560000419616699219 0.040699999779462814331 0.040699999779462814331 0.059000000357627868652 0.059000000357627868652 0.059000000357627868652 0.059000000357627868652 0.040699999779462814331 13.155629158020019531 13.140948295593261719 0.040699999779462814331 0.040699999779462814331 12.958966255187988281 0.059000000357627868652 0.059000000357627868652 13.251070976257324219
13.107895851135253906 13.223605155944824219 13.223605155944824219 13.139434814453125 13.139434814453125 13.139434814453125 3.1379740238189697266 0.0074999998323619365692 0.0074999998323619365692 3.1425709724426269531 0.52308499813079833984 13.255539894104003906 13.1201629638671875 13.0646820068359375 13.0646820068359375 13.0646820068359375 13.0646820068359375 13.0646820068359375 13.268462181091308594 13.234332084655761719 13.269468307495117188 13.300702095031738281 13.268462181091308594 13.130984306335449219 0.065600000321865081787 0.040699999779462814331 0.040699999779462814331 0.040699999779462814331 0.059000000357627868652 0.059000000357627868652 0.059000000357627868652 0.059000000357627868652 13.155629158020019531 13.251070976257324219 13.117323875427246094 13.0646820068359375 0.059000000357627868652 0.059000000357627868652 0.040699999779462814331 0.040699999779462814331
12.956625938415527344 12.896680831909179688 12.956625938415527344 13.223605155944824219 3.1418581008911132812 3.1418581008911132812 0.0074999998323619365692 12.896680831909179688 3.1425709724426269531 13.101420402526855469 13.251070976257324219 13.138225555419921875 13.138225555419921875 13.139434814453125 13.0646820068359375 13.14788055419921875 0.059000000357627868652 13.0646820068359375 13.268462181091308594 13.0646820068359375 13.113272666931152344 0.022560000419616699219 13.202550888061523438 0.059000000357627868652 0.0074999998323619365692 3.1399600505828857422 0.040699999779462814331 0.040699999779462814331 0.059000000357627868652 0.059000000357627868652 13.140948295593261719 0.059000000357627868652 0.059000000357627868652 0.059000000357627868652 0.040699999779462814331 0.040699999779462814331 0.040699999779462814331 0.059000000357627868652 0.040699999779462814331 0.040699999779462814331
12.896680831909179688 13.223605155944824219 13.223605155944824219 12.245403289794921875 12.245403289794921875 0.0074999998323619365692 3.1379721164703369141 0.059000000357627868652 0.0074999998323619365692 0.022560000419616699219 13.140948295593261719 13.138225555419921875 12.896680831909179688 13.139434814453125 12.896680831909179688 13.269468307495117188 13.251070976257324219 13.14788055419921875 13.14788055419921875 13.291272163391113281 0.0074999998323619365692 0.065600000321865081787 0.065600000321865081787 0.0074999998323619365692 3.1399600505828857422 3.1399600505828857422 0.040699999779462814331 0.52308499813079833984 0.040699999779462814331 0.059000000357627868652 13.140948295593261719 13.140948295593261719 12.958966255187988281 0.059000000357627868652 0.040699999779462814331 0.040699999779462814331 0.040699999779462814331 0.059000000357627868652 0.022560000419616699219 0.040699999779462814331
13.223605155944824219 13.223605155944824219 13.101746559143066406 13.382002830505371094 3.1404879093170166016 0.0074999998323619365692 0.040699999779462814331 0.022560000419616699219 0.040699999779462814331 0.040699999779462814331 13.251070976257324219 12.956625938415527344 13.130984306335449219 13.139434814453125 13.223605155944824219 13.129431724548339844 13.251070976257324219 13.251070976257324219 12.896680831909179688 13.139434814453125 3.141796112060546875 13.269468307495117188 3.1379721164703369141 13.101420402526855469 3.1404879093170166016 13.251070976257324219 0.059000000357627868652 0.040699999779462814331 13.251070976257324219 0.059000000357627868652 12.896680831909179688 13.251070976257324219 13.140948295593261719 0.52308499813079833984 0.040699999779462814331 13.138225555419921875 0.059000000357627868652 0.059000000357627868652 0.040699999779462814331 0.022560000419616699219
13.139434814453125 13.368889808654785156 3.1406869888305664062 3.1418581008911132812 3.1406130790710449219 13.139434814453125 13.291272163391113281 0.52308499813079833984 12.863812446594238281 13.138225555419921875 0.52308499813079833984 13.139434814453125 13.0646820068359375 13.0646820068359375 13.075039863586425781 12.629191398620605469 13.129431724548339844 13.291579246520996094 13.129431724548339844 13.155629158020019531 0.0074999998323619365692 12.896680831909179688 0.059000000357627868652 13.101420402526855469 0.0074999998323619365692 0.0074999998323619365692 0.52308499813079833984 12.981856346130371094 13.127490043640136719 0.059000000357627868652 0.059000000357627868652 0.040699999779462814331 0.040699999779462814331 0.040699999779462814331 13.138225555419921875 0.040699999779462814331 0.022560000419616699219 0.022560000419616699219 0.022560000419616699219 0.022560000419616699219
13.223605155944824219 12.245403289794921875 12.956625938415527344 13.298814773559570312 12.896680831909179688 12.896680831909179688 12.896680831909179688 12.896680831909179688 13.223605155944824219 12.245403289794921875 12.863812446594238281 12.245403289794921875 13.139434814453125 13.075039863586425781 12.629191398620605469 12.629191398620605469 12.956625938415527344 13.18682098388671875 13.18682098388671875 13.139434814453125 3.1418581008911132812 3.1404531002044677734 13.000093460083007812 3.1379721164703369141 3.1425709724426269531 13.101420402526855469 12.896680831909179688 13.101420402526855469 12.896680831909179688 3.1399600505828857422 0.0074999998323619365692 0.059000000357627868652 13.138225555419921875 13.155629158020019531 0.022560000419616699219 13.148003578186035156 13.260073661804199219 0.022560000419616699219 13.18682098388671875 0.022560000419616699219
13.091757774353027344 12.245403289794921875 13.223605155944824219 12.245403289794921875 13.18682098388671875 13.138225555419921875 12.896680831909179688 13.139434814453125 12.896680831909179688 12.245403289794921875 13.223605155944824219 13.001526832580566406 13.129431724548339844 12.956625938415527344 12.956625938415527344 13.18682098388671875 13.232829093933105469 13.129431724548339844 3.1418581008911132812 3.1404008865356445312 3.1417179107666015625 3.1408689022064208984 0.0074999998323619365692 3.1418581008911132812 3.1379721164703369141 13.291272163391113281 12.896680831909179688 13.269468307495117188 0.059000000357627868652 0.059000000357627868652 0.0074999998323619365692 0.059000000357627868652 0.022560000419616699219 0.022560000419616699219 0.022560000419616699219 13.155629158020019531 13.155629158020019531 13.260073661804199219 13.109430313110351562 0.022560000419616699219
13.140948295593261719 12.245403289794921875 13.223605155944824219 13.138225555419921875 12.896680831909179688 0.52308499813079833984 0.52308499813079833984 13.202550888061523438 13.121301651000976562 13.269468307495117188 13.223605155944824219 13.127490043640136719 13.129431724548339844 13.232829093933105469 12.956625938415527344 13.232829093933105469 13.129431724548339844 13.129431724548339844 3.1418581008911132812 3.1417179107666015625 0.0074999998323619365692 0.065600000321865081787 0.065600000321865081787 0.059000000357627868652 0.022560000419616699219 0.022560000419616699219 12.629191398620605469 12.896680831909179688 0.0074999998323619365692 3.1379740238189697266 0.059000000357627868652 0.022560000419616699219 0.022560000419616699219 0.059000000357627868652 13.130066871643066406 13.18682098388671875 13.291579246520996094 12.863812446594238281 13.260073661804199219 0.022560000419616699219
0.0074999998323619365692 12.896680831909179688 12.629191398620605469 12.896680831909179688 12.896680831909179688 0.52308499813079833984 0.52308499813079833984 12.896680831909179688 12.896680831909179688 12.245403289794921875 12.245403289794921875 12.896680831909179688 13.268462181091308594 13.129431724548339844 13.129431724548339844 13.18682098388671875 13.075039863586425781 3.1379740238189697266 3.141796112060546875 3.1417179107666015625 13.18682098388671875 13.18682098388671875 0.065600000321865081787 0.022560000419616699219 0.059000000357627868652 0.022560000419616699219 12.896680831909179688 12.896680831909179688 3.1405351161956787109 0.0074999998323619365692 0.059000000357627868652 0.022560000419616699219 0.022560000419616699219 0.022560000419616699219 13.109430313110351562 13.291579246520996094 13.291579246520996094 13.18682098388671875 13.18682098388671875 13.109430313110351562
13.139434814453125 0.0074999998323619365692 0.0074999998323619365692 13.382002830505371094 12.896680831909179688 0.52308499813079833984 12.245403289794921875 12.896680831909179688 12.896680831909179688 12.896680831909179688 12.896680831909179688 13.139434814453125 13.223605155944824219 13.139434814453125 13.334338188171386719 13.130984306335449219 13.334338188171386719 3.1404769420623779297 3.1418581008911132812 3.1417179107666015625 13.18682098388671875 0.0074999998323619365692 0.065600000321865081787 13.18682098388671875 0.022560000419616699219 0.022560000419616699219 0.022560000419616699219 0.040699999779462814331 0.0074999998323619365692 0.0074999998323619365692 0.0074999998323619365692 0.059000000357627868652 0.022560000419616699219 0.022560000419616699219 13.109430313110351562 12.863812446594238281 13.18682098388671875 13.260073661804199219 12.863812446594238281 0.022560000419616699219
13.223605155944824219 0.0074999998323619365692 3.1418581008911132812 13.101746559143066406 12.896680831909179688 0.52308499813079833984 13.140948295593261719 12.245403289794921875 12.896680831909179688 13.269468307495117188 12.245403289794921875 13.382002830505371094 13.14788055419921875 12.896680831909179688 13.139434814453125 13.18682098388671875 13.334338188171386719 3.1417179107666015625 3.1418581008911132812 3.1417179107666015625 13.256525993347167969 0.0074999998323619365692 0.0074999998323619365692 13.18682098388671875 13.18682098388671875 13.130984306335449219 0.022560000419616699219 0.022560000419616699219 0.022560000419616699219 3.1419160366058349609 0.0074999998323619365692 0.059000000357627868652 0.022560000419616699219 0.022560000419616699219 13.18682098388671875 13.109430313110351562 13.260073661804199219 13.260073661804199219 13.260073661804199219 0.022560000419616699219
13.223605155944824219 3.1404879093170166016 3.1418581008911132812 12.245403289794921875 12.896680831909179688 12.629191398620605469 12.956625938415527344 12.896680831909179688 12.956625938415527344 13.269468307495117188 12.896680831909179688 12.896680831909179688 12.629191398620605469 13.298814773559570312 13.298814773559570312 12.245403289794921875 13.334338188171386719 13.334338188171386719 3.1418581008911132812 13.155629158020019531 0.0074999998323619365692 0.0074999998323619365692 12.863812446594238281 13.18682098388671875 13.18682098388671875 0.040699999779462814331 13.18682098388671875 0.022560000419616699219 0.059000000357627868652 3.1418581008911132812 0.059000000357627868652 0.059000000357627868652 0.022560000419616699219 13.109430313110351562 13.18682098388671875 13.260073661804199219 13.260073661804199219 13.109430313110351562 13.291579246520996094 13.097612380981445312
13.368889808654785156 13.18682098388671875 3.1405780315399169922 3.1379740238189697266 13.368889808654785156 12.956625938415527344 12.896680831909179688 12.896680831909179688 12.896680831909179688 13.269467353820800781 12.245403289794921875 13.148003578186035156 12.896680831909179688 12.896680831909179688 13.139434814453125 12.245403289794921875 13.334338188171386719 3.1419529914855957031 0.0074999998323619365692 3.1379721164703369141 0.0074999998323619365692 13.18682098388671875 13.139434814453125 13.130984306335449219 13.18682098388671875 13.18682098388671875 0.022560000419616699219 0.022560000419616699219 0.022560000419616699219 0.0074999998323619365692 0.059000000357627868652 0.059000000357627868652 0.022560000419616699219 0.059000000357627868652 13.10625457763671875 13.240571975708007812 13.140948295593261719 0.022560000419616699219 12.863812446594238281 0.022560000419616699219
12.981856346130371094 12.245403289794921875 3.1405780315399169922 3.1405780315399169922 13.298814773559570312 13.066542625427246094 13.129431724548339844 13.269468307495117188 13.107895851135253906 13.127490043640136719 13.139434814453125 13.269468307495117188 12.896680831909179688 12.896680831909179688 0.0074999998323619365692 13.113272666931152344 12.245403289794921875 3.1404359340667724609 3.1419920921325683594 0.0074999998323619365692 0.0074999998323619365692 13.139434814453125 13.0646820068359375 13.0646820068359375 13.0646820068359375 13.0646820068359375 13.0646820068359375 0.0074999998323619365692 0.022560000419616699219 0.0074999998323619365692 0.059000000357627868652 0.040699999779462814331 0.022560000419616699219 0.022560000419616699219 13.10877227783203125 13.097612380981445312 13.201701164245605469 0.022560000419616699219 0.022560000419616699219 0.022560000419616699219
12.245403289794921875 12.245403289794921875 3.1406130790710449219 12.863812446594238281 12.863812446594238281 13.223605155944824219 13.129431724548339844 13.223605155944824219 12.956625938415527344 13.139434814453125 13.035704612731933594 13.139434814453125 12.896680831909179688 12.245403289794921875 13.291272163391113281 12.245403289794921875 3.1406869888305664062 3.1408689022064208984 3.1418581008911132812 0.0074999998323619365692 13.319349288940429688 13.0646820068359375 0.065600000321865081787 13.1201629638671875 13.18682098388671875 13.18682098388671875 13.0646820068359375 0.0074999998323619365692 0.0074999998323619365692 0.0074999998323619365692 3.1418581008911132812 0.059000000357627868652 13.138225555419921875 13.251070976257324219 13.268462181091308594 13.240571975708007812 12.912741661071777344 0.022560000419616699219 0.022560000419616699219 0.022560000419616699219
