Big_Beef/DataInputs30m/o_10_ChemistryPools/1990_Mar2025/N_g_Det_root_3.asc
ncols        345
nrows        426
xllcorner    508536.404131802963
yllcorner    5265678.997906560078
cellsize     30.000000000000
NODATA_value -9999
[rows 204 to 220 of 426, columns 195 to 233 of 345]
0.61216002702713012695 0.65614199638366699219 0.60850900411605834961 0.63170999288558959961 0.65614199638366699219 0.63170999288558959961 0.60850900411605834961 0.60850900411605834961 0.63170999288558959961 0.60850900411605834961 0.61216002702713012695 0.61216002702713012695 0.63252401351928710938 0.65446501970291137695 0.64146798849105834961 0.67120897769927978516 0.63934397697448730469 0.64350098371505737305 3.2297399044036865234 0.64565700292587280273 0.024000000208616256714 0.048999998718500137329 5.145999908447265625 5.7903771400451660156 3.2297399044036865234 5.145999908447265625 5.2766199111938476562 0.081000000238418579102 0.9741700291633605957 0.048999998718500137329 0.64565700292587280273 0.64565700292587280273 0.64146798849105834961 0.64146798849105834961 0.64146798849105834961 3.6143450736999511719 0.65446501970291137695 0.64146798849105834961 0.64350098371505737305
0.65614199638366699219 0.61216002702713012695 0.61856597661972045898 0.61216002702713012695 0.65614199638366699219 0.60850900411605834961 0.64529699087142944336 0.64529699087142944336 0.60850900411605834961 0.63252401351928710938 0.61216002702713012695 0.65446501970291137695 0.65446501970291137695 0.64146798849105834961 0.61248999834060668945 0.64350098371505737305 0.64146798849105834961 0.67120897769927978516 3.5575768947601318359 3.1169130802154541016 0.64694601297378540039 0.64694601297378540039 5.4627637863159179688 3.2297399044036865234 3.9727239608764648438 0.081000000238418579102 0.048999998718500137329 0.6357669830322265625 0.62991499900817871094 0.62991499900817871094 0.64134502410888671875 0.66327798366546630859 0.60850900411605834961 0.64565700292587280273 0.64078998565673828125 0.64350098371505737305 5.145999908447265625 0.61849701404571533203 0.62208902835845947266
0.65614199638366699219 0.65446501970291137695 0.63252401351928710938 0.61216002702713012695 0.61216002702713012695 0.63252401351928710938 0.61216002702713012695 0.61216002702713012695 0.63252401351928710938 0.63252401351928710938 0.63252401351928710938 0.64465898275375366211 0.61216002702713012695 0.64146798849105834961 0.64134502410888671875 0.64146798849105834961 0.64350098371505737305 0.62208902835845947266 5.145999908447265625 5.4627637863159179688 3.6143450736999511719 5.145999908447265625 0.65446501970291137695 0.63896602392196655273 0.081000000238418579102 5.145999908447265625 0.67120897769927978516 5.145999908447265625 0.63289397954940795898 0.64565700292587280273 0.63752698898315429688 0.64146798849105834961 0.66327798366546630859 0.60850900411605834961 0.64146798849105834961 0.64078998565673828125 5.7903771400451660156 5.145999908447265625 5.5183100700378417969
0.62619799375534057617 0.65614199638366699219 0.63252401351928710938 0.64633101224899291992 0.64633101224899291992 0.61216002702713012695 0.61216002702713012695 0.61216002702713012695 0.61216002702713012695 0.63252401351928710938 0.65614199638366699219 0.65614199638366699219 0.65614199638366699219 0.64146798849105834961 0.63896602392196655273 0.66238301992416381836 0.64078998565673828125 0.64565700292587280273 5.145999908447265625 5.145999908447265625 4.3229999542236328125 4.3229999542236328125 4.3229999542236328125 0.65446501970291137695 0.081000000238418579102 4.3229999542236328125 0.61009997129440307617 0.63872802257537841797 0.64146798849105834961 0.64146798849105834961 0.64078998565673828125 0.64146798849105834961 0.63289397954940795898 0.62912297248840332031 0.081000000238418579102 0.64078998565673828125 0.63935899734497070312 0.63872802257537841797 4.3229999542236328125
0.65614199638366699219 0.62619799375534057617 0.64633101224899291992 0.62619799375534057617 0.62619799375534057617 0.66327798366546630859 0.64633101224899291992 0.64465898275375366211 0.64465898275375366211 0.61216002702713012695 0.62619799375534057617 0.65614199638366699219 0.60850900411605834961 0.64694601297378540039 0.66238301992416381836 0.64146798849105834961 0.64565700292587280273 5.3417539596557617188 0.64146798849105834961 0.63896602392196655273 0.65446501970291137695 4.3229999542236328125 0.65446501970291137695 0.64146798849105834961 0.67120897769927978516 5.145999908447265625 0.63872802257537841797 0.64078998565673828125 0.64078998565673828125 0.64350098371505737305 0.64350098371505737305 0.64350098371505737305 0.63731402158737182617 0.63752698898315429688 0.081000000238418579102 0.62912297248840332031 0.64078998565673828125 4.3229999542236328125 5.145999908447265625
0.63289397954940795898 0.62619799375534057617 0.62619799375534057617 0.61849701404571533203 0.62619799375534057617 0.62619799375534057617 0.65614199638366699219 0.64146798849105834961 0.64146798849105834961 0.61216002702713012695 0.62619799375534057617 0.64154297113418579102 0.60850900411605834961 0.64565700292587280273 0.63289397954940795898 0.6689040064811706543 0.61849701404571533203 0.6689040064811706543 5.145999908447265625 5.145999908447265625 4.3229999542236328125 4.3229999542236328125 3.6143450736999511719 0.64078998565673828125 0.64078998565673828125 0.63872802257537841797 0.64146798849105834961 0.64146798849105834961 0.67120897769927978516 0.64078998565673828125 0.62208902835845947266 0.64565700292587280273 0.64366102218627929688 0.048999998718500137329 0.048999998718500137329 0.63108897209167480469 0.6357669830322265625 4.3229999542236328125 0.63934397697448730469
0.61849701404571533203 0.64078998565673828125 0.62619799375534057617 0.61849701404571533203 0.61849701404571533203 0.66238301992416381836 0.65614199638366699219 0.64134502410888671875 0.66238301992416381836 0.63289397954940795898 0.64154297113418579102 0.61216002702713012695 0.64146798849105834961 0.64134502410888671875 0.64146798849105834961 0.63289397954940795898 0.63289397954940795898 0.64146798849105834961 5.6549482345581054688 5.145999908447265625 4.3229999542236328125 1.9276520013809204102 0.048999998718500137329 0.64146798849105834961 5.3672361373901367188 0.65446501970291137695 0.64146798849105834961 0.64146798849105834961 0.67120897769927978516 0.67120897769927978516 0.67120897769927978516 0.081000000238418579102 0.081000000238418579102 0.081000000238418579102 0.048999998718500137329 0.63108897209167480469 0.64350098371505737305 0.67120897769927978516 0.65446501970291137695
0.66081702709197998047 0.64565700292587280273 0.64565700292587280273 0.64565700292587280273 0.65402597188949584961 0.66081702709197998047 0.66081702709197998047 0.64565700292587280273 0.64565700292587280273 0.64565700292587280273 0.64134502410888671875 0.64871799945831298828 0.63289397954940795898 4.3229999542236328125 0.64479202032089233398 0.67120897769927978516 0.65446501970291137695 0.6357669830322265625 8.2340002059936523438 3.2155749797821044922 3.5076088905334472656 0.081000000238418579102 0.61425900459289550781 0.64565700292587280273 0.64350098371505737305 0.64146798849105834961 0.63752698898315429688 0.081000000238418579102 0.6357669830322265625 0.048999998718500137329 0.62912297248840332031 0.60850900411605834961 0.081000000238418579102 0.64078998565673828125 0.64078998565673828125 0.64078998565673828125 0.67120897769927978516 4.3229999542236328125 5.145999908447265625
0.64565700292587280273 0.64565700292587280273 0.64154297113418579102 0.63289397954940795898 0.63289397954940795898 0.64633101224899291992 0.65446501970291137695 0.64134502410888671875 0.64146798849105834961 0.65446501970291137695 0.64134502410888671875 0.64146798849105834961 4.3229999542236328125 4.3229999542236328125 0.64479202032089233398 0.65446501970291137695 0.64565700292587280273 0.6357669830322265625 0.66327798366546630859 3.2895820140838623047 0.48699998855590820312 0.48699998855590820312 0.048999998718500137329 0.048999998718500137329 0.6357669830322265625 0.64146798849105834961 0.64350098371505737305 0.048999998718500137329 0.024000000208616256714 0.048999998718500137329 0.048999998718500137329 0.048999998718500137329 0.081000000238418579102 0.64694601297378540039 0.64350098371505737305 0.64350098371505737305 4.3229999542236328125 4.3229999542236328125 3.5575768947601318359
0.64078998565673828125 0.64146798849105834961 0.61216002702713012695 0.64146798849105834961 0.66081702709197998047 0.64146798849105834961 0.64146798849105834961 0.64146798849105834961 0.64146798849105834961 0.64146798849105834961 0.64146798849105834961 0.64350098371505737305 0.67120897769927978516 5.145999908447265625 5.145999908447265625 5.145999908447265625 5.145999908447265625 0.65446501970291137695 0.64078998565673828125 0.63289397954940795898 0.65198802947998046875 0.65198802947998046875 0.048999998718500137329 0.048999998718500137329 0.081000000238418579102 0.64565700292587280273 0.64078998565673828125 0.048999998718500137329 0.048999998718500137329 0.081000000238418579102 0.081000000238418579102 0.63752698898315429688 0.081000000238418579102 0.62912297248840332031 0.64350098371505737305 0.65614199638366699219 5.145999908447265625 5.145999908447265625 3.6143450736999511719
0.64146798849105834961 0.64479202032089233398 0.64146798849105834961 0.64479202032089233398 0.61216002702713012695 0.66327798366546630859 0.66327798366546630859 0.64146798849105834961 0.61216002702713012695 0.65446501970291137695 4.3229999542236328125 0.63896602392196655273 5.145999908447265625 5.145999908447265625 3.5575768947601318359 3.5920801162719726562 4.3229999542236328125 0.65446501970291137695 0.64350098371505737305 0.60850900411605834961 0.64350098371505737305 0.65446501970291137695 0.63934397697448730469 0.61425900459289550781 0.081000000238418579102 0.64565700292587280273 0.67120897769927978516 0.64078998565673828125 0.60850900411605834961 0.081000000238418579102 0.081000000238418579102 0.64078998565673828125 0.60850900411605834961 0.63752698898315429688 0.67120897769927978516 5.145999908447265625 5.145999908447265625 5.145999908447265625 5.5871038436889648438
4.3909730911254882812 4.3229999542236328125 0.64479202032089233398 0.63289397954940795898 0.61216002702713012695 0.6689040064811706543 0.6689040064811706543 0.63896602392196655273 0.63896602392196655273 0.66327798366546630859 5.4340128898620605469 5.145999908447265625 5.145999908447265625 5.145999908447265625 3.3259429931640625 4.3229999542236328125 0.65446501970291137695 0.64350098371505737305 0.64350098371505737305 0.64350098371505737305 0.64078998565673828125 0.62208902835845947266 3.5575768947601318359 0.63201898336410522461 0.64021199941635131836 0.64146798849105834961 0.63872802257537841797 0.62208902835845947266 0.62208902835845947266 0.081000000238418579102 0.6357669830322265625 0.64694601297378540039 0.64694601297378540039 0.64350098371505737305 0.64350098371505737305 3.2895820140838623047 4.3229999542236328125 4.3229999542236328125 4.3229999542236328125
5.538745880126953125 4.3229999542236328125 4.3229999542236328125 4.3229999542236328125 0.63289397954940795898 0.64078998565673828125 0.63896602392196655273 0.63896602392196655273 0.63896602392196655273 0.63896602392196655273 0.64146798849105834961 3.8759810924530029297 5.145999908447265625 5.538745880126953125 3.5575768947601318359 4.3229999542236328125 4.3909730911254882812 0.64350098371505737305 0.64350098371505737305 0.63934397697448730469 4.3229999542236328125 8.2340002059936523438 4.3229999542236328125 3.4345650672912597656 5.5871038436889648438 0.63108897209167480469 0.64078998565673828125 0.64078998565673828125 0.081000000238418579102 0.081000000238418579102 0.081000000238418579102 2.4158349037170410156 0.62912297248840332031 0.62912297248840332031 5.1914310455322265625 4.3229999542236328125 4.3229999542236328125 0.64350098371505737305 5.145999908447265625
5.145999908447265625 4.3229999542236328125 0.62208902835845947266 0.64350098371505737305 0.64479202032089233398 0.64078998565673828125 0.64078998565673828125 0.63896602392196655273 0.6689040064811706543 0.6689040064811706543 0.64078998565673828125 0.048999998718500137329 4.3229999542236328125 5.145999908447265625 5.145999908447265625 5.145999908447265625 5.145999908447265625 0.67120897769927978516 0.67120897769927978516 5.2703609466552734375 5.2054910659790039062 5.4445481300354003906 4.3229999542236328125 5.7903771400451660156 5.7903771400451660156 0.64149200916290283203 0.67120897769927978516 0.64078998565673828125 0.081000000238418579102 0.070610001683235168457 0.64454102516174316406 11.939000129699707031 4.3229999542236328125 0.67120897769927978516 4.3229999542236328125 5.145999908447265625 4.3229999542236328125 0.67120897769927978516 3.6143450736999511719
5.145999908447265625 5.145999908447265625 0.64350098371505737305 0.64078998565673828125 0.64479202032089233398 0.64078998565673828125 0.64479202032089233398 0.64479202032089233398 0.6689040064811706543 5.4193739891052246094 0.67120897769927978516 0.62208902835845947266 4.3229999542236328125 5.145999908447265625 5.145999908447265625 4.3229999542236328125 4.3229999542236328125 4.3229999542236328125 4.3229999542236328125 5.0530290603637695312 4.3229999542236328125 5.3672361373901367188 5.145999908447265625 0.62912297248840332031 0.081000000238418579102 0.62912297248840332031 0.67120897769927978516 0.67120897769927978516 0.63108897209167480469 0.081000000238418579102 0.63752698898315429688 0.65446501970291137695 0.64694601297378540039 0.67120897769927978516 5.145999908447265625 5.3672361373901367188 5.145999908447265625 4.9669780731201171875 5.4627637863159179688
4.3229999542236328125 4.3229999542236328125 0.64479202032089233398 0.64479202032089233398 0.64134502410888671875 0.67120897769927978516 0.64350098371505737305 0.65446501970291137695 0.64350098371505737305 4.3229999542236328125 5.3672361373901367188 4.3229999542236328125 4.3229999542236328125 0.64350098371505737305 0.64350098371505737305 5.6549482345581054688 5.2703609466552734375 5.2703609466552734375 5.4497728347778320312 5.0530290603637695312 5.145999908447265625 5.538745880126953125 5.4627637863159179688 0.63108897209167480469 0.081000000238418579102 0.63752698898315429688 0.67120897769927978516 0.63752698898315429688 0.081000000238418579102 0.081000000238418579102 0.65402597188949584961 0.64078998565673828125 5.4627637863159179688 0.63896602392196655273 3.5076088905334472656 4.3229999542236328125 0.67120897769927978516 0.67120897769927978516 0.67120897769927978516
5.3937511444091796875 4.3229999542236328125 0.65446501970291137695 0.070610001683235168457 0.63896602392196655273 0.070610001683235168457 0.9741700291633605957 0.65446501970291137695 0.64350098371505737305 5.145999908447265625 4.3229999542236328125 4.3229999542236328125 5.2469639778137207031 0.60850900411605834961 0.65614199638366699219 5.145999908447265625 4.3229999542236328125 5.61090087890625 5.0530290603637695312 5.0530290603637695312 5.0530290603637695312 5.145999908447265625 3.5920801162719726562 5.4193739891052246094 0.64350098371505737305 0.081000000238418579102 0.64350098371505737305 0.67120897769927978516 0.64565700292587280273 0.081000000238418579102 0.63752698898315429688 0.64350098371505737305 5.145999908447265625 5.538745880126953125 0.081000000238418579102 5.145999908447265625 0.63896602392196655273 0.048999998718500137329 0.60850900411605834961
