Big_Beef/DataInputs30m/o_10_ChemistryPools/1990_Mar2025/N_g_Det_BgStem_1.asc
ncols        345
nrows        426
xllcorner    508536.404131802963
yllcorner    5265678.997906560078
cellsize     30.000000000000
NODATA_value -9999
[rows 162 to 179 of 426, columns 39 to 77 of 345]
3.6265931129455566406 0.87384700775146484375 1.1154600381851196289 3.6265931129455566406 3.6265931129455566406 0.87384700775146484375 0.87384700775146484375 1.1154600381851196289 0.87384700775146484375 0.87384700775146484375 1.1154600381851196289 0.87384700775146484375 3.6265931129455566406 0.87384700775146484375 0.87384700775146484375 0.87384700775146484375 3.6265931129455566406 3.6265931129455566406 3.6265931129455566406 1.1154600381851196289 6.74011993408203125 0.85641497373580932617 0.85641497373580932617 6.74011993408203125 6.74011993408203125 3.1356389522552490234 6.74011993408203125 3.6265931129455566406 4.1562089920043945312 6.74011993408203125 0.85641497373580932617 1.899333953857421875 6.74011993408203125 6.74011993408203125 6.74011993408203125 1.8090000152587890625 1.2680000066757202148 0.93176800012588500977 1.2680000066757202148
3.6265931129455566406 0.87384700775146484375 0.74614799022674560547 3.6265931129455566406 0.87384700775146484375 0.87384700775146484375 3.6265931129455566406 0.87384700775146484375 3.6265931129455566406 1.1154600381851196289 3.6265931129455566406 3.6265931129455566406 3.6265931129455566406 3.6265931129455566406 0.87384700775146484375 0.87384700775146484375 0.87384700775146484375 3.6265931129455566406 3.6265931129455566406 3.6265931129455566406 3.6265931129455566406 6.74011993408203125 6.74011993408203125 6.74011993408203125 3.00533294677734375 3.00533294677734375 3.6265931129455566406 3.00533294677734375 3.00533294677734375 6.74011993408203125 6.74011993408203125 3.6265931129455566406 6.74011993408203125 6.74011993408203125 6.74011993408203125 6.74011993408203125 0.43478599190711975098 0.88481098413467407227 1.2680000066757202148
0.74614799022674560547 0.87384700775146484375 0.87384700775146484375 3.6265931129455566406 0.87384700775146484375 0.87384700775146484375 3.6265931129455566406 1.1154600381851196289 1.1154600381851196289 1.1154600381851196289 0.74614799022674560547 1.1154600381851196289 0.87384700775146484375 3.6265931129455566406 3.6265931129455566406 3.6265931129455566406 3.6265931129455566406 3.6265931129455566406 3.6265931129455566406 3.1356389522552490234 6.74011993408203125 6.74011993408203125 6.74011993408203125 6.74011993408203125 3.00533294677734375 3.00533294677734375 3.00533294677734375 3.00533294677734375 3.6265931129455566406 6.74011993408203125 6.74011993408203125 6.74011993408203125 6.74011993408203125 6.74011993408203125 6.74011993408203125 1.8090000152587890625 0.70806801319122314453 0.86680102348327636719 1.2680000066757202148
0.87384700775146484375 0.87384700775146484375 0.87384700775146484375 0.87384700775146484375 0.87384700775146484375 0.87384700775146484375 0.87384700775146484375 1.1154600381851196289 0.87384700775146484375 3.6265931129455566406 1.1154600381851196289 1.1154600381851196289 3.6265931129455566406 3.6265931129455566406 3.6265931129455566406 3.6265931129455566406 3.6265931129455566406 3.6265931129455566406 3.6265931129455566406 0.70936602354049682617 3.6265931129455566406 3.00533294677734375 6.74011993408203125 3.00533294677734375 3.00533294677734375 3.00533294677734375 3.00533294677734375 3.00533294677734375 3.00533294677734375 6.74011993408203125 6.74011993408203125 6.74011993408203125 0.73909002542495727539 3.6265931129455566406 4.3558521270751953125 3.6265931129455566406 0.86680102348327636719 0.88481098413467407227 0.88481098413467407227
0.74614799022674560547 0.87384700775146484375 0.87384700775146484375 0.87384700775146484375 1.1154600381851196289 0.87384700775146484375 1.1154600381851196289 1.1154600381851196289 1.1154600381851196289 3.6265931129455566406 1.1154600381851196289 1.1154600381851196289 1.1154600381851196289 3.6265931129455566406 3.6265931129455566406 3.6265931129455566406 3.6265931129455566406 3.6265931129455566406 3.6265931129455566406 3.6265931129455566406 3.1356389522552490234 3.00533294677734375 3.00533294677734375 3.00533294677734375 3.00533294677734375 3.00533294677734375 3.00533294677734375 3.00533294677734375 3.1356389522552490234 2.6378169059753417969 2.6378169059753417969 6.74011993408203125 4.1562089920043945312 3.00533294677734375 1.5748219490051269531 1.1460289955139160156 1.1460289955139160156 1.2680000066757202148 1.2680000066757202148
0.87384700775146484375 0.87384700775146484375 3.6265931129455566406 0.87384700775146484375 0.87384700775146484375 1.1154600381851196289 3.6265931129455566406 1.1154600381851196289 0.87384700775146484375 0.87384700775146484375 1.1154600381851196289 3.6265931129455566406 3.6265931129455566406 1.1154600381851196289 3.6265931129455566406 3.6265931129455566406 3.6265931129455566406 3.6265931129455566406 3.6265931129455566406 3.1356389522552490234 0.80631297826766967773 1.1154600381851196289 3.00533294677734375 3.00533294677734375 3.00533294677734375 1.0311110019683837891 1.1460289955139160156 3.2917070388793945312 4.3558521270751953125 1.899333953857421875 1.6356699466705322266 6.74011993408203125 4.1562089920043945312 3.00533294677734375 3.1356389522552490234 1.1460289955139160156 1.0987900495529174805 0.7532380223274230957 0.7532380223274230957
0.87384700775146484375 3.6265931129455566406 1.1154600381851196289 1.1154600381851196289 1.1154600381851196289 1.1154600381851196289 0.87384700775146484375 1.1154600381851196289 1.1154600381851196289 1.1154600381851196289 3.6265931129455566406 1.1154600381851196289 3.6265931129455566406 0.74614799022674560547 0.87384700775146484375 0.87384700775146484375 0.87384700775146484375 1.1154600381851196289 3.6265931129455566406 3.2917070388793945312 3.00533294677734375 1.5748219490051269531 3.1356389522552490234 3.2917070388793945312 0.79823899269104003906 1.5748219490051269531 3.1356389522552490234 1.1154600381851196289 4.3558521270751953125 3.7929389476776123047 0.70806801319122314453 0.70806801319122314453 0.70936602354049682617 1.0311110019683837891 3.7929389476776123047 0.90740299224853515625 0.90740299224853515625 1.2680000066757202148 0.70783001184463500977
0.74614799022674560547 0.87384700775146484375 3.6265931129455566406 1.1154600381851196289 0.74614799022674560547 0.74614799022674560547 1.1154600381851196289 1.1154600381851196289 0.74614799022674560547 1.1154600381851196289 1.1154600381851196289 1.1154600381851196289 0.87384700775146484375 1.1154600381851196289 0.87384700775146484375 1.1154600381851196289 1.1154600381851196289 1.1154600381851196289 3.6265931129455566406 3.6265931129455566406 3.6265931129455566406 1.5748219490051269531 1.5748219490051269531 1.5748219490051269531 1.5748219490051269531 0.74614799022674560547 0.87384700775146484375 3.6265931129455566406 3.6265931129455566406 0.70936602354049682617 0.76633602380752563477 0.70936602354049682617 0.78434401750564575195 1.1460289955139160156 0.94268202781677246094 2.3162970542907714844 1.1460289955139160156 0.73942899703979492188 1.1154600381851196289
0.74614799022674560547 0.87384700775146484375 0.74614799022674560547 1.1154600381851196289 0.87384700775146484375 0.87384700775146484375 1.1154600381851196289 1.1154600381851196289 0.87384700775146484375 1.1154600381851196289 1.1154600381851196289 0.87384700775146484375 0.87384700775146484375 1.1154600381851196289 3.6265931129455566406 0.87384700775146484375 0.87384700775146484375 1.1154600381851196289 1.1154600381851196289 0.87384700775146484375 0.87384700775146484375 0.87384700775146484375 0.73942899703979492188 0.73942899703979492188 0.87384700775146484375 0.74614799022674560547 0.74614799022674560547 0.74614799022674560547 3.6265931129455566406 0.76633602380752563477 0.73942899703979492188 2.0532290935516357422 0.78434401750564575195 2.1346089839935302734 1.1460289955139160156 1.1460289955139160156 3.1356389522552490234 0.74842000007629394531 1.1154600381851196289
0.74614799022674560547 0.72739201784133911133 0.87384700775146484375 0.87384700775146484375 0.87384700775146484375 0.87384700775146484375 0.74614799022674560547 1.1154600381851196289 0.87384700775146484375 0.87384700775146484375 0.87384700775146484375 0.74614799022674560547 0.74614799022674560547 0.87384700775146484375 1.1154600381851196289 0.87384700775146484375 0.87384700775146484375 1.1154600381851196289 0.87384700775146484375 0.87384700775146484375 0.73942899703979492188 0.73942899703979492188 0.73942899703979492188 0.73942899703979492188 0.74614799022674560547 0.74614799022674560547 0.74614799022674560547 0.87384700775146484375 3.6265931129455566406 3.6265931129455566406 0.73942899703979492188 0.78434401750564575195 1.5748219490051269531 3.2917070388793945312 3.2917070388793945312 3.2917070388793945312 3.1356389522552490234 1.5748219490051269531 0.86250597238540649414
0.74614799022674560547 0.72739201784133911133 0.72739201784133911133 0.72739201784133911133 0.72739201784133911133 0.87384700775146484375 0.74614799022674560547 0.74614799022674560547 0.87384700775146484375 0.87384700775146484375 0.74614799022674560547 0.74614799022674560547 1.1154600381851196289 1.1154600381851196289 1.1154600381851196289 0.87384700775146484375 0.87384700775146484375 1.1154600381851196289 0.87384700775146484375 1.1154600381851196289 0.74614799022674560547 0.73942899703979492188 0.73942899703979492188 0.73942899703979492188 0.74614799022674560547 0.74614799022674560547 0.74614799022674560547 0.74614799022674560547 0.74614799022674560547 0.73942899703979492188 0.73942899703979492188 0.73942899703979492188 0.78434401750564575195 1.7565599679946899414 0.73909002542495727539 3.1356389522552490234 1.5748219490051269531 1.1154600381851196289 1.1154600381851196289
0.71230202913284301758 0.72739201784133911133 0.72739201784133911133 0.72739201784133911133 0.72739201784133911133 0.87384700775146484375 0.87384700775146484375 0.74614799022674560547 0.74614799022674560547 0.74614799022674560547 0.74614799022674560547 1.1154600381851196289 3.6265931129455566406 1.1154600381851196289 0.87384700775146484375 0.87384700775146484375 0.87384700775146484375 1.1154600381851196289 0.87384700775146484375 0.87384700775146484375 0.74614799022674560547 0.74614799022674560547 3.6265931129455566406 0.74614799022674560547 0.74614799022674560547 0.74614799022674560547 0.87384700775146484375 0.74614799022674560547 0.87384700775146484375 0.73942899703979492188 0.73942899703979492188 0.78434401750564575195 0.78434401750564575195 1.1460289955139160156 1.1460289955139160156 3.1356389522552490234 1.5748219490051269531 3.6265931129455566406 0.87384700775146484375
0.72739201784133911133 0.72739201784133911133 0.72739201784133911133 0.74614799022674560547 0.74614799022674560547 0.87384700775146484375 0.87384700775146484375 0.74614799022674560547 0.87384700775146484375 0.87384700775146484375 0.98550301790237426758 1.1154600381851196289 0.74614799022674560547 0.74614799022674560547 1.1154600381851196289 3.6265931129455566406 1.1154600381851196289 3.6265931129455566406 0.87384700775146484375 0.87384700775146484375 0.73942899703979492188 1.1154600381851196289 3.6265931129455566406 0.74614799022674560547 0.74614799022674560547 0.74614799022674560547 0.74614799022674560547 0.74614799022674560547 0.73942899703979492188 0.73942899703979492188 0.78434401750564575195 0.78434401750564575195 0.90740299224853515625 3.2917070388793945312 1.1460289955139160156 1.1460289955139160156 0.86470901966094970703 0.87384700775146484375 1.1154600381851196289
0.72739201784133911133 0.74614799022674560547 0.74614799022674560547 0.74614799022674560547 0.87384700775146484375 0.87384700775146484375 0.87384700775146484375 0.87384700775146484375 3.6265931129455566406 1.1154600381851196289 1.1154600381851196289 1.1154600381851196289 0.86470901966094970703 0.90740299224853515625 0.74614799022674560547 3.6265931129455566406 1.1154600381851196289 0.87384700775146484375 3.6265931129455566406 0.87384700775146484375 1.1154600381851196289 1.1154600381851196289 0.87384700775146484375 0.87384700775146484375 0.87384700775146484375 0.74614799022674560547 0.87384700775146484375 0.74614799022674560547 0.73942899703979492188 0.78434401750564575195 0.73942899703979492188 0.73942899703979492188 0.73942899703979492188 1.1460289955139160156 1.1460289955139160156 1.1460289955139160156 1.5748219490051269531 0.74614799022674560547 0.87384700775146484375
0.71230202913284301758 0.72739201784133911133 0.71230202913284301758 0.74614799022674560547 0.87384700775146484375 0.72739201784133911133 0.72739201784133911133 0.72739201784133911133 0.87384700775146484375 1.1154600381851196289 1.1154600381851196289 1.1154600381851196289 0.98550301790237426758 0.98550301790237426758 0.98550301790237426758 1.1154600381851196289 1.1154600381851196289 1.1154600381851196289 1.1154600381851196289 0.90740299224853515625 1.1154600381851196289 0.87384700775146484375 0.87384700775146484375 0.76633602380752563477 0.74614799022674560547 0.74614799022674560547 0.98550301790237426758 1.1154600381851196289 0.73942899703979492188 0.78434401750564575195 0.78434401750564575195 0.90740299224853515625 0.78434401750564575195 1.1460289955139160156 1.1460289955139160156 0.90740299224853515625 0.70936602354049682617 0.83031797409057617188 0.87384700775146484375
0.71230202913284301758 0.72739201784133911133 0.72739201784133911133 0.72739201784133911133 0.74614799022674560547 0.72739201784133911133 0.72739201784133911133 0.72739201784133911133 0.87384700775146484375 1.1154600381851196289 1.1154600381851196289 1.1154600381851196289 0.98550301790237426758 0.98550301790237426758 1.1154600381851196289 0.87384700775146484375 1.1154600381851196289 1.1154600381851196289 1.1154600381851196289 0.87384700775146484375 0.87384700775146484375 0.87384700775146484375 1.1154600381851196289 1.1154600381851196289 0.87384700775146484375 1.1154600381851196289 0.98550301790237426758 0.78434401750564575195 0.78434401750564575195 0.78434401750564575195 0.78434401750564575195 0.73942899703979492188 0.78434401750564575195 1.1460289955139160156 1.1460289955139160156 1.1460289955139160156 1.1460289955139160156 0.83031797409057617188 1.1154600381851196289
0.73510801792144775391 0.71230202913284301758 0.71230202913284301758 0.72739201784133911133 0.73510801792144775391 0.72739201784133911133 0.74614799022674560547 0.74614799022674560547 0.87384700775146484375 1.1154600381851196289 1.1154600381851196289 1.1154600381851196289 1.1154600381851196289 1.1154600381851196289 1.1154600381851196289 3.6265931129455566406 0.87384700775146484375 3.6265931129455566406 3.6265931129455566406 0.87384700775146484375 3.6265931129455566406 3.6265931129455566406 0.87384700775146484375 0.87384700775146484375 0.74614799022674560547 1.1154600381851196289 0.73942899703979492188 1.5748219490051269531 0.78434401750564575195 0.78434401750564575195 0.78434401750564575195 0.78434401750564575195 0.73942899703979492188 1.1460289955139160156 0.73942899703979492188 3.00533294677734375 3.00533294677734375 3.00533294677734375 0.721508026123046875
1.2680000066757202148 0.46486398577690124512 0.73510801792144775391 0.90435200929641723633 0.4861730039119720459 0.73510801792144775391 0.74614799022674560547 1.1154600381851196289 1.1154600381851196289 1.1154600381851196289 1.1154600381851196289 0.87384700775146484375 1.1154600381851196289 0.87384700775146484375 0.87384700775146484375 3.6265931129455566406 0.87384700775146484375 3.6265931129455566406 3.6265931129455566406 3.6265931129455566406 0.87384700775146484375 0.87384700775146484375 0.87384700775146484375 1.1154600381851196289 1.1154600381851196289 1.1154600381851196289 0.90740299224853515625 1.5748219490051269531 0.78434401750564575195 0.73942899703979492188 0.73942899703979492188 0.78434401750564575195 0.78434401750564575195 0.90740299224853515625 0.87384700775146484375 1.5748219490051269531 0.71627402305603027344 0.71627402305603027344 0.83031797409057617188
