Big_Beef/DataInputs30m/o_10_ChemistryPools/1990_Mar2025/N_g_Det_root_3.asc
ncols        345
nrows        426
xllcorner    508536.404131802963
yllcorner    5265678.997906560078
cellsize     30.000000000000
NODATA_value -9999
[rows 374 to 390 of 426, columns 156 to 194 of 345]
0.64642000198364257812 0.63934397697448730469 0.63668501377105712891 0.63752698898315429688 0.63896602392196655273 0.62912297248840332031 0.66238301992416381836 0.66238301992416381836 0.66238301992416381836 0.64479202032089233398 0.64078998565673828125 0.63896602392196655273 0.64021199941635131836 0.64021199941635131836 0.64021199941635131836 0.63656002283096313477 0.63656002283096313477 0.63656002283096313477 0.66697102785110473633 0.63896602392196655273 0.64021199941635131836 0.64021199941635131836 0.63656002283096313477 0.63656002283096313477 0.63656002283096313477 0.60850900411605834961 0.64021199941635131836 0.63459897041320800781 0.63656002283096313477 0.63752698898315429688 0.63752698898315429688 0.6374899744987487793 0.6374899744987487793 0.63752698898315429688 0.63108897209167480469 0.6374899744987487793 0.6689040064811706543 0.63752698898315429688 0.62287002801895141602
0.62690198421478271484 0.63934397697448730469 0.63752698898315429688 0.62912297248840332031 0.63896602392196655273 0.64021199941635131836 0.60850900411605834961 0.60850900411605834961 0.64078998565673828125 0.63935899734497070312 0.64479202032089233398 0.63934397697448730469 0.63896602392196655273 0.64078998565673828125 0.64021199941635131836 0.63656002283096313477 0.63896602392196655273 0.63896602392196655273 0.63656002283096313477 0.64021199941635131836 0.64021199941635131836 0.64021199941635131836 0.63656002283096313477 0.63656002283096313477 0.63656002283096313477 0.63656002283096313477 0.6689040064811706543 0.61856597661972045898 0.66697102785110473633 0.63752698898315429688 0.6689040064811706543 0.6374899744987487793 0.6689040064811706543 0.66697102785110473633 0.63656002283096313477 0.6689040064811706543 0.6689040064811706543 0.63752698898315429688 0.63459897041320800781
0.64078998565673828125 0.63752698898315429688 0.64350098371505737305 0.63752698898315429688 0.62912297248840332031 0.66842699050903320312 0.63668501377105712891 0.63668501377105712891 0.63896602392196655273 0.60850900411605834961 0.66238301992416381836 0.60850900411605834961 0.64021199941635131836 0.64021199941635131836 0.6689040064811706543 0.63656002283096313477 0.63896602392196655273 0.63896602392196655273 0.63896602392196655273 0.6689040064811706543 0.63656002283096313477 0.63896602392196655273 0.63656002283096313477 0.63656002283096313477 0.6689040064811706543 0.63752698898315429688 0.63668501377105712891 0.6689040064811706543 0.63252401351928710938 0.65446501970291137695 0.6689040064811706543 0.63459897041320800781 0.6689040064811706543 0.6689040064811706543 0.63656002283096313477 0.66697102785110473633 0.6689040064811706543 0.63656002283096313477 0.63656002283096313477
0.63934397697448730469 0.6192830204963684082 0.63752698898315429688 0.60850900411605834961 0.63656002283096313477 0.66238301992416381836 0.66842699050903320312 0.64078998565673828125 0.66842699050903320312 0.66238301992416381836 0.66238301992416381836 0.66238301992416381836 0.64021199941635131836 0.64021199941635131836 0.64021199941635131836 0.63656002283096313477 0.64078998565673828125 0.63896602392196655273 0.63896602392196655273 0.64078998565673828125 0.64078998565673828125 0.63752698898315429688 0.60850900411605834961 0.6689040064811706543 0.6689040064811706543 0.65446501970291137695 0.66697102785110473633 0.63252401351928710938 0.63252401351928710938 0.61856597661972045898 0.60850900411605834961 0.60850900411605834961 0.63656002283096313477 0.63459897041320800781 0.63896602392196655273 0.63752698898315429688 0.65446501970291137695 0.64529699087142944336 0.64529699087142944336
0.63431698083877563477 0.63934397697448730469 0.6689040064811706543 0.62912297248840332031 0.62912297248840332031 0.63668501377105712891 0.64078998565673828125 0.63752698898315429688 0.63896602392196655273 0.60850900411605834961 0.63108897209167480469 0.64078998565673828125 0.64021199941635131836 0.64021199941635131836 0.64021199941635131836 0.64078998565673828125 0.64078998565673828125 0.63896602392196655273 0.63896602392196655273 0.64078998565673828125 0.64078998565673828125 0.63752698898315429688 0.6689040064811706543 0.63896602392196655273 0.64021199941635131836 0.63656002283096313477 0.6689040064811706543 0.65446501970291137695 0.6689040064811706543 0.60850900411605834961 0.6689040064811706543 0.6689040064811706543 0.64078998565673828125 0.63896602392196655273 0.63896602392196655273 0.60850900411605834961 0.63668501377105712891 0.64021199941635131836 0.60850900411605834961
0.64004802703857421875 0.63752698898315429688 0.64479202032089233398 0.6689040064811706543 0.62912297248840332031 0.63668501377105712891 0.64154297113418579102 0.63896602392196655273 0.66697102785110473633 0.60850900411605834961 0.61009997129440307617 0.64021199941635131836 0.64021199941635131836 0.6689040064811706543 0.6689040064811706543 0.64078998565673828125 0.6689040064811706543 0.64078998565673828125 0.64078998565673828125 0.64078998565673828125 0.63896602392196655273 0.6689040064811706543 0.6689040064811706543 0.63896602392196655273 0.6689040064811706543 0.6689040064811706543 0.60850900411605834961 0.64021199941635131836 0.64479202032089233398 0.64078998565673828125 0.63896602392196655273 0.6689040064811706543 0.63896602392196655273 0.63896602392196655273 0.64021199941635131836 0.64021199941635131836 0.6689040064811706543 0.64021199941635131836 0.63459897041320800781
0.67120897769927978516 0.64350098371505737305 0.64154297113418579102 0.63896602392196655273 0.66697102785110473633 0.64078998565673828125 0.66238301992416381836 0.63896602392196655273 0.63252401351928710938 0.64078998565673828125 0.65446501970291137695 0.64078998565673828125 0.6689040064811706543 0.6689040064811706543 0.63896602392196655273 0.63896602392196655273 0.62208902835845947266 0.63896602392196655273 0.6689040064811706543 0.64078998565673828125 0.6689040064811706543 0.6689040064811706543 0.63668501377105712891 0.63896602392196655273 0.6689040064811706543 0.6689040064811706543 0.6689040064811706543 0.64021199941635131836 0.60850900411605834961 0.63896602392196655273 0.63896602392196655273 0.6689040064811706543 0.63896602392196655273 0.63656002283096313477 0.63896602392196655273 0.63896602392196655273 0.63896602392196655273 0.63896602392196655273 0.64021199941635131836
0.64078998565673828125 0.64154297113418579102 0.6689040064811706543 0.63201898336410522461 0.6689040064811706543 0.65614199638366699219 0.60850900411605834961 0.64479202032089233398 0.64479202032089233398 0.65446501970291137695 0.65446501970291137695 0.65446501970291137695 0.6689040064811706543 0.6689040064811706543 0.6689040064811706543 0.64078998565673828125 0.62208902835845947266 0.63896602392196655273 0.64078998565673828125 0.64078998565673828125 0.6689040064811706543 0.6689040064811706543 0.66238301992416381836 0.6689040064811706543 0.6689040064811706543 0.6689040064811706543 0.64021199941635131836 0.60764002799987792969 0.63896602392196655273 0.63896602392196655273 0.63896602392196655273 0.6689040064811706543 0.63896602392196655273 0.63896602392196655273 0.63896602392196655273 0.63896602392196655273 0.63896602392196655273 0.63896602392196655273 0.64021199941635131836
0.64154297113418579102 0.64154297113418579102 0.64154297113418579102 0.65446501970291137695 0.65446501970291137695 0.60850900411605834961 0.64154297113418579102 0.6689040064811706543 0.64154297113418579102 0.65446501970291137695 0.64154297113418579102 0.6689040064811706543 0.6689040064811706543 0.6689040064811706543 0.6689040064811706543 0.6689040064811706543 0.6689040064811706543 0.6689040064811706543 0.63896602392196655273 0.6689040064811706543 0.6689040064811706543 0.64078998565673828125 0.6689040064811706543 0.63752698898315429688 0.64021199941635131836 0.64021199941635131836 0.62208902835845947266 0.62208902835845947266 0.64078998565673828125 0.62208902835845947266 0.63896602392196655273 0.62208902835845947266 0.63896602392196655273 0.63896602392196655273 0.63896602392196655273 0.63896602392196655273 0.63896602392196655273 0.63896602392196655273 0.64078998565673828125
0.6689040064811706543 0.6689040064811706543 0.6689040064811706543 0.64350098371505737305 0.6689040064811706543 0.6689040064811706543 0.6689040064811706543 0.64154297113418579102 0.62208902835845947266 0.64078998565673828125 0.6689040064811706543 0.6689040064811706543 0.6689040064811706543 0.6689040064811706543 0.6689040064811706543 0.6689040064811706543 0.6689040064811706543 0.6689040064811706543 0.6689040064811706543 0.6689040064811706543 0.6689040064811706543 0.64479202032089233398 0.64078998565673828125 0.64078998565673828125 0.63724797964096069336 0.67120897769927978516 0.64078998565673828125 0.62208902835845947266 0.63896602392196655273 0.62208902835845947266 0.62208902835845947266 0.65402597188949584961 0.62208902835845947266 0.62208902835845947266 0.62208902835845947266 0.64479202032089233398 0.62208902835845947266 0.63896602392196655273 0.64021199941635131836
0.6689040064811706543 0.6689040064811706543 0.64350098371505737305 0.67085999250411987305 0.62208902835845947266 0.6689040064811706543 0.6689040064811706543 0.6689040064811706543 0.6689040064811706543 0.6689040064811706543 0.64479202032089233398 0.64479202032089233398 0.64479202032089233398 0.6689040064811706543 0.65402597188949584961 0.64078998565673828125 0.63724797964096069336 0.63289397954940795898 0.64078998565673828125 0.64021199941635131836 0.63724797964096069336 0.67120897769927978516 0.64479202032089233398 0.64078998565673828125 0.67120897769927978516 0.67120897769927978516 0.63724797964096069336 0.64078998565673828125 0.62208902835845947266 0.62208902835845947266 0.62208902835845947266 0.65402597188949584961 0.66484999656677246094 0.65108799934387207031 5.3817319869995117188 0.64479202032089233398 0.62208902835845947266 0.62208902835845947266 0.65614199638366699219
0.64350098371505737305 0.67120897769927978516 0.64350098371505737305 0.63436400890350341797 0.64078998565673828125 0.64078998565673828125 0.65614199638366699219 0.65402597188949584961 0.6689040064811706543 0.64078998565673828125 0.66484999656677246094 0.64479202032089233398 0.67085999250411987305 0.65402597188949584961 0.62208902835845947266 0.62208902835845947266 0.63170999288558959961 0.64008498191833496094 3.4345650672912597656 5.145999908447265625 4.3229999542236328125 0.65614199638366699219 4.3229999542236328125 0.63724797964096069336 0.63170999288558959961 0.67120897769927978516 0.65402597188949584961 0.65402597188949584961 0.67085999250411987305 0.65402597188949584961 0.65402597188949584961 0.65402597188949584961 0.60764002799987792969 0.62208902835845947266 0.64008498191833496094 4.3229999542236328125 4.3229999542236328125 0.66842699050903320312 0.64008498191833496094
0.64350098371505737305 0.64479202032089233398 0.64479202032089233398 0.66842699050903320312 0.63752698898315429688 0.6380450129508972168 0.6380450129508972168 0.64008498191833496094 0.66081702709197998047 0.65402597188949584961 0.66081702709197998047 0.65614199638366699219 0.62208902835845947266 0.65402597188949584961 0.62208902835845947266 0.65402597188949584961 4.3229999542236328125 5.145999908447265625 5.145999908447265625 0.65614199638366699219 5.145999908447265625 5.145999908447265625 4.3229999542236328125 0.63170999288558959961 0.63170999288558959961 0.65402597188949584961 4.3229999542236328125 4.3229999542236328125 0.64008498191833496094 4.3229999542236328125 4.3229999542236328125 0.66484999656677246094 0.64008498191833496094 4.3229999542236328125 5.145999908447265625 4.3229999542236328125 0.63979500532150268555 0.63979500532150268555 4.3229999542236328125
0.64078998565673828125 0.64078998565673828125 0.63896602392196655273 0.64529699087142944336 0.64479202032089233398 0.60850900411605834961 0.66842699050903320312 0.65614199638366699219 0.65614199638366699219 0.67120897769927978516 0.66081702709197998047 0.62208902835845947266 0.64146798849105834961 0.63896602392196655273 0.62208902835845947266 0.67085999250411987305 0.64156800508499145508 0.64156800508499145508 0.62208902835845947266 0.62208902835845947266 0.62804800271987915039 5.5255179405212402344 0.66081702709197998047 0.60764002799987792969 0.65402597188949584961 0.67085999250411987305 5.4497728347778320312 5.4497728347778320312 5.2469639778137207031 0.64008498191833496094 0.64008498191833496094 0.63979500532150268555 0.66081702709197998047 0.64008498191833496094 5.4497728347778320312 3.7616980075836181641 0.62208902835845947266 0.62208902835845947266 0.67085999250411987305
0.63896602392196655273 0.64479202032089233398 0.64479202032089233398 0.64529699087142944336 0.62991499900817871094 0.64479202032089233398 0.62912297248840332031 0.62757200002670288086 0.64008498191833496094 0.64008498191833496094 0.64529699087142944336 0.64479202032089233398 0.63896602392196655273 0.65402597188949584961 0.62208902835845947266 0.62208902835845947266 0.62208902835845947266 0.62208902835845947266 0.62208902835845947266 0.62208902835845947266 4.3229999542236328125 4.3229999542236328125 0.66484999656677246094 0.62208902835845947266 0.62208902835845947266 0.64008498191833496094 5.4497728347778320312 0.65402597188949584961 0.64156800508499145508 0.62208902835845947266 0.62208902835845947266 0.62208902835845947266 0.63979500532150268555 0.63979500532150268555 5.145999908447265625 0.64156800508499145508 0.64156800508499145508 0.67085999250411987305 0.66238301992416381836
0.63934397697448730469 5.1644258499145507812 5.1644258499145507812 8.2340002059936523438 5.145999908447265625 0.65446501970291137695 0.62694400548934936523 0.62694400548934936523 0.62208902835845947266 0.67085999250411987305 0.67085999250411987305 0.62208902835845947266 0.63896602392196655273 0.63896602392196655273 0.62208902835845947266 0.62208902835845947266 0.62208902835845947266 0.62208902835845947266 0.62208902835845947266 0.63935899734497070312 4.3229999542236328125 3.9090991020202636719 0.62208902835845947266 0.62208902835845947266 0.67085999250411987305 4.3229999542236328125 0.60764002799987792969 0.63896602392196655273 0.62208902835845947266 0.6380450129508972168 0.62208902835845947266 0.66081702709197998047 0.66081702709197998047 0.63979500532150268555 0.65446501970291137695 0.64156800508499145508 0.64156800508499145508 0.64156800508499145508 0.63979500532150268555
0.64078998565673828125 5.145999908447265625 5.145999908447265625 5.1914310455322265625 0.67085999250411987305 0.67120897769927978516 0.62208902835845947266 0.62694400548934936523 0.64156800508499145508 0.64156800508499145508 0.62694400548934936523 0.62912297248840332031 0.62208902835845947266 0.62208902835845947266 0.62208902835845947266 0.62208902835845947266 0.62208902835845947266 0.62208902835845947266 0.62757200002670288086 0.66081702709197998047 5.1266379356384277344 4.3229999542236328125 0.63935899734497070312 0.62694400548934936523 0.62208902835845947266 0.62208902835845947266 0.62208902835845947266 0.66081702709197998047 0.62208902835845947266 0.6380450129508972168 0.64156800508499145508 0.62991499900817871094 0.62991499900817871094 0.62991499900817871094 0.64156800508499145508 0.64156800508499145508 0.63330900669097900391 0.65243697166442871094 0.64156800508499145508
