Big_Beef/DataInputs30m/o_10_ChemistryPools/1990_Mar2025/N_g_Det_root_1.asc
ncols        345
nrows        426
xllcorner    508536.404131802963
yllcorner    5265678.997906560078
cellsize     30.000000000000
NODATA_value -9999
[rows 360 to 377 of 426, columns 200 to 239 of 345]
2.8089959621429443359 2.5740599632263183594 10.671999931335449219 10.671999931335449219 20.327999114990234375 2.7257320880889892578 2.7845160961151123047 2.734188079833984375 2.8329761028289794922 2.7795889377593994141 2.8166460990905761719 2.8329761028289794922 2.7743079662322998047 2.7353549003601074219 2.7716441154479980469 2.8188331127166748047 2.8188331127166748047 2.7589368820190429688 0.37209799885749816895 0.37209799885749816895 0.37209799885749816895 0.37209799885749816895 0.37209799885749816895 0.37209799885749816895 0.37209799885749816895 2.7353549003601074219 2.7589368820190429688 2.8152740001678466797 9.0428228378295898438 10.671999931335449219 10.671999931335449219 2.8188331127166748047 2.7589368820190429688 2.8508350849151611328 2.8508350849151611328 2.7412779331207275391 2.7659349441528320312 2.7353549003601074219 2.8152740001678466797 2.8583600521087646484
2.5769979953765869141 2.8089959621429443359 12.704999923706054688 8.38121795654296875 20.327999114990234375 2.7549080848693847656 2.8329761028289794922 2.7795889377593994141 2.8329761028289794922 2.8329761028289794922 2.7795889377593994141 2.8329761028289794922 2.8583600521087646484 0.37209799885749816895 0.37209799885749816895 2.7353549003601074219 2.7764420509338378906 2.8252770900726318359 0.37209799885749816895 0.37209799885749816895 0.37209799885749816895 0.37209799885749816895 0.37209799885749816895 0.37209799885749816895 8.1611471176147460938 10.671999931335449219 10.671999931335449219 2.7589368820190429688 2.7589368820190429688 10.671999931335449219 10.671999931335449219 2.8188331127166748047 3.2070000171661376953 3.2070000171661376953 2.7351980209350585938 2.7743079662322998047 2.7353549003601074219 2.7353549003601074219 2.8252770900726318359 2.8252770900726318359
4.814395904541015625 2.5769979953765869141 10.671999931335449219 12.704999923706054688 2.7767140865325927734 2.7728459835052490234 2.8329761028289794922 2.7795889377593994141 2.8329761028289794922 2.7795889377593994141 2.8329761028289794922 2.8329761028289794922 2.8583600521087646484 0.37209799885749816895 0.37209799885749816895 2.8376169204711914062 2.7764420509338378906 2.8252770900726318359 2.7353549003601074219 0.37209799885749816895 2.7716441154479980469 2.7589368820190429688 2.7736771106719970703 2.7942099571228027344 7.9269251823425292969 8.913021087646484375 10.671999931335449219 2.7905189990997314453 2.7589368820190429688 2.8171510696411132812 10.671999931335449219 3.2070000171661376953 3.2070000171661376953 2.8389480113983154297 2.7353549003601074219 2.7353549003601074219 2.7353549003601074219 2.7353549003601074219 2.7589368820190429688 2.8188331127166748047
2.5769979953765869141 10.671999931335449219 12.704999923706054688 10.671999931335449219 2.7667849063873291016 2.809513092041015625 2.7766859531402587891 2.8329761028289794922 2.8258988857269287109 2.8329761028289794922 2.8375730514526367188 2.8329761028289794922 2.8329761028289794922 2.8166460990905761719 0.37209799885749816895 0.37209799885749816895 0.37209799885749816895 2.7353549003601074219 2.7934279441833496094 0.37209799885749816895 2.7924709320068359375 2.7736771106719970703 10.671999931335449219 10.671999931335449219 12.704999923706054688 20.327999114990234375 10.671999931335449219 8.64650726318359375 2.7905189990997314453 10.671999931335449219 10.671999931335449219 8.0473890304565429688 2.7671880722045898438 2.7351980209350585938 2.7788910865783691406 2.7788910865783691406 2.7788910865783691406 2.7905189990997314453 2.7589368820190429688 2.8188331127166748047
4.814395904541015625 8.87038421630859375 12.704999923706054688 9.8982105255126953125 2.7667849063873291016 2.8027579784393310547 2.8182370662689208984 2.8329761028289794922 2.8329761028289794922 2.8329761028289794922 2.8329761028289794922 2.7795889377593994141 2.7488958835601806641 0.37209799885749816895 0.37209799885749816895 0.37209799885749816895 0.37209799885749816895 2.7353549003601074219 2.7764420509338378906 2.7353549003601074219 2.8376169204711914062 2.7764420509338378906 2.7736771106719970703 10.671999931335449219 2.7942099571228027344 2.8002250194549560547 2.8089959621429443359 8.1469640731811523438 8.9753847122192382812 12.704999923706054688 8.913021087646484375 12.704999923706054688 10.671999931335449219 2.7351980209350585938 2.8389480113983154297 2.7788910865783691406 2.7788910865783691406 2.7905189990997314453 2.8152740001678466797 0.37209799885749816895
2.5769979953765869141 2.6733980178833007812 2.8166460990905761719 2.8166460990905761719 2.8166460990905761719 2.7766859531402587891 2.7766859531402587891 2.734188079833984375 2.8329761028289794922 2.7766859531402587891 2.7766859531402587891 0.37209799885749816895 2.7743079662322998047 0.37209799885749816895 0.37209799885749816895 0.37209799885749816895 0.37209799885749816895 2.8376169204711914062 2.7353549003601074219 2.7764420509338378906 2.7764420509338378906 2.7764420509338378906 2.7764420509338378906 2.7589368820190429688 2.8583600521087646484 2.7942099571228027344 2.7722020149230957031 2.7353549003601074219 2.8188331127166748047 2.7716441154479980469 2.8171510696411132812 12.704999923706054688 9.574710845947265625 2.7351980209350585938 2.7905189990997314453 2.7353549003601074219 2.7353549003601074219 2.7781829833984375 2.7905189990997314453 0.37209799885749816895
4.814395904541015625 2.5769979953765869141 10.671999931335449219 2.7942099571228027344 2.8074619770050048828 2.7412779331207275391 2.7728459835052490234 0.37209799885749816895 2.7766859531402587891 2.8329761028289794922 0.37209799885749816895 0.37209799885749816895 0.37209799885749816895 0.37209799885749816895 0.37209799885749816895 0.37209799885749816895 0.37209799885749816895 0.37209799885749816895 0.37209799885749816895 2.7764420509338378906 2.8152740001678466797 2.7764420509338378906 2.7764420509338378906 2.8249030113220214844 2.7667849063873291016 2.7795889377593994141 2.7722020149230957031 2.8188331127166748047 2.8188331127166748047 2.8188331127166748047 2.8508350849151611328 2.8166460990905761719 9.402378082275390625 8.3085222244262695312 2.7459828853607177734 2.7924709320068359375 2.8583600521087646484 2.7447030544281005859 2.7430799007415771484 0.37209799885749816895
4.814395904541015625 4.814395904541015625 2.7767140865325927734 2.7667849063873291016 2.7767140865325927734 2.7743079662322998047 2.7488958835601806641 0.37209799885749816895 2.8329761028289794922 2.7509729862213134766 2.8329761028289794922 0.37209799885749816895 0.37209799885749816895 0.37209799885749816895 0.37209799885749816895 0.37209799885749816895 0.37209799885749816895 0.37209799885749816895 0.37209799885749816895 0.37209799885749816895 2.7736771106719970703 2.7736771106719970703 2.7983160018920898438 2.8389480113983154297 2.7924709320068359375 2.7716441154479980469 2.7924709320068359375 2.8129088878631591797 2.7353549003601074219 2.7351980209350585938 2.7351980209350585938 2.8508350849151611328 12.704999923706054688 10.671999931335449219 12.704999923706054688 3.2070000171661376953 3.2070000171661376953 3.2070000171661376953 3.2070000171661376953 2.7905189990997314453
4.814395904541015625 4.814395904541015625 2.7767140865325927734 2.7767140865325927734 2.7412779331207275391 2.7743079662322998047 2.8376169204711914062 0.37209799885749816895 0.37209799885749816895 0.37209799885749816895 2.7509729862213134766 2.8376169204711914062 0.37209799885749816895 0.37209799885749816895 0.37209799885749816895 0.37209799885749816895 0.37209799885749816895 0.37209799885749816895 1.6039999723434448242 0.37209799885749816895 0.37209799885749816895 0.37209799885749816895 2.8152740001678466797 2.8188331127166748047 2.7905189990997314453 2.7671880722045898438 2.7924709320068359375 2.7353549003601074219 2.7353549003601074219 2.7788910865783691406 2.7351980209350585938 2.8508350849151611328 2.8171510696411132812 2.8152740001678466797 3.2070000171661376953 3.2070000171661376953 3.2070000171661376953 3.2070000171661376953 3.2070000171661376953 2.7589368820190429688
2.8025839328765869141 2.8025839328765869141 2.7589368820190429688 2.8025839328765869141 2.7412779331207275391 2.7827899456024169922 2.7827899456024169922 2.7827899456024169922 2.8376169204711914062 0.37209799885749816895 0.37209799885749816895 0.37209799885749816895 0.37209799885749816895 0.37209799885749816895 0.37209799885749816895 1.6039999723434448242 1.6039999723434448242 1.6039999723434448242 1.6039999723434448242 0.37209799885749816895 0.37209799885749816895 0.37209799885749816895 0.37209799885749816895 2.8188331127166748047 2.7795889377593994141 2.7795889377593994141 2.8583600521087646484 2.7905189990997314453 2.5740599632263183594 2.7905189990997314453 2.7351980209350585938 2.8152740001678466797 2.8171510696411132812 2.8171510696411132812 3.2070000171661376953 3.2070000171661376953 3.2070000171661376953 3.2070000171661376953 3.2070000171661376953 3.2070000171661376953
2.7589368820190429688 2.7535879611968994141 2.8013041019439697266 2.8013041019439697266 2.7760710716247558594 2.8025839328765869141 2.7671880722045898438 2.8376169204711914062 2.8376169204711914062 2.8376169204711914062 0.37209799885749816895 0.37209799885749816895 0.37209799885749816895 0.37209799885749816895 0.37209799885749816895 0.37209799885749816895 1.6039999723434448242 1.6039999723434448242 0.37209799885749816895 0.37209799885749816895 0.37209799885749816895 0.37209799885749816895 2.8152740001678466797 2.7942099571228027344 2.8152740001678466797 2.8152740001678466797 2.8152740001678466797 2.7589368820190429688 2.8152740001678466797 2.7764420509338378906 2.7589368820190429688 3.2070000171661376953 2.7905189990997314453 2.7795889377593994141 3.2070000171661376953 3.2070000171661376953 3.2070000171661376953 3.2070000171661376953 3.2070000171661376953 3.2070000171661376953
2.8025839328765869141 2.7865800857543945312 2.8013041019439697266 2.7675690650939941406 2.7983160018920898438 2.7865800857543945312 2.7589368820190429688 2.7589368820190429688 2.7589368820190429688 0.37209799885749816895 0.37209799885749816895 1.6039999723434448242 1.6039999723434448242 1.6039999723434448242 0.37209799885749816895 1.6039999723434448242 1.6039999723434448242 0.37209799885749816895 0.37209799885749816895 0.37209799885749816895 0.37209799885749816895 0.37209799885749816895 2.7736771106719970703 2.7716441154479980469 2.8002250194549560547 2.7764420509338378906 2.7764420509338378906 2.7589368820190429688 2.7942099571228027344 3.2070000171661376953 3.2070000171661376953 3.2070000171661376953 3.2070000171661376953 2.8508350849151611328 2.7788910865783691406 2.677455902099609375 3.2070000171661376953 2.7447030544281005859 8.16371917724609375 7.0783138275146484375
2.7257320880889892578 2.8394839763641357422 2.7865800857543945312 2.7412779331207275391 2.7768740653991699219 2.8376169204711914062 2.8025839328765869141 2.7724161148071289062 2.8025839328765869141 0.37209799885749816895 0.37209799885749816895 1.6039999723434448242 1.6039999723434448242 1.6039999723434448242 0.37209799885749816895 0.37209799885749816895 1.6039999723434448242 1.6039999723434448242 1.6039999723434448242 0.37209799885749816895 0.37209799885749816895 0.37209799885749816895 0.37209799885749816895 0.37209799885749816895 2.7589368820190429688 2.7905189990997314453 2.7802269458770751953 2.7716441154479980469 2.7671880722045898438 3.2070000171661376953 3.2070000171661376953 3.2070000171661376953 3.2070000171661376953 2.7905189990997314453 2.8508350849151611328 2.7802269458770751953 2.7795889377593994141 2.8389480113983154297 2.7722020149230957031 7.9606981277465820312
2.8389480113983154297 2.8389480113983154297 2.8376169204711914062 2.8025839328765869141 2.8025839328765869141 2.7865800857543945312 0.37209799885749816895 0.37209799885749816895 0.37209799885749816895 0.37209799885749816895 0.37209799885749816895 0.37209799885749816895 1.6039999723434448242 1.6039999723434448242 1.6039999723434448242 0.37209799885749816895 0.37209799885749816895 0.37209799885749816895 0.37209799885749816895 0.37209799885749816895 0.37209799885749816895 0.37209799885749816895 0.37209799885749816895 2.8583600521087646484 2.8171510696411132812 2.7905189990997314453 2.8583600521087646484 2.8171510696411132812 2.8171510696411132812 3.2070000171661376953 3.2070000171661376953 3.2070000171661376953 3.2070000171661376953 3.2070000171661376953 2.8508350849151611328 2.8389480113983154297 2.7535879611968994141 2.7353549003601074219 2.7722020149230957031 8.4325733184814453125
2.8389480113983154297 2.8389480113983154297 2.8389480113983154297 2.8025839328765869141 2.7675690650939941406 2.8025839328765869141 2.7675690650939941406 2.7535879611968994141 0.37209799885749816895 0.37209799885749816895 0.37209799885749816895 0.37209799885749816895 0.37209799885749816895 0.37209799885749816895 0.37209799885749816895 0.37209799885749816895 0.37209799885749816895 0.37209799885749816895 0.37209799885749816895 0.37209799885749816895 0.37209799885749816895 0.37209799885749816895 2.7736771106719970703 2.7736771106719970703 12.704999923706054688 10.671999931335449219 7.9443211555480957031 3.2070000171661376953 3.2070000171661376953 3.2070000171661376953 3.2070000171661376953 3.2070000171661376953 3.2070000171661376953 3.2070000171661376953 2.8508350849151611328 2.7353549003601074219 2.7351980209350585938 2.7353549003601074219 2.7353549003601074219 2.7387700080871582031
2.8025839328765869141 8.4499368667602539062 2.8013041019439697266 2.7794079780578613281 2.8121271133422851562 2.7260909080505371094 2.7589368820190429688 2.7675690650939941406 2.8025839328765869141 0.37209799885749816895 0.37209799885749816895 0.37209799885749816895 0.37209799885749816895 0.37209799885749816895 0.37209799885749816895 0.37209799885749816895 0.37209799885749816895 2.7764420509338378906 0.37209799885749816895 0.37209799885749816895 9.446666717529296875 8.3485660552978515625 2.8188331127166748047 10.671999931335449219 10.671999931335449219 9.3047075271606445312 3.2070000171661376953 3.2070000171661376953 3.2070000171661376953 3.2070000171661376953 3.2070000171661376953 3.2070000171661376953 3.2070000171661376953 3.2070000171661376953 2.7353549003601074219 2.7905189990997314453 2.7353549003601074219 2.7353549003601074219 2.8252770900726318359 2.8252770900726318359
2.8025839328765869141 8.4718542098999023438 8.3225641250610351562 2.7794079780578613281 2.7794079780578613281 2.8013041019439697266 2.7794079780578613281 2.7736771106719970703 0.37209799885749816895 0.37209799885749816895 0.37209799885749816895 0.37209799885749816895 0.37209799885749816895 0.37209799885749816895 0.37209799885749816895 0.37209799885749816895 0.37209799885749816895 2.7736771106719970703 2.8152740001678466797 8.0473890304565429688 10.671999931335449219 8.913021087646484375 2.8583600521087646484 10.671999931335449219 7.6863431930541992188 7.0783138275146484375 3.2070000171661376953 3.2070000171661376953 3.2070000171661376953 3.2070000171661376953 3.2070000171661376953 3.2070000171661376953 3.2070000171661376953 3.2070000171661376953 2.7353549003601074219 2.7353549003601074219 2.7353549003601074219 2.7353549003601074219 2.7353549003601074219 2.7353549003601074219
2.8389480113983154297 8.7600202560424804688 8.0802898406982421875 2.7589368820190429688 2.7894270420074462891 2.7747910022735595703 2.8245899677276611328 2.7794079780578613281 0.37209799885749816895 0.37209799885749816895 0.37209799885749816895 0.37209799885749816895 0.37209799885749816895 0.37209799885749816895 0.37209799885749816895 0.37209799885749816895 0.37209799885749816895 0.37209799885749816895 2.7736771106719970703 2.8171510696411132812 2.8171510696411132812 12.704999923706054688 2.8249030113220214844 12.704999923706054688 3.2070000171661376953 3.2070000171661376953 3.2070000171661376953 3.2070000171661376953 3.2070000171661376953 3.2070000171661376953 3.2070000171661376953 3.2070000171661376953 3.2070000171661376953 7.9269251823425292969 8.22583770751953125 2.8252770900726318359 2.7905189990997314453 2.7353549003601074219 2.7743079662322998047 2.7743079662322998047
