Big_Beef/DataInputs30m/o_10_ChemistryPools/1990_Mar2025/N_g_Det_AgStem.asc
ncols        345
nrows        426
xllcorner    508536.404131802963
yllcorner    5265678.997906560078
cellsize     30.000000000000
NODATA_value -9999
[rows 162 to 179 of 426, columns 40 to 79 of 345]
3.4913640022277832031 3.3892669677734375 7.2182569503784179688 7.2182569503784179688 3.4913640022277832031 3.4913640022277832031 3.3892669677734375 3.4913640022277832031 3.4913640022277832031 3.3892669677734375 3.4913640022277832031 7.2182569503784179688 3.4913640022277832031 3.4913640022277832031 3.4913640022277832031 7.2182569503784179688 7.2182569503784179688 7.2182569503784179688 3.3892669677734375 13.319838523864746094 3.5017859935760498047 3.5017859935760498047 13.319838523864746094 13.319838523864746094 6.3021941184997558594 13.319838523864746094 7.2182569503784179688 8.2357196807861328125 13.319838523864746094 3.5017859935760498047 4.2224788665771484375 13.319838523864746094 13.319838523864746094 13.319838523864746094 6.7189998626708984375 6.1539998054504394531 11.173348426818847656 6.1539998054504394531 6.1539998054504394531 4.0178608894348144531
3.4913640022277832031 5.796009063720703125 7.2182569503784179688 3.4913640022277832031 3.4913640022277832031 7.2182569503784179688 3.4913640022277832031 7.2182569503784179688 3.3892669677734375 7.2182569503784179688 7.2182569503784179688 7.2182569503784179688 7.2182569503784179688 3.4913640022277832031 3.4913640022277832031 3.4913640022277832031 7.2182569503784179688 7.2182569503784179688 7.2182569503784179688 7.2182569503784179688 13.319838523864746094 13.319838523864746094 13.319838523864746094 6.0723972320556640625 6.0723972320556640625 7.2182569503784179688 6.0723972320556640625 6.0723972320556640625 13.319838523864746094 13.319838523864746094 7.2182569503784179688 13.319838523864746094 13.319838523864746094 13.319838523864746094 13.319838523864746094 1.8976470232009887695 10.629427909851074219 6.1539998054504394531 2.0322179794311523438 4.0178608894348144531
3.4913640022277832031 3.4913640022277832031 7.2182569503784179688 3.4913640022277832031 3.4913640022277832031 7.2182569503784179688 3.3892669677734375 3.3892669677734375 3.3892669677734375 5.796009063720703125 3.3892669677734375 3.4913640022277832031 7.2182569503784179688 7.2182569503784179688 7.2182569503784179688 7.2182569503784179688 7.2182569503784179688 7.2182569503784179688 6.3021941184997558594 13.319838523864746094 13.319838523864746094 13.319838523864746094 13.319838523864746094 6.0723972320556640625 6.0723972320556640625 6.0723972320556640625 6.0723972320556640625 7.2182569503784179688 13.319838523864746094 13.319838523864746094 13.319838523864746094 13.319838523864746094 13.319838523864746094 13.319838523864746094 6.7189998626708984375 4.5062060356140136719 10.390382766723632812 6.1539998054504394531 2.0322179794311523438 4.0178608894348144531
3.4913640022277832031 3.4913640022277832031 3.4913640022277832031 3.4913640022277832031 3.4913640022277832031 3.4913640022277832031 3.3892669677734375 3.4913640022277832031 7.2182569503784179688 3.3892669677734375 3.3892669677734375 7.2182569503784179688 7.2182569503784179688 7.2182569503784179688 7.2182569503784179688 7.2182569503784179688 7.2182569503784179688 7.2182569503784179688 4.9947772026062011719 7.2182569503784179688 6.0723972320556640625 13.319838523864746094 6.0723972320556640625 6.0723972320556640625 6.0723972320556640625 6.0723972320556640625 6.0723972320556640625 6.0723972320556640625 13.319838523864746094 13.319838523864746094 13.319838523864746094 5.6828999519348144531 7.2182569503784179688 8.6225919723510742188 7.2182569503784179688 10.390382766723632812 10.629427909851074219 10.629427909851074219 4.0178608894348144531 4.4593157768249511719
3.4913640022277832031 3.4913640022277832031 3.4913640022277832031 3.3892669677734375 3.4913640022277832031 3.3892669677734375 3.3892669677734375 3.3892669677734375 7.2182569503784179688 3.3892669677734375 3.3892669677734375 3.3892669677734375 7.2182569503784179688 7.2182569503784179688 7.2182569503784179688 7.2182569503784179688 7.2182569503784179688 7.2182569503784179688 7.2182569503784179688 6.3021941184997558594 6.0723972320556640625 6.0723972320556640625 6.0723972320556640625 6.0723972320556640625 6.0723972320556640625 6.0723972320556640625 6.0723972320556640625 6.3021941184997558594 5.4227890968322753906 5.4227890968322753906 13.319838523864746094 8.2357196807861328125 6.0723972320556640625 3.7861990928649902344 3.398529052734375 3.398529052734375 6.1539998054504394531 6.1539998054504394531 7.1187601089477539062 3.3892669677734375
3.4913640022277832031 7.2182569503784179688 3.4913640022277832031 3.4913640022277832031 3.3892669677734375 7.2182569503784179688 3.3892669677734375 3.4913640022277832031 3.4913640022277832031 3.3892669677734375 7.2182569503784179688 7.2182569503784179688 3.3892669677734375 7.2182569503784179688 7.2182569503784179688 7.2182569503784179688 7.2182569503784179688 7.2182569503784179688 6.3021941184997558594 6.5586209297180175781 3.3892669677734375 6.0723972320556640625 6.0723972320556640625 6.0723972320556640625 3.3770079612731933594 3.398529052734375 6.5947008132934570312 8.6225919723510742188 4.2224788665771484375 3.8670530319213867188 13.319838523864746094 8.2357196807861328125 6.0723972320556640625 6.3021941184997558594 3.398529052734375 12.549223899841308594 3.8760969638824462891 3.8760969638824462891 4.0178608894348144531 7.1187601089477539062
7.2182569503784179688 3.3892669677734375 3.3892669677734375 3.3892669677734375 3.3892669677734375 3.4913640022277832031 3.3892669677734375 3.3892669677734375 3.3892669677734375 7.2182569503784179688 3.3892669677734375 7.2182569503784179688 5.796009063720703125 3.4913640022277832031 3.4913640022277832031 3.4913640022277832031 3.3892669677734375 7.2182569503784179688 6.5947008132934570312 6.0723972320556640625 3.7861990928649902344 6.3021941184997558594 6.5947008132934570312 6.4745469093322753906 3.7861990928649902344 6.3021941184997558594 3.3892669677734375 8.6225919723510742188 7.5341272354125976562 4.5062060356140136719 4.5062060356140136719 4.9947772026062011719 3.3770079612731933594 7.5341272354125976562 3.4433488845825195312 3.4433488845825195312 6.1539998054504394531 4.5545411109924316406 5.796009063720703125 4.0178608894348144531
3.4913640022277832031 7.2182569503784179688 3.3892669677734375 5.796009063720703125 5.796009063720703125 3.3892669677734375 3.3892669677734375 5.796009063720703125 3.3892669677734375 3.3892669677734375 3.3892669677734375 3.4913640022277832031 3.3892669677734375 3.4913640022277832031 3.3892669677734375 3.3892669677734375 3.3892669677734375 7.2182569503784179688 7.2182569503784179688 7.2182569503784179688 3.7861990928649902344 3.7861990928649902344 3.7861990928649902344 3.7861990928649902344 5.796009063720703125 3.4913640022277832031 7.2182569503784179688 7.2182569503784179688 4.9947772026062011719 3.8054449558258056641 4.9947772026062011719 3.7559618949890136719 3.398529052734375 3.4140369892120361328 4.8817682266235351562 3.398529052734375 4.0178608894348144531 3.3892669677734375 3.3892669677734375 4.0178608894348144531
3.4913640022277832031 5.796009063720703125 3.3892669677734375 3.4913640022277832031 3.4913640022277832031 3.3892669677734375 3.3892669677734375 3.4913640022277832031 3.3892669677734375 3.3892669677734375 3.4913640022277832031 3.4913640022277832031 3.3892669677734375 7.2182569503784179688 3.4913640022277832031 3.4913640022277832031 3.3892669677734375 3.3892669677734375 3.4913640022277832031 3.4913640022277832031 3.4913640022277832031 4.0178608894348144531 4.0178608894348144531 3.4913640022277832031 5.796009063720703125 5.796009063720703125 5.796009063720703125 7.2182569503784179688 3.8054449558258056641 4.0178608894348144531 4.4593157768249511719 3.7559618949890136719 4.5799388885498046875 3.398529052734375 3.398529052734375 6.3021941184997558594 3.9245970249176025391 3.3892669677734375 3.3892669677734375 5.796009063720703125
4.1406540870666503906 3.4913640022277832031 3.4913640022277832031 3.4913640022277832031 3.4913640022277832031 5.796009063720703125 3.3892669677734375 3.4913640022277832031 3.4913640022277832031 3.4913640022277832031 5.796009063720703125 5.796009063720703125 3.4913640022277832031 3.3892669677734375 3.4913640022277832031 3.4913640022277832031 3.3892669677734375 3.4913640022277832031 3.4913640022277832031 4.0178608894348144531 4.0178608894348144531 4.0178608894348144531 4.0178608894348144531 5.796009063720703125 5.796009063720703125 5.796009063720703125 3.4913640022277832031 7.2182569503784179688 7.2182569503784179688 4.0178608894348144531 3.7559618949890136719 3.7861990928649902344 6.5947008132934570312 6.5947008132934570312 6.5947008132934570312 6.3021941184997558594 3.7861990928649902344 7.0985188484191894531 3.3892669677734375 3.4913640022277832031
4.1406540870666503906 4.1406540870666503906 4.1406540870666503906 4.1406540870666503906 3.4913640022277832031 5.796009063720703125 5.796009063720703125 3.4913640022277832031 3.4913640022277832031 5.796009063720703125 5.796009063720703125 3.3892669677734375 3.3892669677734375 3.3892669677734375 3.4913640022277832031 3.4913640022277832031 3.3892669677734375 3.4913640022277832031 3.3892669677734375 5.796009063720703125 4.0178608894348144531 4.0178608894348144531 4.0178608894348144531 5.796009063720703125 5.796009063720703125 5.796009063720703125 5.796009063720703125 5.796009063720703125 4.0178608894348144531 4.0178608894348144531 4.0178608894348144531 3.7559618949890136719 4.0222787857055664062 5.6828999519348144531 6.3021941184997558594 3.7861990928649902344 3.3892669677734375 3.3892669677734375 3.4913640022277832031 3.4913640022277832031
4.1406540870666503906 4.1406540870666503906 4.1406540870666503906 4.1406540870666503906 3.4913640022277832031 3.4913640022277832031 5.796009063720703125 5.796009063720703125 5.796009063720703125 5.796009063720703125 3.3892669677734375 7.2182569503784179688 3.3892669677734375 3.4913640022277832031 3.4913640022277832031 3.4913640022277832031 3.3892669677734375 3.4913640022277832031 3.4913640022277832031 5.796009063720703125 5.796009063720703125 7.2182569503784179688 5.796009063720703125 5.796009063720703125 5.796009063720703125 3.4913640022277832031 5.796009063720703125 3.4913640022277832031 4.0178608894348144531 4.0178608894348144531 3.7559618949890136719 3.7559618949890136719 3.398529052734375 3.398529052734375 6.3021941184997558594 3.7861990928649902344 7.2182569503784179688 3.4913640022277832031 3.4913640022277832031 3.4913640022277832031
4.1406540870666503906 4.1406540870666503906 5.796009063720703125 5.796009063720703125 3.4913640022277832031 3.4913640022277832031 5.796009063720703125 3.4913640022277832031 3.4913640022277832031 3.3994491100311279297 3.3892669677734375 5.796009063720703125 5.796009063720703125 3.3892669677734375 7.2182569503784179688 3.3892669677734375 7.2182569503784179688 3.4913640022277832031 3.4913640022277832031 4.0178608894348144531 3.3892669677734375 7.2182569503784179688 5.796009063720703125 5.796009063720703125 5.796009063720703125 5.796009063720703125 5.796009063720703125 4.0178608894348144531 4.0178608894348144531 3.7559618949890136719 3.7559618949890136719 3.4433488845825195312 6.5947008132934570312 3.398529052734375 3.398529052734375 7.1187601089477539062 3.4913640022277832031 3.3892669677734375 3.4913640022277832031 3.4913640022277832031
5.796009063720703125 5.796009063720703125 5.796009063720703125 3.4913640022277832031 3.4913640022277832031 3.4913640022277832031 3.4913640022277832031 7.2182569503784179688 3.3892669677734375 3.3892669677734375 3.3892669677734375 7.1187601089477539062 3.4433488845825195312 5.796009063720703125 7.2182569503784179688 3.3892669677734375 3.4913640022277832031 7.2182569503784179688 3.4913640022277832031 3.3892669677734375 3.3892669677734375 3.4913640022277832031 3.4913640022277832031 3.4913640022277832031 5.796009063720703125 3.4913640022277832031 5.796009063720703125 4.0178608894348144531 3.7559618949890136719 4.0178608894348144531 4.0178608894348144531 4.0178608894348144531 3.398529052734375 3.398529052734375 3.398529052734375 3.7861990928649902344 5.796009063720703125 3.4913640022277832031 3.4913640022277832031 3.4913640022277832031
4.1406540870666503906 4.3744478225708007812 5.796009063720703125 3.4913640022277832031 4.1406540870666503906 4.1406540870666503906 4.1406540870666503906 3.4913640022277832031 3.3892669677734375 3.3892669677734375 3.3892669677734375 3.3994491100311279297 3.3994491100311279297 3.3994491100311279297 3.3892669677734375 3.3892669677734375 3.3892669677734375 3.3892669677734375 3.4433488845825195312 3.3892669677734375 3.4913640022277832031 3.4913640022277832031 3.8054449558258056641 5.796009063720703125 5.796009063720703125 3.3994491100311279297 3.3892669677734375 4.0178608894348144531 3.7559618949890136719 3.7559618949890136719 3.4433488845825195312 3.7559618949890136719 3.398529052734375 3.398529052734375 3.4433488845825195312 4.9947772026062011719 6.8045339584350585938 3.4913640022277832031 3.4913640022277832031 3.4913640022277832031
4.1406540870666503906 4.1406540870666503906 4.1406540870666503906 5.796009063720703125 4.1406540870666503906 4.1406540870666503906 4.1406540870666503906 3.4913640022277832031 3.3892669677734375 3.3892669677734375 3.3892669677734375 3.3994491100311279297 3.3994491100311279297 3.3892669677734375 3.4913640022277832031 3.3892669677734375 3.3892669677734375 3.3892669677734375 3.4913640022277832031 3.4913640022277832031 3.4913640022277832031 3.3892669677734375 3.3892669677734375 3.4913640022277832031 3.3892669677734375 3.3994491100311279297 3.7559618949890136719 3.7559618949890136719 3.7559618949890136719 3.7559618949890136719 4.0178608894348144531 3.7559618949890136719 3.398529052734375 3.398529052734375 3.398529052734375 3.398529052734375 6.8045339584350585938 3.3892669677734375 3.4913640022277832031 3.4913640022277832031
4.3744478225708007812 4.3744478225708007812 4.1406540870666503906 4.0587849617004394531 4.1406540870666503906 5.796009063720703125 5.796009063720703125 3.4913640022277832031 3.3892669677734375 3.3892669677734375 3.3892669677734375 3.3892669677734375 3.3892669677734375 3.3892669677734375 7.2182569503784179688 3.4913640022277832031 7.2182569503784179688 7.2182569503784179688 3.4913640022277832031 7.2182569503784179688 7.2182569503784179688 3.4913640022277832031 3.4913640022277832031 5.796009063720703125 3.3892669677734375 4.0178608894348144531 3.7861990928649902344 3.7559618949890136719 3.7559618949890136719 3.7559618949890136719 3.7559618949890136719 4.0178608894348144531 3.398529052734375 4.0178608894348144531 6.0723972320556640625 6.0723972320556640625 6.0723972320556640625 4.2260999679565429688 3.7861990928649902344 7.2182569503784179688
1.9162919521331787109 4.0587849617004394531 10.693880081176757812 2.0263199806213378906 4.0587849617004394531 5.796009063720703125 3.3892669677734375 3.3892669677734375 3.3892669677734375 3.3892669677734375 3.4913640022277832031 3.3892669677734375 3.4913640022277832031 3.4913640022277832031 7.2182569503784179688 3.4913640022277832031 7.2182569503784179688 7.2182569503784179688 7.2182569503784179688 3.4913640022277832031 3.4913640022277832031 3.4913640022277832031 3.3892669677734375 3.3892669677734375 3.3892669677734375 3.4433488845825195312 3.7861990928649902344 3.7559618949890136719 4.0178608894348144531 4.0178608894348144531 3.7559618949890136719 3.7559618949890136719 3.4433488845825195312 3.4913640022277832031 3.7861990928649902344 4.3046450614929199219 4.3046450614929199219 6.8045339584350585938 3.7861990928649902344 3.4913640022277832031
