Big_Beef/DataInputs30m/o_10_ChemistryPools/1990_Mar2025/N_g_BgStem.asc
ncols        345
nrows        426
xllcorner    508536.404131802963
yllcorner    5265678.997906560078
cellsize     30.000000000000
NODATA_value -9999
[rows 238 to 254 of 426, columns 240 to 279 of 345]
7.6406660079956054688 7.5736632347106933594 3.7331950664520263672 4.0101761817932128906 4.0101761817932128906 4.0101761817932128906 6.5703139305114746094 4.5922360420227050781 4.0660772323608398438 7.3961920738220214844 3.7331950664520263672 6.1724362373352050781 6.1724362373352050781 6.1724362373352050781 6.1724362373352050781 4.9208521842956542969 3.4295659065246582031 4.9208521842956542969 5.1020841598510742188 4.5922360420227050781 6.5703139305114746094 2.8540620803833007812 0.20851600170135498047 6.7563948631286621094 0.20851600170135498047 0.20851600170135498047 3.48758697509765625 0.20851600170135498047 0.20851600170135498047 5.309368133544921875 5.309368133544921875 4.5922360420227050781 4.39006805419921875 1.6116869449615478516 2.6503589153289794922 0.30709999799728393555 0.17339999973773956299 5.4401612281799316406 0.44580000638961791992 1.1079590320587158203
0.20851600170135498047 5.4401612281799316406 3.9043309688568115234 4.0660772323608398438 4.0660772323608398438 5.185375213623046875 6.5703139305114746094 2.8540620803833007812 2.8540620803833007812 7.3961920738220214844 4.5922360420227050781 6.3334760665893554688 5.185375213623046875 6.1724362373352050781 4.0660772323608398438 3.4295659065246582031 3.4295659065246582031 4.9208521842956542969 4.9208521842956542969 4.9208521842956542969 3.2348248958587646484 0.20851600170135498047 0.20851600170135498047 0.20851600170135498047 0.20851600170135498047 6.7563948631286621094 0.20851600170135498047 2.7195661067962646484 5.4401612281799316406 0.20851600170135498047 4.0660772323608398438 0.44580000638961791992 3.4295659065246582031 4.5922360420227050781 1.6116869449615478516 0.30709999799728393555 2.4364860057830810547 0.30709999799728393555 2.9237310886383056641 1.6116869449615478516
1.9205429553985595703 0.20851600170135498047 4.2821850776672363281 0.015058999881148338318 0.015058999881148338318 14.129669189453125 7.08605194091796875 7.3961920738220214844 4.1784977912902832031 3.7331950664520263672 6.3334760665893554688 4.0660772323608398438 4.7818408012390136719 6.1724362373352050781 4.9208521842956542969 3.4295659065246582031 3.4295659065246582031 6.5703139305114746094 4.9208521842956542969 4.9208521842956542969 4.9208521842956542969 6.5703139305114746094 5.185375213623046875 3.4295659065246582031 0.20851600170135498047 4.0660772323608398438 6.1724362373352050781 3.4295659065246582031 9.4785089492797851562 1.3522169589996337891 3.48758697509765625 6.5703139305114746094 1.5234090089797973633 6.5703139305114746094 1.8399590253829956055 0.44580000638961791992 1.6116869449615478516 1.6831409931182861328 1.6831409931182861328 3.48758697509765625
0.49529999494552612305 6.37462615966796875 2.8540620803833007812 1.3522169589996337891 14.830171585083007812 4.0660772323608398438 4.2389569282531738281 6.9736118316650390625 14.560816764831542969 7.4882059097290039062 6.3334760665893554688 4.7818408012390136719 4.7818408012390136719 4.0660772323608398438 4.0660772323608398438 4.9208521842956542969 2.8540620803833007812 6.5703139305114746094 6.3334760665893554688 4.0660772323608398438 3.4295659065246582031 3.48758697509765625 4.0101761817932128906 0.20851600170135498047 0.20851600170135498047 4.0660772323608398438 1.3522169589996337891 6.1724362373352050781 4.7818408012390136719 4.1784977912902832031 2.8540620803833007812 3.48758697509765625 1.6116869449615478516 0.015058999881148338318 0.015058999881148338318 0.015058999881148338318 0.44580000638961791992 1.6831409931182861328 7.5651750564575195312 6.5703139305114746094
0.49529999494552612305 6.37462615966796875 5.1440019607543945312 1.3522169589996337891 3.2954690456390380859 0.015058999881148338318 4.6374039649963378906 7.4506998062133789062 14.865670204162597656 4.0101761817932128906 6.3334760665893554688 7.7176260948181152344 4.7818408012390136719 4.7818408012390136719 4.0660772323608398438 4.9208521842956542969 4.0660772323608398438 4.7818408012390136719 4.7818408012390136719 4.9208521842956542969 14.674320220947265625 3.4295659065246582031 0.20851600170135498047 0.20851600170135498047 3.6099159717559814453 5.2640128135681152344 6.4727320671081542969 6.4727320671081542969 6.4727320671081542969 1.3522169589996337891 1.3522169589996337891 0.44580000638961791992 0.015058999881148338318 0.30709999799728393555 0.015058999881148338318 0.30709999799728393555 0.44580000638961791992 0.30709999799728393555 1.6831409931182861328 1.1079590320587158203
0.49529999494552612305 0.93367999792098999023 2.8540620803833007812 1.3522169589996337891 4.0660772323608398438 0.015058999881148338318 6.7798390388488769531 7.4882059097290039062 15.009496688842773438 7.8420519828796386719 6.3334760665893554688 4.9208521842956542969 4.7818408012390136719 4.7818408012390136719 4.9208521842956542969 4.9208521842956542969 4.5922360420227050781 4.5922360420227050781 4.0660772323608398438 4.1784977912902832031 4.1784977912902832031 6.5703139305114746094 0.20851600170135498047 0.20851600170135498047 2.1522579193115234375 2.3628749847412109375 2.8540620803833007812 5.2640128135681152344 6.4727320671081542969 1.3522169589996337891 0.44580000638961791992 0.30709999799728393555 2.8540620803833007812 0.30709999799728393555 0.015058999881148338318 0.30709999799728393555 1.8399590253829956055 0.30709999799728393555 3.4295659065246582031 1.6831409931182861328
6.37462615966796875 8.2935581207275390625 4.0660772323608398438 1.3522169589996337891 6.1724362373352050781 4.9208521842956542969 0.015058999881148338318 7.3961920738220214844 7.4324178695678710938 7.4324178695678710938 15.31241607666015625 4.9208521842956542969 4.9208521842956542969 4.9208521842956542969 4.0660772323608398438 1.6116869449615478516 4.0660772323608398438 3.6099159717559814453 4.0660772323608398438 3.6099159717559814453 6.1724362373352050781 6.5703139305114746094 3.4295659065246582031 2.3628749847412109375 3.7331950664520263672 2.3628749847412109375 2.3628749847412109375 1.3522169589996337891 0.20851600170135498047 0.30709999799728393555 0.30709999799728393555 0.30709999799728393555 0.30709999799728393555 0.30709999799728393555 0.30709999799728393555 0.30709999799728393555 0.30709999799728393555 4.0101761817932128906 3.4295659065246582031 3.4295659065246582031
5.1020841598510742188 4.0660772323608398438 4.7818408012390136719 5.7975001335144042969 4.0660772323608398438 0.015058999881148338318 0.015058999881148338318 7.3961920738220214844 7.771923065185546875 14.865670204162597656 7.4324178695678710938 15.019489288330078125 6.3334760665893554688 6.3334760665893554688 4.9208521842956542969 4.5922360420227050781 4.7818408012390136719 4.0660772323608398438 6.1724362373352050781 6.1724362373352050781 0.20851600170135498047 3.4295659065246582031 6.1724362373352050781 2.3628749847412109375 2.3628749847412109375 0.20851600170135498047 0.20851600170135498047 0.20851600170135498047 9.4785089492797851562 1.3522169589996337891 0.30709999799728393555 5.9133548736572265625 5.4401612281799316406 4.0660772323608398438 0.30709999799728393555 1.5234090089797973633 5.2296090126037597656 1.6831409931182861328 1.8399590253829956055 3.4295659065246582031
4.1784977912902832031 4.7818408012390136719 4.0660772323608398438 3.4295659065246582031 5.2296090126037597656 4.0660772323608398438 0.015058999881148338318 6.068325042724609375 8.5943851470947265625 14.560816764831542969 15.019489288330078125 4.5922360420227050781 6.3334760665893554688 4.9208521842956542969 4.5922360420227050781 14.987901687622070312 3.9043309688568115234 6.1724362373352050781 4.9208521842956542969 3.6099159717559814453 0.20851600170135498047 0.20851600170135498047 6.4727320671081542969 4.0660772323608398438 4.0660772323608398438 2.3628749847412109375 0.20851600170135498047 0.20851600170135498047 4.0660772323608398438 0.30709999799728393555 0.30709999799728393555 0.30709999799728393555 5.4401612281799316406 0.30709999799728393555 0.20851600170135498047 5.4401612281799316406 1.1079590320587158203 0.17339999973773956299 4.1784977912902832031 1.6116869449615478516
6.3101820945739746094 4.0660772323608398438 2.6503589153289794922 4.5922360420227050781 5.2296090126037597656 4.9208521842956542969 0.015058999881148338318 7.3961920738220214844 6.068325042724609375 14.830171585083007812 7.638195037841796875 7.2750368118286132812 4.0101761817932128906 3.7331950664520263672 4.5922360420227050781 14.815041542053222656 7.9092907905578613281 5.5988101959228515625 6.4727320671081542969 4.0660772323608398438 0.20851600170135498047 4.0660772323608398438 4.0660772323608398438 4.0660772323608398438 4.0660772323608398438 4.0660772323608398438 1.3522169589996337891 2.8540620803833007812 6.3101820945739746094 0.44580000638961791992 1.9205429553985595703 5.4401612281799316406 1.1079590320587158203 2.8540620803833007812 5.2296090126037597656 5.4401612281799316406 1.6831409931182861328 1.6831409931182861328 3.7331950664520263672 3.48758697509765625
15.31241607666015625 7.5736632347106933594 3.9043309688568115234 4.9208521842956542969 5.2296090126037597656 2.6503589153289794922 2.6503589153289794922 3.4295659065246582031 7.3961920738220214844 7.3961920738220214844 7.3961920738220214844 7.638195037841796875 8.5943851470947265625 7.6406660079956054688 4.8750901222229003906 7.3771209716796875 4.7818408012390136719 9.352703094482421875 6.4727320671081542969 4.0660772323608398438 6.1724362373352050781 6.4727320671081542969 6.1724362373352050781 6.4727320671081542969 4.0660772323608398438 4.0660772323608398438 1.3522169589996337891 5.2296090126037597656 1.5234090089797973633 0.44580000638961791992 0.44580000638961791992 5.4401612281799316406 5.4401612281799316406 5.2296090126037597656 5.2296090126037597656 3.7331950664520263672 3.7331950664520263672 3.7331950664520263672 3.48758697509765625 7.1850180625915527344
7.4324178695678710938 4.1784977912902832031 4.1784977912902832031 3.4295659065246582031 3.6099159717559814453 7.8015279769897460938 7.3961920738220214844 6.9156069755554199219 7.4324178695678710938 6.7049851417541503906 6.7049851417541503906 7.3961920738220214844 7.4324178695678710938 7.3771209716796875 7.3771209716796875 7.4324178695678710938 3.7331950664520263672 5.9927320480346679688 1.3522169589996337891 1.3522169589996337891 4.0660772323608398438 6.1724362373352050781 6.1724362373352050781 2.8540620803833007812 4.0660772323608398438 1.3522169589996337891 4.0660772323608398438 0.20851600170135498047 0.20851600170135498047 0.20851600170135498047 0.30709999799728393555 1.1079590320587158203 7.5651750564575195312 5.2296090126037597656 5.2296090126037597656 0.17339999973773956299 3.7331950664520263672 1.6831409931182861328 3.7331950664520263672 8.23587799072265625
6.7049851417541503906 6.5703139305114746094 4.5922360420227050781 4.9208521842956542969 3.6099159717559814453 8.0969371795654296875 7.3961920738220214844 7.3961920738220214844 7.4324178695678710938 7.0600237846374511719 7.52179718017578125 7.4324178695678710938 7.4324178695678710938 7.638195037841796875 8.23587799072265625 4.1784977912902832031 2.3628749847412109375 8.067119598388671875 4.0660772323608398438 3.7331950664520263672 1.1079590320587158203 1.1079590320587158203 8.8755893707275390625 2.8540620803833007812 2.8540620803833007812 5.1020841598510742188 1.6831409931182861328 1.1079590320587158203 0.20851600170135498047 0.30709999799728393555 0.30709999799728393555 0.44580000638961791992 5.9133548736572265625 5.2296090126037597656 1.6831409931182861328 5.2296090126037597656 3.7331950664520263672 3.48758697509765625 6.5703139305114746094 4.0660772323608398438
3.2954690456390380859 6.5703139305114746094 4.5922360420227050781 4.9208521842956542969 7.1098508834838867188 7.6834850311279296875 7.5736632347106933594 8.23587799072265625 7.4324178695678710938 6.7049851417541503906 7.638195037841796875 7.5736632347106933594 7.4506998062133789062 7.4506998062133789062 7.4506998062133789062 4.7818408012390136719 4.0660772323608398438 4.333126068115234375 2.8540620803833007812 1.2676210403442382812 1.2676210403442382812 0.20851600170135498047 3.7331950664520263672 0.20851600170135498047 0.20851600170135498047 0.20851600170135498047 0.20851600170135498047 1.1079590320587158203 0.20851600170135498047 0.30709999799728393555 0.30709999799728393555 5.4401612281799316406 1.1079590320587158203 5.2296090126037597656 3.7331950664520263672 5.9133548736572265625 4.0660772323608398438 5.4777021408081054688 4.0660772323608398438 7.6537899971008300781
14.361621856689453125 8.23587799072265625 7.1617598533630371094 3.7331950664520263672 9.352703094482421875 6.9156069755554199219 8.23587799072265625 8.23587799072265625 8.23587799072265625 6.8845071792602539062 7.638195037841796875 7.5736632347106933594 4.9208521842956542969 4.9208521842956542969 4.5922360420227050781 4.5922360420227050781 6.3334760665893554688 1.3522169589996337891 2.7195661067962646484 1.2676210403442382812 0.20851600170135498047 0.20851600170135498047 0.20851600170135498047 0.20851600170135498047 0.20851600170135498047 0.20851600170135498047 0.20851600170135498047 5.2296090126037597656 1.1079590320587158203 5.2296090126037597656 0.30709999799728393555 5.2296090126037597656 0.30709999799728393555 5.4401612281799316406 3.7331950664520263672 3.4295659065246582031 3.7331950664520263672 4.0660772323608398438 6.5703139305114746094 7.3961920738220214844
5.2640128135681152344 3.2954690456390380859 15.203411102294921875 6.6156511306762695312 6.5703139305114746094 7.4324178695678710938 7.3961920738220214844 7.6834850311279296875 7.4324178695678710938 7.0600237846374511719 7.6834850311279296875 7.638195037841796875 4.9208521842956542969 4.9208521842956542969 4.0660772323608398438 4.5922360420227050781 4.5922360420227050781 9.352703094482421875 1.6116869449615478516 1.3522169589996337891 1.9205429553985595703 0.20851600170135498047 1.2676210403442382812 0.20851600170135498047 0.20851600170135498047 0.20851600170135498047 0.20851600170135498047 0.20851600170135498047 0.20851600170135498047 0.20851600170135498047 0.30709999799728393555 0.30709999799728393555 5.2296090126037597656 5.4401612281799316406 6.5703139305114746094 4.5922360420227050781 4.9208521842956542969 4.0660772323608398438 4.0660772323608398438 7.3961920738220214844
5.2640128135681152344 6.1724362373352050781 6.1724362373352050781 6.8130578994750976562 4.0660772323608398438 7.4324178695678710938 6.9736118316650390625 7.08605194091796875 6.8845071792602539062 6.9736118316650390625 7.08605194091796875 7.6834850311279296875 7.2750368118286132812 4.9208521842956542969 4.9208521842956542969 4.0660772323608398438 6.5703139305114746094 4.5922360420227050781 4.5922360420227050781 1.6116869449615478516 2.509429931640625 0.20851600170135498047 0.20851600170135498047 0.20851600170135498047 0.20851600170135498047 1.9205429553985595703 0.20851600170135498047 5.7975001335144042969 0.20851600170135498047 0.44580000638961791992 0.30709999799728393555 1.1079590320587158203 5.2296090126037597656 5.4401612281799316406 3.7331950664520263672 8.067119598388671875 4.9208521842956542969 4.0660772323608398438 2.3628749847412109375 7.3961920738220214844
