Big_Beef/DataInputs30m/o_10_ChemistryPools/1990_Mar2025/N_g_Det_leaf.asc
ncols        345
nrows        426
xllcorner    508536.404131802963
yllcorner    5265678.997906560078
cellsize     30.000000000000
NODATA_value -9999
[rows 324 to 341 of 426, columns 200 to 239 of 345]
37.46099853515625 19.378820419311523438 19.944520950317382812 19.462938308715820312 19.462938308715820312 19.813381195068359375 19.813381195068359375 19.273450851440429688 19.718759536743164062 19.63637542724609375 19.63637542724609375 19.400585174560546875 19.273450851440429688 19.400585174560546875 19.813381195068359375 19.813381195068359375 19.637750625610351562 18.896699905395507812 19.302778244018554688 27.695529937744140625 27.695529937744140625 27.695529937744140625 27.695529937744140625 19.77526092529296875 19.901643753051757812 27.695529937744140625 27.695529937744140625 27.695529937744140625 27.695529937744140625 19.302778244018554688 19.302778244018554688 19.302778244018554688 20.153425216674804688 18.473749160766601562 19.376771926879882812 19.302778244018554688 19.713287353515625 19.376771926879882812 19.302778244018554688 19.378820419311523438
44.59600067138671875 7.5036911964416503906 19.462938308715820312 19.462938308715820312 19.742086410522460938 19.845140457153320312 19.845140457153320312 19.845140457153320312 19.718759536743164062 19.273450851440429688 19.273450851440429688 19.273450851440429688 19.400585174560546875 19.400585174560546875 19.873371124267578125 19.873371124267578125 19.970399856567382812 19.302778244018554688 19.302778244018554688 19.974061965942382812 19.77526092529296875 27.695529937744140625 27.695529937744140625 27.695529937744140625 27.695529937744140625 17.7860565185546875 17.7860565185546875 27.695529937744140625 19.302778244018554688 20.153425216674804688 19.941095352172851562 19.302778244018554688 19.637750625610351562 17.799852371215820312 18.473749160766601562 19.376771926879882812 19.302778244018554688 20.153425216674804688 17.964704513549804688 17.964704513549804688
71.35399627685546875 37.46099853515625 19.723638534545898438 19.873371124267578125 19.845140457153320312 19.845140457153320312 19.845140457153320312 19.845140457153320312 19.400585174560546875 19.6079864501953125 19.813381195068359375 19.813381195068359375 19.639673233032226562 19.400585174560546875 19.400585174560546875 19.638299942016601562 19.556272506713867188 19.376771926879882812 19.77526092529296875 27.695529937744140625 27.695529937744140625 27.695529937744140625 27.695529937744140625 27.695529937744140625 27.695529937744140625 17.7860565185546875 17.7860565185546875 18.473749160766601562 19.77526092529296875 19.302778244018554688 17.7860565185546875 19.77526092529296875 19.77526092529296875 18.429706573486328125 18.948938369750976562 27.695529937744140625 19.376771926879882812 19.302778244018554688 19.615461349487304688 1.9025520086288452148
19.915014266967773438 19.834402084350585938 19.302778244018554688 19.772705078125 19.845140457153320312 19.867206573486328125 19.63300323486328125 19.462938308715820312 19.813381195068359375 19.845140457153320312 19.813381195068359375 19.813381195068359375 19.639673233032226562 19.845140457153320312 19.639673233032226562 19.845140457153320312 19.637750625610351562 19.302778244018554688 27.695529937744140625 27.695529937744140625 27.695529937744140625 27.695529937744140625 27.695529937744140625 27.695529937744140625 27.695529937744140625 19.637750625610351562 19.637750625610351562 19.376771926879882812 27.695529937744140625 19.77526092529296875 27.695529937744140625 19.77526092529296875 27.695529937744140625 17.7860565185546875 19.77526092529296875 17.7860565185546875 17.7860565185546875 27.695529937744140625 27.695529937744140625 1.9025520086288452148
19.915014266967773438 19.915014266967773438 19.302778244018554688 17.964704513549804688 19.845140457153320312 19.867206573486328125 19.63637542724609375 19.6079864501953125 19.6080322265625 19.6079864501953125 19.6079864501953125 19.845140457153320312 19.845140457153320312 19.6079864501953125 19.845140457153320312 19.376771926879882812 17.7860565185546875 17.7860565185546875 17.7860565185546875 27.695529937744140625 27.695529937744140625 27.695529937744140625 27.695529937744140625 17.7860565185546875 17.7860565185546875 27.695529937744140625 19.637750625610351562 27.695529937744140625 27.695529937744140625 18.473749160766601562 27.695529937744140625 27.695529937744140625 27.695529937744140625 27.695529937744140625 19.376771926879882812 19.637750625610351562 27.695529937744140625 27.695529937744140625 27.695529937744140625 1.9025520086288452148
19.742086410522460938 19.598745346069335938 19.845140457153320312 19.462938308715820312 19.63300323486328125 19.867206573486328125 19.6079864501953125 19.6079864501953125 19.6079864501953125 19.6079864501953125 19.6079864501953125 19.797306060791015625 19.6079864501953125 19.4969482421875 19.800050735473632812 19.624637603759765625 19.302778244018554688 18.948938369750976562 19.496578216552734375 27.695529937744140625 19.496578216552734375 27.695529937744140625 19.637750625610351562 17.7860565185546875 19.637750625610351562 27.695529937744140625 27.695529937744140625 27.695529937744140625 27.695529937744140625 27.695529937744140625 27.695529937744140625 27.695529937744140625 27.695529937744140625 19.376771926879882812 27.695529937744140625 27.695529937744140625 27.695529937744140625 27.695529937744140625 1.9025520086288452148 1.9025520086288452148
19.730255126953125 19.6079864501953125 19.6079864501953125 19.462938308715820312 19.462938308715820312 19.63300323486328125 19.6079864501953125 19.845140457153320312 19.378820419311523438 19.845140457153320312 19.772705078125 19.473369598388671875 19.696466445922851562 19.4969482421875 19.730255126953125 19.845140457153320312 19.302778244018554688 19.376771926879882812 18.948938369750976562 19.496578216552734375 27.695529937744140625 19.496578216552734375 19.496578216552734375 17.7860565185546875 27.695529937744140625 18.473749160766601562 19.421236038208007812 27.695529937744140625 27.695529937744140625 27.695529937744140625 17.7860565185546875 27.695529937744140625 27.695529937744140625 27.695529937744140625 27.695529937744140625 27.695529937744140625 27.695529937744140625 1.9025520086288452148 1.9025520086288452148 1.9025520086288452148
19.771768569946289062 19.730255126953125 19.6079864501953125 19.462938308715820312 19.800050735473632812 19.6079864501953125 19.6079864501953125 19.598745346069335938 19.845140457153320312 19.462938308715820312 19.4969482421875 19.51738739013671875 19.624637603759765625 19.51738739013671875 19.6079864501953125 19.624637603759765625 19.376771926879882812 19.302778244018554688 19.302778244018554688 17.7860565185546875 19.659364700317382812 19.659364700317382812 27.695529937744140625 27.695529937744140625 27.695529937744140625 18.473749160766601562 27.695529937744140625 27.695529937744140625 27.695529937744140625 27.695529937744140625 27.695529937744140625 27.695529937744140625 27.695529937744140625 27.695529937744140625 27.695529937744140625 27.695529937744140625 19.797306060791015625 1.9025520086288452148 1.9025520086288452148 1.9025520086288452148
19.73249053955078125 19.73249053955078125 19.845140457153320312 19.772705078125 19.772705078125 19.6079864501953125 19.637750625610351562 19.637750625610351562 19.302778244018554688 19.376771926879882812 19.845140457153320312 19.850954055786132812 19.850954055786132812 19.730255126953125 19.730255126953125 19.624637603759765625 19.845140457153320312 19.556272506713867188 19.302778244018554688 19.496578216552734375 17.7860565185546875 27.695529937744140625 19.496578216552734375 27.695529937744140625 27.695529937744140625 27.695529937744140625 27.695529937744140625 27.695529937744140625 27.695529937744140625 19.376771926879882812 27.695529937744140625 27.695529937744140625 19.421236038208007812 27.695529937744140625 19.589832305908203125 19.473369598388671875 1.9025520086288452148 1.9025520086288452148 1.9025520086288452148 1.9025520086288452148
19.73249053955078125 19.800050735473632812 19.772705078125 19.797306060791015625 19.772705078125 19.742086410522460938 19.637750625610351562 19.637750625610351562 19.970399856567382812 19.556272506713867188 19.850954055786132812 19.6080322265625 19.850954055786132812 19.850954055786132812 19.861690521240234375 19.6079864501953125 19.6080322265625 19.915014266967773438 19.873371124267578125 17.7860565185546875 19.496578216552734375 19.496578216552734375 19.496578216552734375 27.695529937744140625 19.421236038208007812 27.695529937744140625 19.598745346069335938 27.695529937744140625 27.695529937744140625 20.153425216674804688 19.598745346069335938 20.153425216674804688 27.695529937744140625 1.9025520086288452148 1.9025520086288452148 1.9025520086288452148 1.9025520086288452148 1.9025520086288452148 1.9025520086288452148 1.9025520086288452148
19.867206573486328125 19.892091751098632812 19.892091751098632812 17.964704513549804688 19.997005462646484375 19.772705078125 19.637750625610351562 19.970399856567382812 20.153425216674804688 19.637750625610351562 19.772705078125 19.51738739013671875 19.6080322265625 19.6080322265625 19.861690521240234375 19.51738739013671875 19.873371124267578125 19.51738739013671875 19.51738739013671875 19.376771926879882812 27.695529937744140625 17.768016815185546875 19.302778244018554688 27.695529937744140625 18.473749160766601562 19.944520950317382812 19.944520950317382812 17.7860565185546875 19.302778244018554688 18.948938369750976562 27.695529937744140625 19.834402084350585938 19.52959442138671875 1.9025520086288452148 1.9025520086288452148 1.9025520086288452148 1.9025520086288452148 1.9025520086288452148 20.00807952880859375 20.00807952880859375
19.73249053955078125 19.778858184814453125 19.892091751098632812 19.892091751098632812 19.4969482421875 19.302778244018554688 19.637750625610351562 19.302778244018554688 19.302778244018554688 19.376771926879882812 19.378820419311523438 19.51738739013671875 19.458789825439453125 19.51738739013671875 19.51738739013671875 19.6079864501953125 19.51738739013671875 19.51738739013671875 17.964704513549804688 17.964704513549804688 19.975107192993164062 19.545766830444335938 19.332584381103515625 19.51738739013671875 19.6080322265625 19.545766830444335938 19.4969482421875 19.637750625610351562 19.845140457153320312 19.302778244018554688 19.302778244018554688 19.302778244018554688 19.473369598388671875 1.9025520086288452148 1.9025520086288452148 1.9025520086288452148 1.9025520086288452148 1.9025520086288452148 1.9025520086288452148 19.892091751098632812
19.73249053955078125 19.73249053955078125 19.892091751098632812 19.73249053955078125 19.845140457153320312 19.997005462646484375 19.302778244018554688 19.302778244018554688 19.873371124267578125 19.6080322265625 19.378820419311523438 19.51738739013671875 44.59600067138671875 44.59600067138671875 19.834402084350585938 19.51738739013671875 19.598585128784179688 19.598585128784179688 19.545766830444335938 19.545766830444335938 19.520608901977539062 20.00807952880859375 19.545766830444335938 19.545766830444335938 19.545766830444335938 19.545766830444335938 19.800050735473632812 19.4969482421875 17.964704513549804688 19.845140457153320312 19.637750625610351562 18.473749160766601562 1.9025520086288452148 1.9025520086288452148 1.9025520086288452148 1.9025520086288452148 1.9025520086288452148 1.9025520086288452148 20.00807952880859375 20.00807952880859375
8.155582427978515625 19.63300323486328125 19.73249053955078125 19.73249053955078125 19.73249053955078125 19.6079864501953125 19.845140457153320312 19.975107192993164062 27.695529937744140625 19.772705078125 19.378820419311523438 19.850954055786132812 37.46099853515625 44.59600067138671875 44.59600067138671875 37.46099853515625 19.6080322265625 19.598585128784179688 19.411714553833007812 19.545766830444335938 19.545766830444335938 19.545766830444335938 19.338619232177734375 19.545766830444335938 19.73249053955078125 19.471422195434570312 19.545766830444335938 19.867206573486328125 17.964704513549804688 19.973470687866210938 19.973470687866210938 1.9025520086288452148 1.9025520086288452148 1.9025520086288452148 1.9025520086288452148 1.9025520086288452148 1.9025520086288452148 19.545766830444335938 20.00807952880859375 19.778858184814453125
71.35399627685546875 19.567668914794921875 19.567668914794921875 19.73249053955078125 19.63637542724609375 19.63637542724609375 19.845140457153320312 19.975107192993164062 19.496578216552734375 19.378820419311523438 19.63637542724609375 19.813381195068359375 19.915014266967773438 19.834402084350585938 71.35399627685546875 44.59600067138671875 19.462938308715820312 19.4969482421875 19.63300323486328125 19.598585128784179688 19.545766830444335938 19.545766830444335938 19.867206573486328125 19.867206573486328125 19.73249053955078125 19.598585128784179688 19.545766830444335938 19.471422195434570312 20.00807952880859375 18.473749160766601562 1.9025520086288452148 1.9025520086288452148 1.9025520086288452148 1.9025520086288452148 1.9025520086288452148 1.9025520086288452148 1.9025520086288452148 1.9025520086288452148 20.00807952880859375 19.892091751098632812
1.9025520086288452148 19.915014266967773438 19.74144744873046875 19.63300323486328125 19.63637542724609375 19.867206573486328125 19.63300323486328125 19.975107192993164062 19.43129730224609375 0.14800000190734863281 19.873371124267578125 19.273450851440429688 19.915014266967773438 19.915014266967773438 35.240390777587890625 37.46099853515625 19.378820419311523438 19.845140457153320312 19.63300323486328125 19.63300323486328125 19.800050735473632812 19.867206573486328125 19.800050735473632812 19.51738739013671875 19.73249053955078125 19.730255126953125 19.545766830444335938 19.545766830444335938 1.9025520086288452148 1.9025520086288452148 1.9025520086288452148 1.9025520086288452148 1.9025520086288452148 1.9025520086288452148 1.9025520086288452148 1.9025520086288452148 1.9025520086288452148 1.9025520086288452148 19.892091751098632812 19.892091751098632812
1.9025520086288452148 19.857408523559570312 19.845140457153320312 19.63300323486328125 19.63637542724609375 19.63637542724609375 19.845140457153320312 17.964704513549804688 20.108736038208007812 0.14800000190734863281 19.873371124267578125 19.63637542724609375 19.63637542724609375 19.857408523559570312 19.915014266967773438 44.59600067138671875 19.458789825439453125 19.63300323486328125 19.63300323486328125 19.867206573486328125 19.867206573486328125 19.867206573486328125 19.730255126953125 19.723638534545898438 19.51738739013671875 19.730255126953125 19.471422195434570312 20.00807952880859375 19.723638534545898438 1.9025520086288452148 1.9025520086288452148 1.9025520086288452148 1.9025520086288452148 1.9025520086288452148 1.9025520086288452148 1.9025520086288452148 1.9025520086288452148 1.9025520086288452148 19.778858184814453125 1.9025520086288452148
1.9025520086288452148 1.9025520086288452148 19.273450851440429688 19.421236038208007812 19.63637542724609375 19.63637542724609375 19.63637542724609375 19.845140457153320312 19.450084686279296875 19.450084686279296875 19.462938308715820312 19.873371124267578125 19.63637542724609375 19.813381195068359375 19.915014266967773438 37.46099853515625 8.7610120773315429688 19.414348602294921875 19.63300323486328125 19.73249053955078125 19.73249053955078125 19.800050735473632812 19.997005462646484375 19.997005462646484375 19.598585128784179688 19.545766830444335938 20.00807952880859375 20.00807952880859375 17.964704513549804688 19.6079864501953125 1.9025520086288452148 1.9025520086288452148 1.9025520086288452148 1.9025520086288452148 1.9025520086288452148 1.9025520086288452148 1.9025520086288452148 1.9025520086288452148 1.9025520086288452148 1.9025520086288452148
