Big_Beef/DataInputs30m/o_10_ChemistryPools/1990_Mar2025/N_g_AgStem.asc
ncols        345
nrows        426
xllcorner    508536.404131802963
yllcorner    5265678.997906560078
cellsize     30.000000000000
NODATA_value -9999
[rows 342 to 359 of 426, columns 120 to 159 of 345]
0.051213998347520828247 0.051213998347520828247 0.051213998347520828247 0.051213998347520828247 0.051213998347520828247 0.80034297704696655273 0.040699999779462814331 0.040699999779462814331 0.059000000357627868652 33.025829315185546875 22.9842071533203125 13.030999183654785156 32.4598236083984375 32.4598236083984375 13.030999183654785156 22.9842071533203125 13.030999183654785156 18.5083770751953125 22.0981903076171875 17.531324386596679688 17.531324386596679688 18.2646636962890625 24.125326156616210938 18.5083770751953125 33.970386505126953125 33.970386505126953125 18.99718475341796875 6.0257887840270996094 22.0981903076171875 22.0981903076171875 24.26595306396484375 6.0257887840270996094 18.5083770751953125 6.0257887840270996094 6.0257887840270996094 9.7616119384765625 10.749238014221191406 12.085366249084472656 6.8241300582885742188 6.0257887840270996094
0.051213998347520828247 0.051213998347520828247 0.051213998347520828247 0.051213998347520828247 0.051213998347520828247 0.80034297704696655273 0.040699999779462814331 0.040699999779462814331 0.059000000357627868652 0.059000000357627868652 13.030999183654785156 18.5083770751953125 32.4598236083984375 32.4598236083984375 32.4598236083984375 33.970386505126953125 13.030999183654785156 20.753702163696289062 22.0981903076171875 18.5083770751953125 16.202165603637695312 24.125326156616210938 16.202165603637695312 33.970386505126953125 16.202165603637695312 18.5083770751953125 26.143835067749023438 22.0981903076171875 17.531324386596679688 22.0981903076171875 22.0981903076171875 6.0257887840270996094 18.2646636962890625 6.0257887840270996094 6.0257887840270996094 6.0257887840270996094 6.0257887840270996094 9.7616119384765625 9.7616119384765625 23.318059921264648438
0.051213998347520828247 0.051213998347520828247 0.051213998347520828247 0.051213998347520828247 0.051213998347520828247 0.80034297704696655273 20.753702163696289062 20.753702163696289062 0.023000000044703483582 0.040699999779462814331 0.059000000357627868652 13.030999183654785156 18.5083770751953125 13.030999183654785156 32.4598236083984375 33.970386505126953125 33.970386505126953125 22.0981903076171875 33.810535430908203125 18.2646636962890625 6.0257887840270996094 0.051213998347520828247 0.051213998347520828247 16.202165603637695312 16.202165603637695312 18.5083770751953125 22.0981903076171875 18.5083770751953125 17.531324386596679688 9.7616119384765625 33.970386505126953125 6.0257887840270996094 18.5083770751953125 6.0257887840270996094 16.202165603637695312 18.99718475341796875 6.0257887840270996094 18.99718475341796875 14.783785820007324219 6.0257887840270996094
0.051213998347520828247 0.051213998347520828247 0.051213998347520828247 0.051213998347520828247 0.051213998347520828247 0.051213998347520828247 0.051213998347520828247 0.059000000357627868652 33.025829315185546875 0.040699999779462814331 0.059000000357627868652 0.059000000357627868652 32.4598236083984375 24.125326156616210938 17.037532806396484375 24.26595306396484375 20.753702163696289062 22.0981903076171875 34.510761260986328125 24.125326156616210938 6.0257887840270996094 18.2646636962890625 18.99718475341796875 16.202165603637695312 16.202165603637695312 18.99718475341796875 30.0718231201171875 18.5083770751953125 22.0981903076171875 31.517648696899414062 33.810535430908203125 34.510761260986328125 24.125326156616210938 18.2646636962890625 17.29229736328125 6.0257887840270996094 6.0257887840270996094 6.0257887840270996094 6.0257887840270996094 13.030999183654785156
0.051213998347520828247 0.051213998347520828247 0.051213998347520828247 0.051213998347520828247 0.051213998347520828247 0.051213998347520828247 0.051213998347520828247 0.059000000357627868652 13.030999183654785156 0.023000000044703483582 0.040699999779462814331 0.059000000357627868652 13.030999183654785156 15.936132431030273438 18.2646636962890625 0.059000000357627868652 19.255575180053710938 19.255575180053710938 33.970386505126953125 18.99718475341796875 18.99718475341796875 28.499118804931640625 16.202165603637695312 16.202165603637695312 30.0718231201171875 28.499118804931640625 17.531324386596679688 28.499118804931640625 33.970386505126953125 6.0257887840270996094 6.0257887840270996094 6.0257887840270996094 24.125326156616210938 6.0257887840270996094 28.499118804931640625 6.0257887840270996094 18.5083770751953125 6.0257887840270996094 6.0257887840270996094 6.0257887840270996094
0.051213998347520828247 0.051213998347520828247 0.051213998347520828247 0.051213998347520828247 0.051213998347520828247 0.051213998347520828247 0.051213998347520828247 0.80034297704696655273 0.040699999779462814331 0.023000000044703483582 0.023000000044703483582 0.80034297704696655273 22.9842071533203125 32.4598236083984375 32.4598236083984375 0.023000000044703483582 29.049488067626953125 29.863124847412109375 33.970386505126953125 18.99718475341796875 18.99718475341796875 17.531324386596679688 17.531324386596679688 18.2646636962890625 16.202165603637695312 17.037532806396484375 6.0257887840270996094 22.0981903076171875 33.970386505126953125 6.0257887840270996094 18.99718475341796875 18.2646636962890625 18.2646636962890625 6.0257887840270996094 32.4598236083984375 6.0257887840270996094 18.5083770751953125 18.5083770751953125 6.0257887840270996094 6.0257887840270996094
0.051213998347520828247 0.051213998347520828247 0.051213998347520828247 0.051213998347520828247 0.051213998347520828247 0.051213998347520828247 0.051213998347520828247 0.051213998347520828247 0.065600000321865081787 0.065600000321865081787 0.040699999779462814331 0.040699999779462814331 0.059000000357627868652 0.059000000357627868652 24.26595306396484375 18.5083770751953125 29.049488067626953125 9.0544042587280273438 33.970386505126953125 22.0981903076171875 27.306066513061523438 17.531324386596679688 18.99718475341796875 18.5083770751953125 18.99718475341796875 16.202165603637695312 22.0981903076171875 28.499118804931640625 18.5083770751953125 6.0257887840270996094 6.0257887840270996094 24.125326156616210938 6.0257887840270996094 24.125326156616210938 18.2646636962890625 32.4598236083984375 32.4598236083984375 6.0257887840270996094 6.0257887840270996094 6.0257887840270996094
0.051213998347520828247 0.051213998347520828247 0.051213998347520828247 0.051213998347520828247 0.051213998347520828247 0.051213998347520828247 0.051213998347520828247 0.051213998347520828247 0.051213998347520828247 0.065600000321865081787 0.040699999779462814331 8.6761322021484375 0.040699999779462814331 20.753702163696289062 0.059000000357627868652 18.2646636962890625 29.587606430053710938 27.306066513061523438 22.0981903076171875 15.936132431030273438 22.0981903076171875 27.306066513061523438 31.517648696899414062 33.970386505126953125 16.202165603637695312 6.0257887840270996094 17.037532806396484375 22.0981903076171875 6.0257887840270996094 6.0257887840270996094 6.0257887840270996094 24.125326156616210938 24.125326156616210938 17.531324386596679688 18.2646636962890625 32.4598236083984375 13.030999183654785156 6.0257887840270996094 31.517648696899414062 6.0257887840270996094
0.051213998347520828247 0.051213998347520828247 0.051213998347520828247 0.051213998347520828247 0.051213998347520828247 0.051213998347520828247 0.051213998347520828247 0.051213998347520828247 0.051213998347520828247 0.065600000321865081787 0.040699999779462814331 8.6761322021484375 0.040699999779462814331 0.040699999779462814331 0.040699999779462814331 0.059000000357627868652 2.5859251022338867188 0.059000000357627868652 20.753702163696289062 22.0981903076171875 14.783785820007324219 28.091932296752929688 26.767826080322265625 27.306066513061523438 17.037532806396484375 6.0257887840270996094 23.318059921264648438 6.0257887840270996094 6.0257887840270996094 6.0257887840270996094 6.0257887840270996094 33.810535430908203125 24.125326156616210938 22.0981903076171875 31.517648696899414062 13.030999183654785156 6.0257887840270996094 6.0257887840270996094 6.0257887840270996094 17.531324386596679688
0.051213998347520828247 0.051213998347520828247 0.051213998347520828247 0.051213998347520828247 0.051213998347520828247 0.051213998347520828247 0.051213998347520828247 0.051213998347520828247 0.051213998347520828247 0.051213998347520828247 0.051213998347520828247 0.040699999779462814331 0.040699999779462814331 0.80034297704696655273 0.040699999779462814331 24.125326156616210938 32.4598236083984375 31.517648696899414062 20.753702163696289062 6.0257887840270996094 22.0981903076171875 22.0981903076171875 22.0981903076171875 22.0981903076171875 16.202165603637695312 17.531324386596679688 22.0981903076171875 18.99718475341796875 6.0257887840270996094 24.125326156616210938 24.125326156616210938 24.125326156616210938 6.0257887840270996094 26.143835067749023438 26.143835067749023438 31.517648696899414062 6.0257887840270996094 6.0257887840270996094 18.5083770751953125 16.202165603637695312
0.051213998347520828247 0.051213998347520828247 0.051213998347520828247 0.051213998347520828247 0.051213998347520828247 0.051213998347520828247 0.051213998347520828247 0.051213998347520828247 0.051213998347520828247 0.051213998347520828247 0.051213998347520828247 0.80034297704696655273 0.040699999779462814331 0.80034297704696655273 0.040699999779462814331 0.040699999779462814331 0.059000000357627868652 33.970386505126953125 23.450031280517578125 22.0981903076171875 22.0981903076171875 22.0981903076171875 22.0981903076171875 21.534151077270507812 22.0981903076171875 22.0981903076171875 26.767826080322265625 18.5083770751953125 18.99718475341796875 18.99718475341796875 6.0257887840270996094 18.5083770751953125 17.29229736328125 22.0981903076171875 31.517648696899414062 33.970386505126953125 6.0257887840270996094 18.5083770751953125 17.531324386596679688 16.202165603637695312
0.051213998347520828247 0.80034297704696655273 0.051213998347520828247 0.051213998347520828247 0.051213998347520828247 0.051213998347520828247 0.051213998347520828247 0.051213998347520828247 0.051213998347520828247 0.051213998347520828247 0.051213998347520828247 0.80034297704696655273 8.6761322021484375 0.023000000044703483582 0.040699999779462814331 0.040699999779462814331 22.9842071533203125 32.4598236083984375 22.0981903076171875 18.5083770751953125 11.273388862609863281 9.0544042587280273438 33.30042266845703125 33.30042266845703125 28.805568695068359375 18.5083770751953125 23.450031280517578125 24.125326156616210938 16.202165603637695312 18.99718475341796875 18.99718475341796875 18.5083770751953125 22.0981903076171875 19.660360336303710938 6.1840229034423828125 30.953775405883789062 0.059000000357627868652 22.819536209106445312 27.306066513061523438 27.306066513061523438
0.023000000044703483582 0.023000000044703483582 0.051213998347520828247 0.051213998347520828247 0.051213998347520828247 0.051213998347520828247 0.051213998347520828247 0.051213998347520828247 0.051213998347520828247 0.051213998347520828247 0.051213998347520828247 0.065600000321865081787 0.80034297704696655273 8.6761322021484375 27.451948165893554688 0.040699999779462814331 0.059000000357627868652 32.4598236083984375 18.2646636962890625 18.5083770751953125 18.5083770751953125 31.30432891845703125 31.30432891845703125 28.805568695068359375 28.805568695068359375 15.670678138732910156 24.718328475952148438 23.450031280517578125 13.030999183654785156 13.030999183654785156 15.063814163208007812 26.767826080322265625 29.587606430053710938 4.4608302116394042969 6.1840229034423828125 0.059000000357627868652 22.9842071533203125 22.0981903076171875 22.0981903076171875 20.753702163696289062
33.025829315185546875 0.040699999779462814331 0.051213998347520828247 0.051213998347520828247 0.051213998347520828247 0.051213998347520828247 0.051213998347520828247 0.051213998347520828247 0.051213998347520828247 0.051213998347520828247 0.051213998347520828247 0.051213998347520828247 0.065600000321865081787 1.9670900106430053711 0.040699999779462814331 0.040699999779462814331 22.9842071533203125 24.125326156616210938 20.753702163696289062 13.030999183654785156 24.125326156616210938 11.215697288513183594 15.936132431030273438 27.827770233154296875 26.517980575561523438 29.8600006103515625 18.5083770751953125 24.125326156616210938 22.0981903076171875 0.051213998347520828247 0.051213998347520828247 13.030999183654785156 26.767826080322265625 29.587606430053710938 23.638324737548828125 8.6761322021484375 33.025829315185546875 20.753702163696289062 20.753702163696289062 20.753702163696289062
23.318059921264648438 0.040699999779462814331 0.040699999779462814331 0.051213998347520828247 0.051213998347520828247 0.051213998347520828247 0.051213998347520828247 0.051213998347520828247 0.051213998347520828247 0.051213998347520828247 0.051213998347520828247 0.051213998347520828247 1.9670900106430053711 0.040699999779462814331 0.023000000044703483582 0.040699999779462814331 32.4598236083984375 20.753702163696289062 29.587606430053710938 22.0981903076171875 0.059000000357627868652 29.8600006103515625 29.8600006103515625 29.8600006103515625 29.8600006103515625 18.5083770751953125 18.2646636962890625 27.090732574462890625 18.5083770751953125 23.450031280517578125 6.0257887840270996094 0.051213998347520828247 31.517648696899414062 22.0981903076171875 27.306066513061523438 27.306066513061523438 14.502927780151367188 15.670678138732910156 15.670678138732910156 20.753702163696289062
0.059000000357627868652 0.040699999779462814331 0.023000000044703483582 0.051213998347520828247 0.051213998347520828247 0.051213998347520828247 0.051213998347520828247 0.051213998347520828247 0.051213998347520828247 0.051213998347520828247 0.051213998347520828247 0.051213998347520828247 1.9670900106430053711 0.040699999779462814331 0.023000000044703483582 0.040699999779462814331 31.30432891845703125 18.2646636962890625 29.587606430053710938 29.587606430053710938 20.753702163696289062 28.805568695068359375 28.805568695068359375 28.96785736083984375 28.805568695068359375 18.2646636962890625 17.798559188842773438 19.444505691528320312 18.5083770751953125 18.99718475341796875 6.0257887840270996094 6.0257887840270996094 17.531324386596679688 22.0981903076171875 20.753702163696289062 18.99718475341796875 23.145586013793945312 15.670678138732910156 4.8939571380615234375 24.718328475952148438
0.059000000357627868652 23.318059921264648438 0.040699999779462814331 0.051213998347520828247 0.051213998347520828247 0.051213998347520828247 0.051213998347520828247 0.051213998347520828247 0.051213998347520828247 0.051213998347520828247 0.051213998347520828247 0.051213998347520828247 0.80034297704696655273 0.80034297704696655273 0.023000000044703483582 0.065600000321865081787 0.040699999779462814331 28.96785736083984375 28.96785736083984375 29.587606430053710938 28.805568695068359375 28.805568695068359375 19.660360336303710938 28.091932296752929688 28.96785736083984375 28.091932296752929688 28.499118804931640625 21.534151077270507812 6.0257887840270996094 18.2646636962890625 6.0257887840270996094 23.450031280517578125 22.0981903076171875 22.0981903076171875 31.517648696899414062 31.517648696899414062 31.86057281494140625 10.594041824340820312 27.718069076538085938 0.80034297704696655273
0.059000000357627868652 0.059000000357627868652 0.040699999779462814331 0.040699999779462814331 0.040699999779462814331 0.80034297704696655273 0.051213998347520828247 0.051213998347520828247 0.051213998347520828247 0.051213998347520828247 0.051213998347520828247 0.051213998347520828247 0.065600000321865081787 0.065600000321865081787 0.023000000044703483582 0.065600000321865081787 0.059000000357627868652 29.049488067626953125 29.049488067626953125 0.051213998347520828247 0.059000000357627868652 20.753702163696289062 18.99718475341796875 0.059000000357627868652 20.753702163696289062 18.2646636962890625 19.444505691528320312 20.753702163696289062 20.753702163696289062 18.5083770751953125 6.0257887840270996094 25.445476531982421875 20.753702163696289062 27.306066513061523438 20.753702163696289062 29.587606430053710938 18.2646636962890625 20.753702163696289062 23.318059921264648438 0.059000000357627868652
