Big_Beef/DataInputs30m/o_10_ChemistryPools/1990_Mar2025/N_g_root_3.asc
ncols        345
nrows        426
xllcorner    508536.404131802963
yllcorner    5265678.997906560078
cellsize     30.000000000000
NODATA_value -9999
[rows 204 to 220 of 426, columns 273 to 311 of 345]
0.21899999678134918213 0.21899999678134918213 0.21899999678134918213 0.21899999678134918213 0.21899999678134918213 0.21899999678134918213 0.21899999678134918213 1.0433770418167114258 1.0433770418167114258 1.0433770418167114258 0.019899999722838401794 0.60883802175521850586 0.60056400299072265625 0.61334902048110961914 0.013880999758839607239 0.60056400299072265625 0.60056400299072265625 0.0076999999582767486572 0.013700000010430812836 0.019899999722838401794 0.55740702152252197266 0.022099999710917472839 0.019899999722838401794 0.019899999722838401794 0.019899999722838401794 0.019899999722838401794 0.013700000010430812836 0.019899999722838401794 0.013880999758839607239 0.30798700451850891113 0.013880999758839607239 0.60883802175521850586 0.019899999722838401794 0.013700000010430812836 0.013700000010430812836 0.013700000010430812836 0.013700000010430812836 0.013880999758839607239 0.013700000010430812836
0.21899999678134918213 0.21899999678134918213 0.21899999678134918213 0.21899999678134918213 0.21899999678134918213 0.21899999678134918213 0.26046299934387207031 1.0433770418167114258 1.6286699771881103516 1.0481929779052734375 0.55740702152252197266 0.60056400299072265625 0.60056400299072265625 0.61334902048110961914 0.60056400299072265625 0.59361398220062255859 0.013700000010430812836 0.0076999999582767486572 0.013700000010430812836 0.019899999722838401794 0.615139007568359375 0.022099999710917472839 0.60883802175521850586 0.019899999722838401794 0.019899999722838401794 0.013700000010430812836 0.019899999722838401794 0.019899999722838401794 0.26046299934387207031 0.013880999758839607239 0.60883802175521850586 1.6286449432373046875 0.615139007568359375 0.61042797565460205078 0.0076999999582767486572 0.60062199831008911133 0.013700000010430812836 0.013700000010430812836 0.013700000010430812836
0.21899999678134918213 0.21899999678134918213 0.21899999678134918213 0.21899999678134918213 0.21899999678134918213 0.21899999678134918213 0.26046299934387207031 0.019899999722838401794 1.6288410425186157227 0.60056400299072265625 0.55740702152252197266 0.013880999758839607239 0.6078580021858215332 0.60056400299072265625 0.60883802175521850586 0.013700000010430812836 0.013700000010430812836 0.022099999710917472839 0.013880999758839607239 0.55740702152252197266 0.013880999758839607239 0.013880999758839607239 0.013880999758839607239 0.55740702152252197266 0.013700000010430812836 0.013700000010430812836 0.013700000010430812836 0.019899999722838401794 0.013700000010430812836 1.5914180278778076172 1.6285970211029052734 0.60652697086334228516 0.59917402267456054688 0.59917402267456054688 0.60883802175521850586 0.60883802175521850586 0.60883802175521850586 0.019899999722838401794 0.55740702152252197266
0.21899999678134918213 0.21899999678134918213 0.21899999678134918213 0.21899999678134918213 1.0433770418167114258 0.019899999722838401794 0.013880999758839607239 0.019899999722838401794 0.013880999758839607239 0.60056400299072265625 0.013880999758839607239 0.013880999758839607239 0.013880999758839607239 0.6078580021858215332 0.013880999758839607239 0.0010280000278726220131 0.0010280000278726220131 0.0010280000278726220131 0.0010280000278726220131 0.0010280000278726220131 0.0010280000278726220131 0.0010280000278726220131 0.013880999758839607239 0.022099999710917472839 0.022099999710917472839 0.0076999999582767486572 0.59894502162933349609 0.013700000010430812836 0.019899999722838401794 1.6218069791793823242 1.5914180278778076172 0.60704600811004638672 0.60275000333786010742 0.59361398220062255859 0.013700000010430812836 0.60883802175521850586 0.60883802175521850586 0.019899999722838401794 0.40759000182151794434
0.21899999678134918213 0.21899999678134918213 0.21899999678134918213 0.21899999678134918213 0.21899999678134918213 1.0433770418167114258 1.0433770418167114258 0.019899999722838401794 0.013880999758839607239 0.61104702949523925781 0.0076999999582767486572 0.013700000010430812836 0.61334902048110961914 0.013880999758839607239 0.0010280000278726220131 0.0010280000278726220131 0.0010280000278726220131 0.0010280000278726220131 0.0010280000278726220131 0.0010280000278726220131 0.0010280000278726220131 0.0010280000278726220131 0.0010280000278726220131 0.013880999758839607239 0.022099999710917472839 0.013700000010430812836 0.013700000010430812836 0.013700000010430812836 0.60056400299072265625 1.0481929779052734375 1.0483039617538452148 0.615139007568359375 0.615139007568359375 0.615139007568359375 0.55740702152252197266 0.55740702152252197266 0.60883802175521850586 0.55740702152252197266 0.60276901721954345703
0.59361398220062255859 0.013880999758839607239 0.21899999678134918213 0.21899999678134918213 0.21899999678134918213 1.0433770418167114258 1.0433770418167114258 0.019899999722838401794 0.013880999758839607239 0.013700000010430812836 0.0076999999582767486572 0.0010280000278726220131 0.0010280000278726220131 0.0010280000278726220131 0.0010280000278726220131 0.0010280000278726220131 0.0010280000278726220131 0.0010280000278726220131 0.0010280000278726220131 0.0010280000278726220131 0.0010280000278726220131 0.0010280000278726220131 0.0010280000278726220131 0.013880999758839607239 0.013880999758839607239 0.0010280000278726220131 0.013880999758839607239 0.013700000010430812836 0.013880999758839607239 0.013880999758839607239 0.60056400299072265625 0.019899999722838401794 0.615139007568359375 0.55740702152252197266 0.013700000010430812836 0.55740702152252197266 0.55740702152252197266 0.61042797565460205078 0.013700000010430812836
1.0433770418167114258 1.0433770418167114258 0.013880999758839607239 0.21899999678134918213 1.0433770418167114258 0.019899999722838401794 0.019899999722838401794 0.022099999710917472839 0.022099999710917472839 0.615139007568359375 0.0010280000278726220131 0.0010280000278726220131 0.0010280000278726220131 0.0010280000278726220131 0.0010280000278726220131 0.0010280000278726220131 0.0010280000278726220131 0.0010280000278726220131 0.0010280000278726220131 0.0010280000278726220131 0.0010280000278726220131 0.0010280000278726220131 0.0010280000278726220131 0.0010280000278726220131 0.0010280000278726220131 0.0010280000278726220131 0.013880999758839607239 0.013880999758839607239 0.61334902048110961914 0.59894502162933349609 0.013880999758839607239 0.019899999722838401794 0.615139007568359375 0.61042797565460205078 0.61042797565460205078 0.615139007568359375 0.57799398899078369141 0.019899999722838401794 0.019899999722838401794
1.0433770418167114258 1.0433770418167114258 0.013880999758839607239 0.21899999678134918213 1.0433770418167114258 1.0433770418167114258 0.019899999722838401794 0.022099999710917472839 0.60883802175521850586 0.0010280000278726220131 0.0010280000278726220131 0.0010280000278726220131 0.0010280000278726220131 0.0010280000278726220131 0.0010280000278726220131 0.0010280000278726220131 0.0010280000278726220131 0.0010280000278726220131 0.0010280000278726220131 0.0010280000278726220131 0.0010280000278726220131 0.0010280000278726220131 0.0010280000278726220131 0.0010280000278726220131 0.0010280000278726220131 0.0010280000278726220131 0.013880999758839607239 0.013880999758839607239 0.61334902048110961914 0.48820599913597106934 0.0076999999582767486572 0.019899999722838401794 0.013880999758839607239 0.60728597640991210938 0.60728597640991210938 0.61042797565460205078 0.019899999722838401794 0.019899999722838401794 0.019899999722838401794
1.0433770418167114258 1.0433770418167114258 1.0433770418167114258 0.013880999758839607239 0.21899999678134918213 0.21899999678134918213 0.022099999710917472839 0.022099999710917472839 0.0010280000278726220131 0.0010280000278726220131 0.0010280000278726220131 0.0010280000278726220131 0.0010280000278726220131 0.0010280000278726220131 0.0010280000278726220131 0.0010280000278726220131 0.0010280000278726220131 0.0010280000278726220131 0.0010280000278726220131 0.0010280000278726220131 0.0010280000278726220131 0.0010280000278726220131 0.0010280000278726220131 0.0010280000278726220131 0.0010280000278726220131 0.0010280000278726220131 0.013880999758839607239 0.40759000182151794434 0.013700000010430812836 0.013700000010430812836 0.013700000010430812836 0.013880999758839607239 0.013700000010430812836 0.013880999758839607239 0.615139007568359375 0.55740702152252197266 0.019899999722838401794 0.019899999722838401794 0.60056400299072265625
1.0433770418167114258 1.0433770418167114258 1.0433770418167114258 1.0433770418167114258 0.21899999678134918213 0.21899999678134918213 0.21899999678134918213 0.0010280000278726220131 0.0010280000278726220131 0.0010280000278726220131 0.0010280000278726220131 0.0010280000278726220131 0.0010280000278726220131 0.0010280000278726220131 0.0010280000278726220131 0.0010280000278726220131 0.0010280000278726220131 0.0010280000278726220131 0.0010280000278726220131 0.0010280000278726220131 0.0010280000278726220131 0.0010280000278726220131 0.0010280000278726220131 0.0010280000278726220131 0.0010280000278726220131 0.0010280000278726220131 0.0010280000278726220131 0.013880999758839607239 0.40759000182151794434 0.0076999999582767486572 0.0076999999582767486572 0.013700000010430812836 0.013700000010430812836 0.019899999722838401794 0.019899999722838401794 0.019899999722838401794 0.019899999722838401794 0.60056400299072265625 0.615139007568359375
1.0433770418167114258 1.0433770418167114258 1.0433770418167114258 0.21899999678134918213 0.013880999758839607239 0.013880999758839607239 0.0010280000278726220131 0.0010280000278726220131 0.0010280000278726220131 0.0010280000278726220131 0.0010280000278726220131 0.0010280000278726220131 0.0010280000278726220131 0.0010280000278726220131 0.0010280000278726220131 0.0010280000278726220131 0.0010280000278726220131 0.0010280000278726220131 0.0010280000278726220131 0.0010280000278726220131 0.0010280000278726220131 0.0010280000278726220131 0.0010280000278726220131 0.0010280000278726220131 0.0010280000278726220131 0.0010280000278726220131 0.0010280000278726220131 0.013880999758839607239 0.013880999758839607239 0.013700000010430812836 0.013700000010430812836 0.0076999999582767486572 0.013700000010430812836 0.013700000010430812836 0.013700000010430812836 0.019899999722838401794 0.013700000010430812836 0.60883802175521850586 0.615139007568359375
0.013880999758839607239 1.0433770418167114258 0.019899999722838401794 0.013880999758839607239 0.013880999758839607239 0.013880999758839607239 0.013880999758839607239 0.0010280000278726220131 0.0010280000278726220131 0.0010280000278726220131 0.0010280000278726220131 0.0010280000278726220131 0.0010280000278726220131 0.0010280000278726220131 0.0010280000278726220131 0.0010280000278726220131 0.0010280000278726220131 0.0010280000278726220131 0.0010280000278726220131 0.0010280000278726220131 0.0010280000278726220131 0.0010280000278726220131 0.0010280000278726220131 0.0010280000278726220131 0.0010280000278726220131 0.0010280000278726220131 0.0010280000278726220131 0.013880999758839607239 0.013880999758839607239 0.013700000010430812836 0.013880999758839607239 0.013880999758839607239 0.013700000010430812836 0.013700000010430812836 0.013700000010430812836 0.013700000010430812836 0.013700000010430812836 0.019899999722838401794 0.013880999758839607239
0.013880999758839607239 0.013880999758839607239 0.013880999758839607239 1.0433770418167114258 0.013880999758839607239 0.30798700451850891113 0.0010280000278726220131 0.0010280000278726220131 0.0010280000278726220131 0.0010280000278726220131 0.0010280000278726220131 0.0010280000278726220131 0.0010280000278726220131 0.0010280000278726220131 0.0010280000278726220131 0.0010280000278726220131 0.0010280000278726220131 0.0010280000278726220131 0.0010280000278726220131 0.0010280000278726220131 0.0010280000278726220131 0.0010280000278726220131 0.0010280000278726220131 0.0010280000278726220131 0.0010280000278726220131 0.0010280000278726220131 0.0010280000278726220131 0.0010280000278726220131 0.013880999758839607239 0.019899999722838401794 0.013880999758839607239 0.60883802175521850586 0.013700000010430812836 0.013700000010430812836 0.013700000010430812836 0.0076999999582767486572 0.013700000010430812836 0.019899999722838401794 0.60056400299072265625
0.013880999758839607239 0.013880999758839607239 0.013880999758839607239 0.60883802175521850586 0.019899999722838401794 0.60276901721954345703 0.60276901721954345703 0.0010280000278726220131 0.0010280000278726220131 0.0010280000278726220131 0.0010280000278726220131 0.0010280000278726220131 0.0010280000278726220131 0.0010280000278726220131 0.0010280000278726220131 0.0010280000278726220131 0.0010280000278726220131 0.0010280000278726220131 0.0010280000278726220131 0.0010280000278726220131 0.0010280000278726220131 0.0010280000278726220131 0.0010280000278726220131 0.0010280000278726220131 0.0010280000278726220131 0.0010280000278726220131 0.0010280000278726220131 0.0010280000278726220131 0.013880999758839607239 0.019899999722838401794 0.013700000010430812836 0.013880999758839607239 0.013700000010430812836 0.013700000010430812836 0.019899999722838401794 0.013880999758839607239 0.013700000010430812836 0.019899999722838401794 0.013700000010430812836
0.013880999758839607239 0.013880999758839607239 0.59572798013687133789 0.61044597625732421875 0.60225099325180053711 0.615139007568359375 0.615139007568359375 0.0010280000278726220131 0.0010280000278726220131 0.0010280000278726220131 0.0010280000278726220131 0.0010280000278726220131 0.0010280000278726220131 0.0010280000278726220131 0.0010280000278726220131 0.0010280000278726220131 0.0010280000278726220131 0.0010280000278726220131 0.0010280000278726220131 0.0010280000278726220131 0.0010280000278726220131 0.0010280000278726220131 0.0010280000278726220131 0.0010280000278726220131 0.0010280000278726220131 0.0010280000278726220131 0.0010280000278726220131 0.0010280000278726220131 0.022099999710917472839 0.013880999758839607239 0.013700000010430812836 0.013700000010430812836 0.013700000010430812836 0.013700000010430812836 0.013700000010430812836 0.60056400299072265625 0.615139007568359375 0.55740702152252197266 0.60883802175521850586
0.59152001142501831055 0.60652697086334228516 0.59361398220062255859 0.59572798013687133789 0.60728597640991210938 0.60675197839736938477 0.615139007568359375 0.60704600811004638672 0.0010280000278726220131 0.0010280000278726220131 0.0010280000278726220131 0.0010280000278726220131 0.0010280000278726220131 0.0010280000278726220131 0.0010280000278726220131 0.0010280000278726220131 0.0010280000278726220131 0.0010280000278726220131 0.0010280000278726220131 0.0010280000278726220131 0.0010280000278726220131 0.0010280000278726220131 0.0010280000278726220131 0.0010280000278726220131 0.0010280000278726220131 0.0010280000278726220131 0.0010280000278726220131 0.022099999710917472839 0.022099999710917472839 0.013700000010430812836 0.013700000010430812836 0.013880999758839607239 0.013700000010430812836 0.013880999758839607239 0.013700000010430812836 0.013700000010430812836 0.013880999758839607239 0.60728597640991210938 0.55740702152252197266
0.019899999722838401794 0.55740702152252197266 0.019899999722838401794 0.019899999722838401794 0.59028297662734985352 0.019899999722838401794 0.019899999722838401794 0.59028297662734985352 0.60883802175521850586 0.019899999722838401794 0.0010280000278726220131 0.0010280000278726220131 0.0010280000278726220131 0.0010280000278726220131 0.0010280000278726220131 0.0010280000278726220131 0.0010280000278726220131 0.0010280000278726220131 0.0010280000278726220131 0.0010280000278726220131 0.0010280000278726220131 0.0010280000278726220131 0.0010280000278726220131 0.0010280000278726220131 0.0010280000278726220131 0.0010280000278726220131 0.0010280000278726220131 0.0010280000278726220131 0.0010280000278726220131 0.022099999710917472839 0.0076999999582767486572 0.0076999999582767486572 0.61334902048110961914 0.013880999758839607239 0.013700000010430812836 0.019899999722838401794 0.013880999758839607239 0.019899999722838401794 0.55740702152252197266
