Big_Beef/DataInputs30m/m_3_Age/Big_Beef_1990Age30m.asc
ncols        345
nrows        426
xllcorner    508536.404131802963
yllcorner    5265678.997906560078
cellsize     30.0
NODATA_value -1
[rows 336 to 391 of 426, columns 192 to 287 of 345]
68 51 85 85 102 51 51 71 75 75 48 75 72 34 148 148 43 83 133 154 83 154 56 154 114 114 197 197 192 36 197 197 197 197 54 167 14 72 60 16 167 169 36 114 42 36 36 36 48 48 48 36 42 36 36 75 36 14 53 75 71 154 64 154 154 114 53 53 73 27 102 56 43 64 72 68 111 34 68 43 51 51 43 43 54 205 83 46 71 68 107 50 50 79 54 111
68 48 85 85 102 51 51 51 89 68 75 75 75 102 72 32 0 113 133 46 51 83 56 154 83 114 212 197 197 197 160 197 75 238 197 79 14 31 31 16 148 79 79 48 197 197 36 42 75 48 48 304 304 36 36 14 75 53 68 54 154 56 56 56 56 36 59 114 126 64 64 43 59 53 154 68 83 39 39 48 56 48 56 68 68 95 46 46 51 83 83 83 79 50 34 34
81 70 85 89 89 53 70 51 85 96 96 75 111 111 72 32 178 133 111 74 51 56 56 294 205 167 68 114 197 197 79 79 75 114 197 238 36 16 16 16 107 236 160 36 36 36 36 48 46 36 36 75 197 304 53 14 75 68 54 120 68 103 51 56 28 56 53 43 58 56 56 51 51 56 75 68 83 83 39 92 83 47 60 111 111 68 43 111 102 51 74 68 169 50 34 113
111 81 70 51 85 51 70 70 70 51 55 68 111 79 68 32 322 205 43 219 51 51 56 133 133 72 68 68 54 79 54 154 75 107 197 197 36 31 32 31 197 304 160 42 48 75 48 48 48 48 48 75 53 53 53 102 43 55 75 68 68 103 71 56 28 56 56 56 56 53 43 52 43 43 229 53 111 111 111 54 89 68 68 113 111 111 111 111 111 102 111 133 50 197 167 34
81 81 70 51 51 70 70 70 70 70 72 68 111 111 72 14 39 269 43 111 111 70 51 56 294 68 68 79 79 79 107 87 154 107 238 36 87 63 41 114 197 36 304 304 36 48 42 48 48 75 36 75 53 219 79 102 71 71 71 107 54 68 51 56 56 56 68 70 68 54 70 43 229 54 46 223 83 39 111 43 83 41 92 72 111 111 68 111 111 111 72 96 154 79 113 72
111 81 126 55 70 81 70 219 74 219 219 126 111 111 111 72 256 256 205 43 111 74 51 56 294 120 68 75 75 54 34 34 114 197 36 36 14 102 44 91 304 42 42 36 48 48 50 48 48 75 36 53 75 111 102 39 154 154 71 64 71 56 51 56 54 56 85 52 68 56 56 43 68 68 68 39 88 83 81 43 46 46 43 72 111 111 111 111 111 111 205 69 83 107 79 107
111 111 91 126 111 111 81 121 74 219 219 126 111 111 219 94 39 43 70 43 68 219 51 51 96 68 68 89 89 68 133 54 197 197 53 14 36 114 154 107 304 48 42 36 48 36 116 48 304 75 53 53 54 68 53 54 107 64 56 56 56 51 92 102 54 59 68 56 54 56 135 154 54 68 68 38 88 111 81 43 43 43 43 71 111 111 111 72 111 205 83 83 133 79 79 107
111 111 91 111 111 111 81 219 219 111 126 126 111 81 101 70 43 256 39 39 111 111 68 68 133 68 111 68 75 89 133 154 197 50 212 114 114 114 102 36 36 36 154 197 48 46 107 107 107 75 53 53 71 83 68 48 51 56 56 56 83 64 92 87 64 56 85 56 56 56 58 54 71 68 68 49 55 83 81 111 102 43 43 154 111 111 111 111 111 43 72 102 56 154 79 107
111 39 111 111 111 81 102 111 111 219 126 168 111 219 70 130 91 43 91 70 212 79 79 68 68 68 68 68 68 89 89 96 71 34 60 212 114 154 14 114 114 114 192 36 42 42 54 107 54 68 68 54 56 64 71 48 135 92 56 83 68 99 68 97 68 68 51 87 43 43 97 68 71 75 46 107 34 54 111 113 102 102 74 68 111 111 111 111 91 111 102 71 56 56 154 304
68 219 111 102 102 102 102 102 111 168 74 74 219 94 133 91 91 43 212 79 212 79 79 68 74 89 68 294 68 70 85 120 120 34 118 205 111 46 39 102 65 114 79 36 36 79 79 114 54 154 39 71 154 120 39 68 39 39 53 53 103 87 68 68 150 98 87 51 102 56 154 68 58 75 46 92 83 68 111 72 102 111 102 111 111 91 91 111 72 102 102 79 75 294 79 48
111 111 111 111 102 43 102 102 102 74 74 74 74 39 43 43 91 79 212 212 91 91 43 111 51 51 51 51 294 133 70 68 120 54 118 54 102 54 14 75 79 197 212 53 75 50 79 53 53 68 111 71 58 50 39 54 150 39 77 77 77 58 54 111 68 111 87 83 68 54 68 41 154 229 102 46 229 54 54 111 54 95 54 68 111 168 91 168 167 165 167 75 75 154 75 48
111 111 111 111 102 102 74 219 219 219 101 300 256 43 98 43 43 236 236 43 43 43 43 111 111 68 51 51 133 133 68 79 68 120 39 212 154 75 60 54 79 39 39 111 111 50 58 154 68 120 120 54 58 205 70 111 68 68 83 77 135 71 135 229 111 68 111 111 83 58 68 68 71 71 68 72 53 111 39 72 107 34 34 79 111 135 91 212 169 169 79 75 154 154 107 48
168 111 168 111 102 74 74 74 168 43 43 39 163 43 43 65 39 91 120 43 168 43 43 91 68 79 68 154 133 120 79 79 68 120 111 58 111 111 53 53 39 39 79 53 53 50 56 56 107 120 68 58 58 58 150 39 111 89 68 111 102 87 43 38 53 111 118 53 53 111 111 54 68 71 68 111 91 111 111 47 83 107 34 50 106 113 79 304 24 197 197 42 71 71 71 48
111 111 168 219 219 102 102 74 102 168 184 76 130 43 95 43 39 94 43 70 43 43 91 168 79 79 79 75 120 120 79 79 79 79 75 154 54 54 120 39 54 205 53 53 53 54 56 0 0 133 58 120 120 68 39 150 111 70 99 68 51 81 60 38 83 83 150 111 229 53 111 68 65 68 229 70 91 39 81 43 83 111 34 34 14 167 114 219 36 48 48 48 75 102 102 48
111 111 111 219 219 74 74 74 74 43 300 322 175 43 270 205 163 94 43 133 43 91 91 43 68 79 79 79 79 79 79 79 79 79 68 294 133 14 120 107 53 197 50 53 120 68 56 71 0 0 133 78 120 68 68 68 111 43 56 294 56 111 51 68 53 111 111 56 43 120 68 72 68 111 39 39 150 91 39 72 72 72 55 102 167 167 197 48 36 48 75 107 75 48 48 48
111 111 168 300 14 322 322 184 91 43 300 322 205 163 78 78 78 78 244 43 43 43 79 79 79 79 79 79 79 79 79 79 53 68 68 51 135 58 54 54 53 53 54 50 50 79 68 103 48 0 58 106 58 120 68 68 39 56 56 56 92 111 39 68 68 68 68 56 56 43 72 72 72 101 219 83 55 111 81 111 111 102 102 167 114 14 197 36 48 48 75 75 79 304 304 48
168 168 168 300 14 108 64 178 322 69 91 205 324 113 70 272 78 78 43 39 43 43 39 79 79 79 79 79 79 79 79 79 75 79 79 71 51 56 154 75 89 50 50 50 79 79 54 43 56 114 27 78 133 70 89 68 68 43 50 43 43 72 68 89 111 39 111 51 14 229 39 111 14 98 150 101 111 111 72 133 205 68 102 107 114 36 42 42 197 79 79 14 75 79 304 79
219 168 111 91 14 224 14 14 14 178 113 94 163 180 70 205 178 39 212 39 39 43 64 79 79 79 79 79 79 79 79 68 68 75 79 53 71 154 54 75 120 39 53 79 79 75 54 64 56 56 154 43 56 56 56 56 103 72 38 34 72 43 34 111 111 39 39 46 55 83 39 55 39 98 39 72 39 111 72 168 168 72 72 112 72 114 48 79 79 79 75 75 75 304 79 304
168 219 102 72 14 184 14 14 167 14 14 178 270 14 76 39 39 39 212 212 212 111 46 161 75 89 111 79 79 68 79 68 75 75 79 75 75 75 68 75 120 120 68 79 68 58 58 68 56 294 68 68 38 43 103 27 229 53 38 53 38 111 53 83 39 111 32 39 83 49 128 55 39 39 53 93 205 39 55 112 72 16 114 75 72 42 79 304 75 304 79 75 79 304 79 53
168 74 72 94 14 69 91 91 178 178 76 126 126 178 178 178 236 212 212 39 39 111 46 154 75 89 79 79 68 79 79 79 75 75 75 75 75 75 75 79 53 53 68 79 75 120 120 68 102 120 53 68 133 27 38 34 68 53 68 111 54 150 83 39 39 83 26 83 83 111 39 39 205 111 72 111 133 205 55 114 114 154 79 114 42 48 304 79 304 304 75 75 14 50 50 79
91 74 205 14 172 108 76 113 269 224 178 114 0 121 39 212 212 212 212 212 212 102 75 102 75 68 79 79 79 79 79 79 53 68 68 107 75 75 50 79 75 79 53 79 68 58 68 68 68 120 53 54 103 103 38 68 34 34 68 68 150 39 70 43 39 26 111 111 111 111 68 98 205 55 205 111 79 14 102 114 114 197 79 36 36 48 304 304 75 75 107 75 304 75 154 75
168 91 205 108 172 178 178 87 269 69 167 114 16 121 39 212 39 212 212 212 75 304 79 75 75 68 75 79 79 79 75 79 79 75 68 107 75 64 107 75 54 68 79 53 68 68 68 89 120 68 68 64 229 102 76 34 38 68 68 54 150 205 193 111 53 205 111 91 111 205 205 72 46 102 102 114 14 14 114 114 14 14 14 24 107 42 75 75 75 83 71 75 75 68 133 294
168 168 205 108 108 94 178 178 69 69 113 43 126 50 256 43 43 91 75 39 39 75 79 107 71 154 107 75 68 79 79 79 75 83 83 56 56 56 107 75 54 53 53 53 107 68 68 71 107 68 71 64 83 34 76 34 14 182 76 54 83 205 111 111 39 111 113 205 111 102 114 72 46 46 114 114 54 54 114 14 42 14 36 40 46 75 75 79 75 102 75 71 54 68 120 107
168 74 184 14 94 94 108 0 87 87 69 56 48 17 256 39 91 43 91 43 70 43 83 56 71 83 71 75 79 79 79 79 68 96 51 51 56 107 56 107 154 75 75 154 120 68 75 71 107 64 51 71 34 34 68 34 34 54 76 102 72 55 225 40 55 112 114 54 107 114 114 114 114 46 24 114 114 114 114 14 36 48 24 71 75 75 79 50 50 54 75 75 54 54 54 68
74 74 300 322 269 204 94 60 87 14 87 69 114 106 256 175 39 43 70 39 91 68 83 107 107 154 75 68 68 75 75 79 68 68 154 71 71 71 56 107 154 58 58 133 204 68 71 64 71 64 54 34 182 75 68 168 83 182 76 114 102 107 192 95 40 112 192 192 14 114 14 114 114 24 46 114 14 54 36 42 36 36 24 107 88 79 79 75 107 75 75 75 75 54 50 50
74 74 14 178 64 113 69 0 13 87 87 148 69 60 39 43 39 39 43 39 64 64 39 68 75 89 75 102 83 107 75 75 75 154 71 154 154 56 56 107 54 120 120 91 68 68 89 89 54 46 46 14 83 143 68 76 113 34 76 167 102 154 24 95 24 24 14 192 54 114 36 42 102 24 24 24 107 79 36 36 42 36 24 107 79 304 79 75 107 79 75 154 50 50 53 50
70 72 224 14 322 113 69 0 0 13 77 148 69 205 39 43 39 43 39 39 64 64 53 79 75 89 68 96 83 154 46 51 64 56 107 54 154 56 56 53 53 50 68 68 68 68 154 107 41 34 83 34 168 76 76 168 168 54 76 54 14 14 24 192 304 304 304 14 14 107 14 14 36 36 36 40 107 48 36 36 36 36 42 75 111 68 75 120 120 79 75 107 75 75 50 50
91 167 178 21 113 113 72 69 13 13 12 77 294 72 55 39 98 39 65 39 39 70 79 39 68 68 96 89 102 46 46 33 33 41 70 294 54 71 56 71 114 120 53 53 53 54 154 107 14 34 34 82 304 76 76 14 192 50 82 75 107 48 24 36 192 160 195 14 75 107 14 14 14 304 36 24 71 48 42 48 48 50 75 14 54 54 54 68 54 53 75 120 120 68 50 50
76 133 167 167 167 113 148 0 0 18 13 129 294 209 62 39 39 39 39 43 168 91 53 39 68 68 75 68 79 75 46 46 51 41 87 103 77 71 56 71 53 120 50 53 53 54 71 68 14 54 83 14 53 304 53 14 304 53 154 154 75 36 42 24 206 160 50 36 36 42 36 14 36 304 36 40 40 40 40 42 42 107 14 14 54 14 68 68 50 75 120 154 75 50 50 75
113 113 72 72 91 83 87 0 13 18 70 70 70 55 55 175 39 55 55 39 91 70 68 120 79 79 68 75 75 75 75 154 64 51 38 68 107 83 56 70 53 120 54 68 68 125 54 68 68 53 49 49 79 53 304 48 304 304 71 50 50 71 48 36 24 75 36 36 36 36 36 36 36 75 75 75 24 36 48 48 75 107 49 14 50 54 79 34 50 75 107 50 50 50 50 0
114 167 72 72 167 148 178 16 0 13 13 51 129 133 205 43 55 39 43 43 205 120 39 50 79 79 79 75 71 75 75 103 294 43 38 107 107 107 58 70 70 133 229 102 64 126 82 68 53 68 53 53 75 50 53 304 50 304 50 50 50 50 48 75 50 192 14 14 36 36 14 36 36 36 36 36 36 50 36 40 56 107 14 53 14 53 50 50 50 71 71 107 75 75 71 0
167 167 167 113 167 91 76 87 0 0 69 294 69 91 168 91 39 212 39 111 205 120 120 68 79 79 79 68 46 46 85 50 102 83 102 223 68 120 120 58 56 56 71 64 54 0 88 54 68 75 75 68 75 68 50 50 50 50 75 75 50 50 50 75 75 75 36 14 14 48 160 36 36 36 304 36 42 50 50 54 56 50 53 53 83 304 304 53 75 64 107 107 68 68 56 71
34 167 167 169 79 113 76 172 0 0 69 69 133 91 79 79 212 79 212 79 205 197 197 75 50 79 79 79 75 75 71 107 54 114 102 68 68 53 120 58 56 71 0 0 0 0 0 154 75 71 75 49 49 49 68 54 75 68 50 50 79 53 50 75 75 45 14 192 14 14 160 36 36 14 14 14 304 50 154 154 168 107 304 160 53 50 50 50 107 64 97 120 120 54 56 0
50 50 50 79 79 113 76 167 76 76 154 76 133 167 167 167 79 79 60 39 169 50 197 76 79 79 79 79 154 154 75 107 43 43 64 54 14 54 120 71 56 56 70 0 0 0 0 0 71 64 64 71 75 75 75 75 75 75 50 53 75 75 75 75 50 14 304 14 14 34 53 53 36 14 50 50 50 50 56 107 53 97 54 54 75 107 50 75 107 107 154 120 68 102 102 56
76 197 197 116 34 76 76 95 154 95 169 169 121 76 114 79 79 79 133 197 34 304 75 79 79 79 79 75 71 91 71 51 71 71 71 154 71 75 154 58 54 43 53 126 126 0 0 0 0 64 56 56 107 71 71 107 75 75 50 50 75 75 75 75 50 53 304 160 304 50 160 54 79 50 75 75 75 107 56 114 53 97 120 54 154 50 50 50 71 107 71 54 53 68 71 56
76 87 75 197 76 76 76 87 76 197 169 34 85 197 154 154 154 205 160 79 79 79 79 79 79 79 75 75 75 154 46 83 41 75 75 154 51 64 107 58 58 58 53 11 77 126 77 0 0 70 71 56 71 56 56 56 64 107 75 68 71 71 107 75 75 75 197 160 36 14 50 54 79 79 75 107 56 56 31 53 53 53 107 75 50 54 125 53 154 107 54 54 68 68 71 71
197 147 78 50 86 76 76 76 106 304 197 133 236 79 76 88 76 178 304 304 304 79 75 79 79 53 50 75 75 154 46 107 154 54 78 83 114 59 107 71 107 54 58 78 43 50 38 69 126 0 48 71 56 56 71 56 107 64 154 71 71 107 71 75 56 71 75 107 107 54 54 50 50 50 75 56 64 56 102 34 34 154 56 107 71 120 227 68 71 120 54 68 68 75 68 68
169 79 76 87 76 104 50 78 50 50 79 76 76 197 76 76 87 76 147 304 79 79 79 75 75 75 75 75 75 75 54 64 56 54 64 56 56 56 56 114 56 107 58 50 95 68 38 120 43 9 54 71 59 56 56 56 64 64 64 71 64 56 56 56 56 56 56 71 56 64 54 45 154 50 154 48 53 70 102 107 53 54 64 56 68 120 120 68 68 54 54 54 68 71 107 68
50 34 121 76 50 50 50 34 50 50 50 76 34 76 34 95 76 76 79 79 79 79 79 75 42 75 75 75 75 75 46 46 64 33 56 56 51 54 53 114 53 58 58 68 120 68 68 135 43 43 70 39 39 56 34 50 34 43 58 64 56 68 89 58 58 58 294 56 71 53 34 45 64 107 53 0 0 121 58 58 50 75 56 64 64 120 54 120 68 68 120 50 71 71 68 68
50 34 197 197 304 197 50 50 76 154 169 116 138 160 154 34 76 85 50 79 79 79 79 79 79 75 75 54 75 107 107 71 56 54 56 0 0 0 0 0 114 58 68 54 68 68 89 89 103 51 51 70 70 56 68 50 43 43 256 58 68 68 68 68 68 68 64 59 71 53 54 71 53 104 126 0 0 0 0 78 58 154 71 114 120 54 68 49 68 68 68 54 71 45 45 45
50 79 79 79 197 34 106 76 76 168 116 116 116 169 116 46 46 154 79 34 79 79 54 53 75 46 71 71 46 56 64 56 34 0 0 0 0 0 0 0 53 107 68 68 68 68 68 68 96 83 51 56 56 120 68 68 50 231 120 120 68 68 91 91 68 54 64 71 56 56 154 54 294 39 178 0 0 0 0 50 120 56 71 106 70 102 71 49 53 53 50 71 71 45 50 50
48 24 24 192 107 50 50 206 50 192 76 154 48 192 47 116 34 95 75 34 39 34 79 79 75 68 46 56 56 56 103 103 78 0 0 0 0 0 0 0 0 64 85 89 54 68 91 91 204 68 68 68 68 68 68 68 68 68 70 294 120 68 68 95 68 68 71 56 56 154 68 68 68 120 205 133 50 0 0 120 120 120 120 68 39 71 71 43 89 68 68 68 120 68 111 68
192 75 14 34 34 107 34 50 50 55 65 42 46 195 34 116 192 34 50 50 34 34 50 50 53 53 36 64 154 71 27 0 0 0 0 0 0 0 0 0 0 103 56 107 229 120 120 120 68 68 68 120 91 68 68 68 54 120 68 96 120 68 68 68 68 68 64 0 56 120 120 68 68 68 68 68 54 39 0 0 120 120 111 68 68 102 51 111 68 68 68 68 68 68 68 68
50 75 197 102 165 107 14 50 48 50 48 46 46 46 24 154 50 34 50 34 50 50 34 50 75 75 64 64 64 103 0 0 0 0 0 0 0 0 0 0 0 68 103 64 120 68 120 68 75 120 120 120 120 91 68 50 50 95 68 107 107 68 75 53 68 68 294 114 0 0 120 68 68 68 68 68 120 205 205 83 120 91 193 68 107 102 68 111 53 68 39 68 111 111 68 111
53 53 75 54 71 53 53 34 107 75 50 48 46 139 46 107 154 78 192 34 192 50 53 71 154 56 64 43 0 0 0 0 0 0 0 0 0 58 294 294 120 54 71 64 68 68 50 75 107 120 68 120 58 120 256 43 231 95 68 64 56 107 71 56 75 68 56 0 0 106 68 68 71 68 68 107 294 294 107 89 111 91 68 68 103 103 68 111 53 68 111 68 68 111 68 68
53 53 75 75 206 75 75 75 34 107 154 75 46 107 107 107 71 56 56 95 50 50 175 48 71 71 0 0 73 0 0 0 0 0 106 97 43 133 70 56 107 56 64 107 68 71 154 154 294 120 154 107 43 50 231 64 268 256 54 51 56 56 70 56 99 294 56 70 87 106 68 68 120 68 103 56 294 89 89 102 150 111 111 68 111 68 68 53 68 68 68 111 68 68 55 111
53 53 54 75 75 75 107 154 107 91 64 91 107 64 75 75 46 84 84 71 68 71 103 70 0 0 0 0 73 102 0 0 0 0 294 120 294 133 70 71 56 56 56 64 64 56 70 70 56 294 43 58 43 43 202 43 43 120 96 56 41 41 70 77 77 70 77 69 106 120 91 91 120 68 77 56 56 68 68 111 150 111 68 68 111 39 111 111 111 68 68 111 125 111 55 79
68 53 75 75 75 154 33 56 56 56 56 56 71 64 56 107 75 64 64 56 64 64 70 70 0 0 0 43 73 102 0 268 268 69 70 70 70 70 70 70 70 70 56 56 51 56 70 70 56 85 133 43 50 231 43 43 58 133 56 51 51 56 85 68 68 68 68 68 120 120 68 68 68 68 68 68 68 120 68 150 150 39 68 111 150 53 111 111 111 111 111 111 68 111 83 79
68 68 56 56 107 56 67 39 67 39 39 28 71 54 56 56 107 56 56 64 53 53 77 78 77 73 43 43 69 69 78 106 133 51 41 41 41 41 56 41 70 70 56 56 56 56 56 56 70 56 294 43 89 126 68 58 77 77 51 68 229 77 89 68 68 68 68 68 68 68 68 68 68 68 68 68 68 68 120 150 111 39 39 68 111 150 150 68 111 111 111 111 111 111 39 79
70 49 70 70 56 56 39 39 39 39 70 70 57 56 43 70 0 69 70 53 27 11 11 87 69 69 87 77 58 70 51 52 52 33 41 51 33 56 52 52 70 70 56 33 33 56 33 33 56 51 51 51 85 77 68 68 68 46 68 68 111 68 68 68 68 68 68 68 68 68 68 68 68 68 68 68 68 68 68 68 111 39 53 83 150 150 111 125 111 111 111 111 111 111 79 79
85 85 85 70 85 56 70 70 70 56 133 27 27 197 73 73 73 125 69 69 58 70 27 69 70 70 85 125 70 52 52 51 51 51 52 51 51 51 46 52 52 52 46 56 51 51 51 33 33 85 51 51 85 68 68 68 111 111 53 53 111 111 111 111 68 68 68 68 68 68 120 68 53 68 68 68 68 68 39 68 150 111 68 150 150 83 111 111 111 68 111 111 111 111 111 48
68 68 103 77 85 85 70 85 51 58 85 85 56 85 85 43 106 85 85 85 70 56 85 70 77 85 85 85 52 52 51 51 51 85 85 70 77 46 46 68 126 46 46 51 51 85 51 51 51 89 46 46 77 68 68 68 111 111 53 111 111 111 111 68 68 68 68 133 120 68 120 111 68 68 111 68 68 68 39 68 150 150 120 120 83 111 111 111 38 68 111 111 111 39 111 79
77 103 102 85 77 77 85 56 85 85 52 52 85 85 56 85 85 77 56 56 56 52 52 52 77 77 77 52 77 77 51 85 51 51 77 68 68 68 68 68 69 68 46 51 51 85 51 51 85 89 126 126 68 126 126 68 111 111 111 111 111 111 111 68 68 68 89 120 68 68 68 68 68 111 111 68 68 68 68 68 68 91 219 158 53 111 111 205 38 39 54 68 39 111 111 79
77 77 85 102 77 85 77 46 52 52 77 77 56 51 85 85 77 77 51 51 56 85 85 77 77 77 85 77 77 77 51 51 102 77 68 68 68 68 68 53 66 68 81 51 51 51 51 51 85 89 111 111 81 111 111 126 111 111 111 111 111 111 111 68 68 68 133 120 68 68 68 68 68 111 68 68 68 68 68 150 97 91 120 111 111 111 111 205 58 68 68 111 39 111 111 111
126 92 77 102 111 53 70 125 77 46 77 77 77 56 85 77 56 52 77 77 51 85 85 77 77 126 77 77 126 68 43 77 111 111 68 68 91 91 91 111 91 68 111 126 102 51 48 51 85 126 111 111 126 91 91 111 111 111 68 111 111 68 68 68 91 91 68 89 68 68 68 111 111 111 68 111 111 111 111 68 111 68 120 68 111 91 39 34 34 54 111 111 111 111 111 111
39 68 126 68 111 68 39 111 39 69 111 68 70 77 89 85 70 85 89 77 85 85 77 77 77 126 126 68 126 111 111 111 111 111 111 91 91 91 91 111 111 91 111 91 68 55 81 81 81 111 111 91 91 91 91 111 126 111 111 111 111 111 111 91 68 79 38 89 133 68 68 111 111 68 68 68 111 68 68 111 70 111 68 111 111 111 39 111 111 14 111 111 111 111 39 111
