Big_Beef/DataInputs30m/m_3_Age/Big_Beef_1990Age30m.asc
ncols        345
nrows        426
xllcorner    508536.404131802963
yllcorner    5265678.997906560078
cellsize     30.0
NODATA_value -1
[rows 112 to 167 of 426, columns 192 to 287 of 345]
114 192 24 0 54 14 14 54 34 54 168 54 0 0 14 14 14 54 14 54 45 40 41 114 84 114 68 43 24 71 27 14 14 14 56 14 40 99 69 68 84 84 40 40 40 114 60 101 72 162 162 84 60 162 71 66 54 71 100 100 14 195 56 71 78 14 66 83 0 83 54 45 83 14 14 83 168 34 34 14 83 168 34 34 0 0 0 83 71 71 71 71 14 14 83 195
34 73 14 0 0 54 14 34 148 34 0 71 14 195 0 14 14 34 195 45 45 34 84 84 84 71 71 14 84 24 71 71 168 14 14 71 66 99 68 99 40 40 74 84 84 70 60 60 162 66 84 84 84 54 14 54 54 14 14 66 14 45 87 71 14 14 16 45 83 83 27 14 0 14 14 168 34 34 195 195 195 71 71 71 83 83 83 82 71 71 71 71 54 54 195 195
84 84 0 148 44 95 195 18 11 0 87 34 107 14 27 34 195 34 14 14 56 40 84 68 84 71 71 71 71 54 43 84 114 71 71 14 66 162 60 40 44 40 74 84 84 84 84 84 60 162 66 114 66 54 84 14 78 24 66 54 27 24 27 54 66 71 54 65 69 66 34 27 71 14 14 168 34 195 71 71 71 71 71 71 34 14 195 71 71 71 71 54 14 54 195 195
17 168 107 148 11 11 11 0 12 0 0 126 34 54 54 14 14 14 14 14 71 44 84 84 71 71 71 71 34 195 71 53 168 195 195 14 66 66 99 38 38 40 43 40 40 84 40 84 60 114 66 66 66 45 83 40 56 27 14 27 16 24 24 14 14 162 44 44 71 71 71 71 40 40 14 14 34 195 34 34 71 71 71 71 71 71 54 71 68 54 54 34 56 45 54 195
17 44 148 148 21 53 78 92 0 0 15 0 0 27 14 14 14 14 14 14 71 44 84 68 71 0 71 195 34 168 195 95 66 71 56 168 195 66 99 99 68 40 40 40 40 55 40 60 101 66 80 74 66 45 151 151 151 44 68 27 0 22 16 24 0 98 44 71 114 71 71 71 71 71 71 71 34 34 168 71 168 34 168 168 83 71 71 71 56 34 34 54 56 45 54 14
17 24 12 12 10 11 92 0 0 0 14 0 0 106 14 14 14 14 54 14 54 34 54 71 0 24 0 71 195 34 34 195 74 74 74 45 80 66 99 162 99 68 40 40 40 70 40 101 114 114 80 74 74 45 14 14 151 65 16 22 24 24 40 22 68 78 195 68 56 66 71 195 71 71 71 71 195 34 34 168 82 54 34 168 71 71 43 43 71 71 14 54 54 45 45 195
17 17 12 84 14 31 29 0 12 0 78 29 0 87 34 6 168 14 14 54 14 31 31 71 14 14 0 71 195 195 118 74 74 74 74 74 101 101 101 162 60 60 68 84 40 70 40 40 60 114 80 74 74 45 45 57 0 22 65 65 65 14 40 40 68 205 195 44 44 14 53 195 98 168 71 34 34 34 44 76 168 34 168 168 54 31 33 43 78 56 14 34 54 14 56 56
17 15 11 31 0 178 0 0 0 0 29 29 31 29 60 57 87 34 14 14 14 40 0 0 0 14 0 71 98 74 80 74 74 84 84 101 40 40 60 162 84 84 84 44 40 84 57 60 60 114 80 74 74 66 168 168 83 22 0 168 168 45 56 14 68 87 71 54 17 44 53 195 71 195 195 14 34 168 168 168 195 83 168 78 18 44 43 43 40 71 71 14 56 71 45 45
17 12 21 11 0 0 0 38 31 13 57 29 57 0 29 0 0 34 34 54 56 54 71 114 48 0 66 66 14 118 114 84 84 162 84 69 60 84 68 84 71 66 162 44 70 84 84 60 162 114 80 114 66 66 45 65 151 68 56 0 0 56 71 40 22 87 195 17 44 18 66 97 56 71 45 14 34 95 34 34 34 34 76 34 68 68 60 43 46 71 71 14 14 56 56 54
44 15 0 9 0 0 0 0 0 60 60 0 13 31 0 0 34 34 14 54 56 56 71 54 44 0 0 114 118 118 84 65 71 56 71 84 60 71 84 84 66 74 99 40 84 84 84 57 84 162 114 66 162 66 71 84 84 24 27 24 56 56 69 27 83 83 14 54 44 114 114 195 118 118 71 118 118 195 56 34 168 34 34 71 71 68 31 148 71 71 14 14 56 56 54 54
44 0 92 31 0 0 60 0 0 0 0 0 0 21 21 21 0 34 14 14 24 27 71 24 16 78 14 56 71 84 47 151 34 14 14 66 71 195 195 14 66 101 44 40 40 40 84 84 84 162 114 74 66 66 71 66 24 24 24 24 24 14 24 87 0 14 66 71 54 66 97 195 56 71 71 118 168 168 54 56 195 34 34 71 71 71 31 68 43 48 195 71 71 71 71 54
14 0 0 0 0 60 0 0 0 0 0 0 0 0 0 21 0 34 14 14 27 24 27 56 56 14 14 195 14 71 34 34 14 14 34 24 54 60 162 114 66 51 40 56 40 40 60 84 84 84 66 72 74 100 114 74 74 24 14 74 24 24 22 24 56 14 54 27 84 168 82 118 56 56 56 118 84 71 71 56 71 195 71 71 71 71 71 17 17 48 45 71 71 71 14 71
15 126 0 0 0 0 0 0 0 60 0 60 0 60 0 29 121 34 14 27 27 27 14 27 27 14 14 14 54 54 107 195 195 14 69 0 0 38 74 114 101 40 40 40 40 40 60 84 84 68 68 40 84 66 74 66 74 45 14 114 74 24 71 56 71 14 14 14 44 206 45 56 71 71 56 195 71 71 71 45 71 71 71 71 71 71 54 34 44 24 45 71 71 71 14 31
11 11 0 21 0 0 0 0 60 60 0 9 0 0 0 0 87 34 14 14 14 27 27 27 27 27 14 56 14 34 195 71 71 114 65 99 99 99 74 101 99 60 70 70 40 40 84 60 162 84 68 40 71 71 71 66 66 84 71 71 114 71 84 43 71 14 14 56 71 71 71 45 56 56 14 71 71 71 195 71 71 71 71 71 71 71 71 71 71 71 71 118 118 56 71 31
0 0 0 0 92 0 0 0 19 21 0 0 0 0 0 0 16 78 27 24 27 27 27 24 14 56 118 71 71 71 195 195 87 71 54 84 99 38 40 40 40 40 40 84 60 60 84 84 84 71 66 118 66 66 66 66 66 66 71 71 71 34 84 71 24 71 71 71 71 71 71 71 56 195 195 71 71 71 71 71 71 71 71 71 71 71 71 71 71 71 118 45 118 45 56 31
0 0 57 0 12 0 60 0 21 0 21 12 92 0 0 0 16 54 24 27 27 27 27 27 14 14 14 71 71 71 71 107 14 14 14 71 84 40 40 40 40 40 40 60 60 162 71 71 84 68 71 66 66 54 71 71 71 78 71 71 71 71 71 56 71 56 102 71 71 66 0 118 14 71 71 66 71 83 44 71 71 71 71 64 71 71 71 71 56 71 56 14 56 45 71 71
14 0 57 0 0 0 0 31 57 0 92 0 0 0 11 0 0 0 34 14 27 24 14 14 14 24 24 71 56 195 195 107 14 14 14 162 162 60 40 40 40 40 70 84 60 114 66 114 54 84 71 66 84 54 71 71 78 40 78 71 71 71 71 56 56 54 102 83 44 84 195 34 34 195 71 71 54 45 54 71 71 71 71 71 71 71 71 56 71 71 14 56 14 14 56 40
57 0 0 0 0 0 0 0 0 0 0 0 0 11 14 92 92 0 78 34 87 56 14 14 14 22 84 71 71 71 195 71 71 14 14 84 60 44 40 40 40 40 70 84 60 114 80 80 66 66 71 71 71 71 71 71 40 54 71 71 54 71 195 118 71 56 45 66 44 0 82 34 34 83 71 71 54 54 44 64 71 44 71 71 71 71 71 71 71 71 71 71 14 56 56 40
14 11 0 0 0 57 0 0 29 0 0 126 0 11 0 78 121 14 14 14 87 56 24 102 14 14 84 44 71 71 114 71 69 14 98 84 84 68 60 40 40 40 74 40 40 114 66 80 66 66 66 84 84 71 71 71 78 54 44 102 71 107 102 118 66 118 14 34 34 6 195 34 34 168 71 34 151 54 44 41 32 31 31 71 71 71 56 71 71 71 71 56 56 14 71 22
0 15 11 0 15 31 0 0 0 0 0 11 88 0 0 192 40 14 14 14 14 14 56 56 118 78 84 71 195 71 71 71 14 118 66 101 162 60 60 47 38 40 40 40 40 84 60 84 60 84 66 118 195 71 71 71 71 71 71 195 71 54 45 118 71 66 14 34 34 168 195 6 9 34 83 83 83 87 41 41 44 44 31 54 71 71 56 56 71 71 71 56 71 71 56 22
0 15 57 0 0 31 0 0 0 0 0 28 0 76 0 0 0 14 14 14 14 95 0 0 118 99 84 71 69 79 66 71 118 74 72 162 101 101 101 44 38 56 74 40 60 60 84 84 60 195 195 56 71 71 71 71 71 71 71 71 71 71 71 71 84 87 14 14 71 14 83 83 87 168 113 83 68 84 44 99 34 31 71 44 71 71 56 71 71 71 71 71 71 71 27 71
0 92 0 11 31 0 0 92 60 0 0 0 0 168 0 0 14 14 14 14 14 192 0 56 84 40 50 71 168 168 14 14 60 74 66 40 40 40 44 28 40 40 74 40 60 101 72 114 114 195 118 66 114 78 71 78 78 71 71 54 71 40 71 71 0 0 0 66 71 14 14 195 195 34 113 34 54 44 83 44 71 31 54 54 71 14 56 71 71 71 71 56 45 195 56 71
14 6 0 11 0 0 0 0 92 0 126 0 66 83 0 14 0 56 14 34 14 14 14 66 54 14 54 84 84 69 14 81 84 84 84 40 84 68 40 40 40 40 70 84 101 72 74 74 74 74 74 74 74 74 74 74 56 74 54 54 71 44 71 71 0 0 14 66 54 34 14 83 66 34 34 44 44 68 44 54 54 71 71 54 54 71 71 71 71 34 71 71 45 56 34 195
14 29 16 57 29 0 29 0 0 151 0 0 126 11 57 57 57 0 14 14 14 56 14 78 114 114 56 34 54 66 71 71 114 84 84 84 71 162 84 40 40 40 40 114 60 72 72 162 80 74 74 74 74 74 74 74 74 74 45 54 69 98 168 82 0 56 66 66 45 45 83 45 45 83 54 17 44 54 44 44 44 71 71 54 71 71 54 71 71 14 34 118 45 14 118 118
14 0 0 0 0 0 9 9 92 58 0 0 0 83 57 57 14 14 56 14 14 56 56 22 71 71 118 40 71 114 114 114 54 195 195 195 71 71 84 40 40 40 74 66 84 60 72 162 72 74 74 74 48 48 74 74 74 74 74 45 195 74 66 82 55 74 66 45 45 45 34 45 45 83 17 17 21 65 44 34 31 40 71 54 71 54 44 44 31 195 34 71 71 168 0 168
15 151 51 0 11 0 0 0 51 0 17 32 92 83 34 14 14 14 14 14 14 14 14 31 84 71 14 14 71 54 71 71 45 56 71 118 71 54 99 68 162 40 40 70 57 60 60 101 72 74 74 74 74 74 162 74 74 74 74 74 55 74 36 80 55 44 84 54 45 83 83 45 45 83 17 54 45 83 65 71 71 31 71 71 44 40 43 114 44 95 71 195 118 34 83 76
53 151 151 0 92 0 0 0 0 126 0 10 92 83 34 14 14 14 14 14 14 14 162 78 40 71 69 71 71 34 195 71 50 71 71 71 71 51 162 60 40 50 66 53 40 40 40 40 84 162 72 84 162 162 54 84 66 74 66 74 74 36 74 162 162 54 84 54 14 34 83 83 83 0 0 105 44 45 83 71 54 40 71 54 44 43 44 44 71 95 71 69 34 168 83 76
21 18 31 92 92 0 0 0 9 0 14 10 0 0 34 14 87 56 14 56 84 71 84 78 14 195 54 71 54 95 45 71 107 43 64 71 71 84 84 162 84 40 40 55 40 40 40 40 40 40 40 84 54 34 68 84 64 54 34 84 66 50 35 28 68 65 83 54 54 34 34 34 83 0 83 105 66 66 71 44 44 54 71 71 44 44 17 54 40 54 71 195 195 168 195 195
17 18 18 14 14 21 83 10 53 126 13 11 83 0 34 14 14 14 14 56 65 41 14 14 162 84 114 48 71 95 71 71 44 44 44 114 43 43 84 84 84 84 40 40 40 104 84 40 40 40 84 162 54 54 162 162 54 50 54 34 68 68 84 54 84 0 168 14 14 14 14 14 34 34 45 105 71 71 71 31 34 16 71 71 71 54 54 64 71 54 54 71 66 168 195 34
53 44 18 44 83 151 168 53 53 114 44 48 83 34 34 14 14 14 14 44 99 84 14 14 14 71 48 16 66 66 44 44 84 114 71 114 64 44 84 84 60 60 60 74 55 70 40 40 40 60 60 66 55 66 54 54 65 65 76 45 50 54 83 195 83 21 87 71 14 14 14 14 14 71 71 71 71 71 71 54 65 53 84 0 0 44 54 65 44 64 65 44 66 168 168 34
44 54 59 54 114 43 53 53 53 53 71 34 95 21 95 34 34 14 14 54 54 56 71 87 71 78 54 34 44 18 31 44 71 74 66 53 64 54 44 84 60 99 40 40 40 55 66 40 40 40 60 66 55 65 14 54 0 87 113 168 87 6 0 6 17 21 168 54 14 14 14 14 14 71 71 71 71 71 54 17 151 168 84 65 0 0 151 0 65 65 9 65 54 34 76 118
66 54 54 54 48 151 151 54 54 151 34 34 34 34 21 0 14 14 14 71 14 14 66 71 71 64 54 35 54 66 44 44 66 74 66 66 71 35 57 71 84 74 38 34 70 40 9 56 84 84 60 114 45 65 118 45 0 113 113 0 0 0 0 113 21 21 83 54 54 14 14 14 14 54 71 71 71 71 54 83 151 83 87 0 0 0 0 0 0 0 12 151 53 66 34 87
0 0 74 57 53 54 54 66 66 83 54 34 34 14 34 34 56 14 14 71 14 56 66 34 68 18 64 44 44 24 69 44 44 54 43 50 71 57 99 60 99 74 40 40 70 66 114 168 114 114 114 114 45 14 45 0 0 0 0 21 17 0 83 168 17 32 54 54 54 14 27 56 14 71 71 14 71 71 54 44 14 14 151 87 0 0 0 83 83 0 12 87 102 14 168 195
14 0 0 77 53 54 54 66 83 34 54 54 34 34 14 14 69 195 14 14 14 14 71 74 14 30 71 72 34 71 69 44 17 71 71 54 32 57 44 99 44 40 40 84 70 60 66 66 84 84 60 114 84 66 14 45 0 0 6 113 21 108 83 83 54 54 71 66 14 14 27 14 54 71 71 71 71 71 71 54 83 6 6 6 0 0 0 44 44 0 151 71 195 66 69 71
0 0 151 53 54 54 68 53 168 54 71 71 14 34 14 45 40 22 78 45 71 71 71 74 71 72 66 84 162 56 69 43 69 15 17 66 56 44 65 99 99 60 40 40 84 84 69 162 44 40 60 84 84 71 14 45 21 0 0 64 50 34 83 45 54 54 54 54 14 14 14 14 27 44 44 71 71 71 71 14 27 83 6 0 0 0 44 44 65 83 44 195 14 14 27 68
151 0 53 53 84 54 54 84 53 168 78 34 14 34 34 14 40 71 71 14 34 114 71 71 64 71 64 54 68 84 45 44 44 45 19 15 66 168 17 11 84 60 40 40 68 60 60 78 44 84 40 40 84 48 45 83 83 21 21 168 106 34 34 168 71 54 71 71 54 14 14 14 27 44 84 64 71 71 27 87 27 83 6 6 0 0 0 44 14 83 151 56 71 54 54 71
6 0 0 53 84 84 44 53 71 83 14 14 14 34 14 14 14 71 66 68 54 64 54 84 84 84 54 84 66 68 68 68 54 50 19 12 13 66 11 0 168 44 68 40 84 114 60 66 162 54 68 40 84 151 83 83 151 66 32 66 34 83 0 168 71 71 71 14 14 14 14 14 27 44 44 71 71 14 14 54 54 16 83 0 57 0 0 0 83 83 151 0 14 14 16 71
9 62 74 84 54 54 53 34 14 118 14 14 14 14 14 56 14 71 71 71 54 27 43 48 54 14 54 84 54 84 84 84 68 44 44 18 14 14 14 14 60 57 60 114 114 114 84 114 66 81 54 71 84 151 0 0 0 151 168 66 66 39 0 71 54 54 71 14 14 14 14 14 14 56 44 44 71 71 14 54 69 44 151 21 57 21 0 0 168 21 0 0 54 66 68 78
9 54 54 54 54 9 168 14 14 14 14 14 14 14 14 56 14 44 43 71 27 54 44 48 14 14 14 114 54 54 54 54 68 51 44 32 65 65 44 15 66 162 84 84 114 114 162 84 71 45 54 54 84 53 0 13 0 0 195 168 0 83 83 66 66 71 34 71 14 71 71 78 98 54 44 84 54 71 56 27 34 95 151 83 57 0 0 83 84 14 14 0 0 54 16 40
9 66 65 66 151 0 0 168 34 56 14 14 14 14 14 78 14 43 71 71 54 64 27 41 14 27 27 54 48 48 48 114 84 114 44 84 65 84 44 17 48 84 84 84 84 162 162 162 84 84 54 71 84 83 83 0 21 0 168 44 21 21 87 168 34 66 34 71 71 71 71 71 168 54 54 44 14 27 14 14 34 84 69 69 0 0 0 0 83 54 14 66 52 17 54 40
14 66 74 151 26 0 0 83 34 34 71 80 54 34 44 64 71 43 56 48 71 114 114 43 87 48 56 54 53 48 18 48 84 22 60 60 71 48 24 84 84 65 66 84 84 114 162 54 84 84 54 17 18 84 44 45 21 83 83 34 21 21 0 83 34 34 34 87 64 71 71 66 195 71 54 54 54 14 95 14 54 54 14 17 21 57 0 21 83 65 14 14 17 68 40 71
151 151 44 83 83 83 83 83 168 66 71 34 83 54 54 54 68 48 60 70 66 59 66 104 114 77 54 54 48 48 17 84 84 32 43 40 40 84 71 162 84 84 53 66 162 84 54 54 54 84 54 151 44 65 151 17 45 168 83 34 21 0 83 34 34 34 83 17 17 44 71 34 71 71 71 151 24 95 168 14 54 54 45 54 83 45 0 21 83 0 83 34 17 45 40 40
195 34 34 83 24 34 34 14 14 34 34 14 34 34 34 17 34 43 148 85 66 48 66 59 59 53 48 48 48 14 48 84 32 38 38 62 40 40 60 84 84 71 102 66 84 54 46 54 54 54 114 83 65 53 168 66 54 168 76 178 21 34 34 34 168 83 21 21 14 168 168 48 14 54 44 17 0 14 0 34 68 45 39 39 17 17 54 54 17 14 21 0 17 32 34 71
71 118 34 45 24 14 24 14 14 14 14 14 14 14 34 148 68 47 47 148 114 48 53 54 70 39 48 48 18 44 84 17 32 87 38 38 57 84 84 84 84 114 114 45 84 46 46 44 54 71 44 84 84 84 78 34 83 17 0 0 168 54 168 34 0 83 32 83 34 14 53 83 83 22 17 21 0 14 0 168 168 45 168 78 78 17 84 22 27 14 34 17 32 24 39 83
195 71 78 195 14 14 14 14 14 14 14 14 14 27 54 16 10 32 27 27 47 17 16 18 17 16 48 48 16 23 44 74 68 74 60 60 60 60 66 84 114 195 66 45 66 54 54 44 60 114 54 64 54 168 78 50 34 45 83 34 14 168 168 83 83 34 34 66 34 71 71 83 44 54 54 0 21 0 0 0 168 168 168 168 168 44 84 71 71 54 24 24 24 24 32 45
195 34 14 56 14 14 14 14 14 14 54 14 14 27 95 16 21 95 95 47 31 16 16 148 148 16 54 95 31 16 35 69 68 40 40 60 84 162 162 162 114 97 80 66 45 45 36 99 44 84 195 71 54 168 78 78 54 45 83 168 66 151 83 83 83 0 83 83 83 14 71 54 54 54 17 0 21 21 21 17 83 168 0 76 76 44 84 71 27 54 24 45 45 71 14 24
71 56 56 14 56 34 14 14 14 14 14 14 56 79 32 95 16 16 95 21 16 16 95 16 21 18 34 31 54 44 38 38 40 68 60 162 84 60 84 84 53 84 45 162 45 162 54 54 84 71 195 71 71 151 168 168 34 44 83 168 168 151 0 0 13 0 76 34 168 14 34 83 83 54 44 0 0 21 0 21 34 168 0 76 76 76 84 24 71 24 68 71 71 14 14 14
48 14 45 56 56 14 45 14 14 56 56 14 14 14 14 32 16 16 78 21 11 16 78 78 78 148 11 95 31 44 54 68 68 70 60 60 84 60 84 84 48 65 162 162 162 66 66 71 64 71 71 84 71 14 83 44 44 151 0 83 87 83 0 21 21 21 83 34 168 168 34 34 54 44 148 0 0 0 0 44 34 83 168 76 168 65 84 95 14 24 54 71 78 78 14 14
48 56 14 56 71 71 71 54 14 14 14 14 14 14 14 148 148 148 47 21 48 11 11 47 47 78 16 21 68 44 54 13 56 84 57 84 84 84 84 84 87 65 60 60 60 162 66 57 84 84 71 44 71 45 83 44 66 0 0 78 34 83 34 34 21 34 83 168 168 83 83 34 83 44 168 0 14 0 151 44 168 168 168 168 168 99 84 95 45 45 45 24 78 78 56 14
79 14 14 56 71 97 54 56 14 14 14 14 14 14 14 34 83 16 16 21 16 16 95 32 21 34 78 78 21 68 17 51 44 71 84 84 84 60 60 97 68 87 65 40 60 81 60 57 44 44 0 0 69 168 45 65 0 0 0 168 54 82 82 34 14 34 44 0 0 0 83 83 0 83 44 78 0 17 0 44 168 168 168 168 68 34 54 14 17 17 24 24 40 24 54 71
78 78 14 14 71 54 54 56 14 14 14 56 14 14 83 16 14 95 17 18 0 11 47 54 31 32 11 18 18 32 44 84 84 84 68 68 84 84 60 84 68 53 57 40 60 99 50 60 44 71 66 0 0 54 44 44 0 0 6 168 54 168 76 34 34 34 44 29 21 0 83 0 0 151 17 18 83 18 71 48 168 168 168 66 71 71 24 71 24 45 24 54 68 40 54 54
14 14 71 71 54 14 54 56 83 14 56 56 14 14 14 14 95 95 11 26 78 78 28 14 32 31 31 17 151 44 0 54 84 68 34 68 40 84 84 84 84 84 84 60 60 32 43 43 9 24 65 168 69 54 69 168 45 0 6 195 54 168 83 45 98 168 44 21 34 0 0 57 83 65 65 84 44 71 65 44 168 168 168 66 54 71 71 16 40 95 24 71 54 31 44 71
0 27 71 102 50 83 56 14 56 14 14 14 14 14 54 14 27 17 21 78 78 148 34 17 32 17 21 78 78 151 151 56 54 40 68 69 40 114 0 84 84 104 53 65 44 44 44 66 0 9 65 65 65 44 45 66 45 45 76 66 45 83 168 45 45 45 14 14 14 151 83 0 83 44 44 168 44 44 56 168 168 65 54 84 71 71 54 54 24 56 84 71 54 54 54 71
0 80 50 56 56 83 56 14 34 14 14 14 14 71 87 14 34 78 0 11 39 31 17 17 168 17 78 83 83 21 151 68 68 54 34 0 0 0 0 0 40 84 84 87 84 84 17 11 11 0 66 21 0 114 72 114 45 66 168 66 66 45 45 44 15 65 17 12 151 151 83 83 66 44 44 44 44 66 45 66 44 35 54 71 71 71 71 68 16 54 71 71 54 54 54 63
44 53 50 56 83 14 14 14 14 14 45 14 27 48 48 34 11 11 33 17 14 14 37 17 32 32 11 83 83 83 34 71 32 40 0 0 0 50 0 0 84 84 60 195 45 17 60 0 12 126 11 12 168 45 72 100 43 43 44 114 66 45 17 44 18 44 45 168 126 168 168 84 84 84 24 45 66 54 54 71 54 54 84 71 27 68 68 68 66 54 31 14 71 16 54 39
48 97 14 14 54 54 88 56 14 14 14 14 71 11 0 11 11 148 148 47 34 14 14 31 17 32 21 39 39 14 71 31 64 114 54 34 34 0 114 162 84 84 195 195 195 54 44 0 66 57 28 11 0 162 101 101 101 101 72 44 44 44 48 44 18 84 44 45 168 168 84 84 57 50 162 66 66 68 34 35 54 71 24 24 27 24 16 16 71 71 71 14 54 54 24 66
