Big_Beef/DataInputs30m/m_3_Age/Big_Beef_2010Age30m_QgisFormatAdjusted.asc
ncols        345
nrows        426
xllcorner    508541.817039101152
yllcorner    5265686.364124929532
cellsize     30.000
NODATA_Value -9999
[rows 224 to 279 of 426, columns 0 to 95 of 345]
47 47 47 32 31 66 33 19 32 11 11 44 32 20 15 34 111 40 40 57 60 60 60 0 71 66 55 48 14 14 83 34 34 34 34 34 34 95 44 32 15 21 29 18 36 57 10 16 195 151 168 18 126 53 64 66 71 54 54 87 64 71 48 48 83 34 54 114 168 168 71 64 68 64 68 68 64 59 36 104 48 18 40 0 0 21 83 0 0 0 48 6 13 79 71 83
54 47 54 54 29 91 47 47 17 20 31 11 41 36 24 20 40 70 84 84 60 57 40 0 66 14 14 66 34 34 34 34 34 34 34 34 34 95 18 19 148 53 53 168 56 83 24 107 6 6 0 0 64 34 66 64 64 54 0 34 34 70 18 0 102 114 83 0 126 168 64 114 54 151 68 68 68 104 0 0 48 10 10 57 65 0 21 77 29 76 53 83 83 184 71 168
34 66 54 0 0 29 32 38 20 24 10 15 15 44 44 40 40 84 60 60 68 40 40 0 71 66 55 14 14 34 34 34 34 34 34 34 151 18 48 77 53 168 195 168 83 56 97 0 108 0 21 21 29 0 66 66 54 45 29 34 29 12 29 121 168 6 26 15 126 83 54 114 68 0 53 53 40 70 48 0 70 44 66 70 36 48 151 77 64 71 54 47 95 64 53 255
47 31 0 0 0 68 33 24 20 24 19 20 51 60 57 57 84 84 60 60 69 40 0 0 66 91 55 14 34 195 34 34 71 34 34 168 9 18 64 195 195 195 54 195 83 168 114 87 108 178 39 83 68 21 154 64 54 32 34 54 36 10 0 0 168 34 0 0 18 34 34 48 53 28 0 53 65 9 73 104 70 104 104 49 114 151 21 76 64 77 71 80 57 52 52 0
31 38 0 56 56 33 24 24 20 24 29 34 17 57 84 84 84 40 60 60 28 40 0 84 91 91 14 14 178 76 34 168 9 126 126 0 0 34 18 168 195 54 34 168 83 151 53 195 34 83 83 151 151 64 68 84 44 45 53 54 23 31 11 26 114 43 0 43 168 97 34 34 34 57 0 0 73 178 14 73 48 151 77 0 0 151 151 151 65 84 84 73 54 44 0 83
47 16 10 32 77 11 11 11 24 19 56 56 57 84 84 60 40 57 84 34 28 40 84 66 91 45 45 14 14 32 0 83 15 31 0 0 0 0 48 168 34 195 83 0 0 195 195 34 34 0 0 0 151 151 64 54 83 95 83 83 16 83 178 83 0 0 0 83 83 168 34 34 78 21 0 60 126 0 0 0 0 0 151 0 0 0 0 51 44 16 53 195 80 71 168 83
54 31 82 39 69 21 11 11 36 29 20 57 57 84 60 40 40 57 84 84 64 54 84 66 14 34 14 14 34 34 34 34 83 18 0 0 0 64 48 83 34 34 83 0 76 76 54 54 54 34 34 178 0 168 64 34 18 71 83 70 34 18 14 83 6 21 83 76 76 34 34 28 28 21 34 83 108 83 34 105 83 178 178 12 0 32 18 44 0 0 195 195 34 34 34 75
47 47 54 50 15 29 44 19 22 15 17 57 57 84 69 69 60 84 114 66 54 66 54 195 64 34 34 34 83 34 34 34 54 49 66 6 83 151 151 102 168 83 54 195 34 168 195 54 34 54 54 34 34 54 54 34 54 87 34 21 168 34 83 83 168 34 34 83 168 34 34 50 95 34 34 34 34 34 34 83 178 34 83 34 0 168 83 12 0 0 54 54 83 168 34 83
29 31 17 45 45 11 24 11 12 15 15 69 57 57 68 68 60 84 66 45 24 54 66 66 64 83 34 78 168 34 14 14 14 71 84 53 83 168 195 195 82 54 71 71 71 71 97 54 54 54 54 54 54 54 21 0 54 34 83 168 83 151 0 71 53 195 71 168 83 168 53 53 139 34 54 14 34 34 43 83 78 34 50 50 34 6 83 75 15 34 34 34 83 168 66 48
0 0 68 31 51 11 40 15 16 15 15 57 71 60 84 84 84 84 184 34 66 54 54 54 66 10 21 34 168 168 195 14 56 71 71 53 64 64 53 168 195 195 71 71 71 64 114 82 54 54 71 71 71 107 48 34 83 83 78 83 83 151 0 0 6 64 44 168 178 83 54 54 68 54 54 10 10 11 126 6 0 114 34 34 83 0 6 168 34 34 83 178 0 0 0 168
29 0 15 31 19 24 19 24 32 11 36 84 60 162 57 57 57 84 79 71 24 11 12 83 34 95 29 83 168 168 64 71 83 54 44 44 64 83 83 79 154 71 71 79 71 71 84 114 97 56 71 71 64 195 66 168 87 0 57 83 83 84 0 151 0 107 34 78 83 83 54 32 97 68 54 54 34 78 43 73 0 0 21 0 6 0 83 83 168 178 21 0 0 0 0 0
33 31 66 11 28 9 15 11 32 32 16 84 60 60 60 84 66 79 78 66 30 11 19 34 34 95 178 21 83 79 79 79 45 83 151 151 54 44 83 168 91 71 71 14 71 71 84 102 54 45 71 64 71 195 168 83 12 0 168 54 53 84 53 0 34 195 71 44 168 87 58 178 16 195 54 97 43 78 43 128 6 83 64 51 83 34 34 78 78 78 178 178 0 0 0 0
11 11 24 32 19 20 28 17 15 28 44 84 60 84 60 64 78 66 78 78 51 14 34 34 95 21 34 34 34 195 80 64 34 83 83 83 83 0 83 168 64 66 64 184 97 71 195 54 68 54 68 54 71 71 64 84 151 0 83 53 44 74 53 168 34 64 64 34 34 87 18 178 18 48 48 87 168 87 82 68 80 80 14 195 195 70 195 34 34 34 178 178 21 108 78 14
151 24 12 70 12 12 34 17 16 84 84 54 84 69 84 43 40 66 24 66 66 44 83 76 47 21 76 83 21 34 47 34 34 83 83 34 0 0 0 70 71 84 69 71 97 71 107 195 54 53 56 54 54 71 54 65 14 0 83 114 53 66 55 195 71 64 71 54 54 24 43 53 148 148 68 53 34 0 87 58 14 68 195 53 168 168 151 168 87 34 34 34 178 34 34 14
24 24 12 40 17 21 24 29 84 84 66 54 84 84 56 16 28 54 66 83 76 76 83 76 178 0 0 0 83 34 34 14 39 0 168 45 78 15 84 53 71 53 66 56 114 97 56 45 54 45 56 54 195 54 84 18 78 6 83 18 11 83 168 64 71 84 84 195 54 54 83 11 83 0 68 53 54 83 6 53 71 70 195 83 66 87 126 168 34 34 82 58 58 34 34 54
45 11 19 15 17 25 25 24 68 84 162 66 54 54 69 66 54 54 54 83 76 83 34 78 21 0 78 83 54 83 83 54 54 168 151 114 34 29 0 97 139 107 97 107 97 107 45 68 50 45 54 195 54 54 44 0 0 0 151 151 168 95 24 34 68 64 64 195 54 53 83 0 34 83 53 64 64 53 55 19 53 70 55 178 178 178 57 0 168 75 34 168 97 34 34 34
11 11 19 15 20 36 44 26 84 84 66 66 66 45 45 54 66 40 66 178 178 18 34 21 21 21 83 71 54 54 83 44 54 168 168 77 114 66 29 97 195 97 54 54 107 54 45 45 45 53 54 54 195 71 64 11 0 0 151 83 71 80 95 168 71 95 71 71 54 53 34 34 151 53 53 64 72 72 72 56 55 41 87 151 0 0 57 0 78 34 83 126 168 34 34 14
10 28 99 44 44 57 84 57 71 64 66 66 72 91 40 54 66 29 29 21 44 29 83 34 34 21 71 71 87 34 0 84 84 64 195 34 78 0 116 50 195 54 107 107 107 96 50 68 14 45 45 71 71 64 64 47 18 0 48 68 64 79 71 79 95 83 154 79 54 83 83 54 53 83 53 107 135 127 68 56 55 55 53 10 0 57 0 13 0 34 168 168 54 54 54 34
71 28 44 44 40 68 114 162 71 101 101 78 162 66 84 91 42 45 45 45 45 34 34 54 34 71 34 34 31 0 87 64 64 64 64 78 42 0 125 50 50 195 54 107 71 107 54 45 97 45 45 71 54 44 84 44 151 18 44 64 71 79 34 34 19 178 21 47 87 83 0 6 83 57 126 102 106 66 139 47 64 64 66 0 9 18 0 108 0 0 0 126 195 54 54 54
66 54 69 69 44 57 68 84 57 44 44 51 68 162 30 74 36 43 14 45 14 195 34 54 71 71 34 34 6 6 38 168 71 64 57 48 13 77 85 54 107 70 0 0 32 97 195 97 97 14 50 71 54 84 71 56 56 64 44 44 13 66 54 34 34 32 37 79 87 168 6 6 78 0 0 17 139 54 54 80 64 53 53 11 78 83 0 0 0 0 0 87 168 195 195 34
48 91 34 28 44 57 57 57 68 69 68 69 68 54 101 91 48 48 48 14 14 66 66 71 71 54 48 34 195 29 18 71 77 36 36 64 68 77 64 14 70 56 26 0 32 114 0 0 0 0 64 97 64 34 84 64 64 64 64 54 68 66 168 34 79 47 54 71 83 168 0 6 6 0 17 17 113 139 139 71 71 64 34 0 78 105 0 0 0 0 87 76 34 64 83 168
48 66 28 28 44 57 84 64 34 84 34 84 34 69 59 59 64 91 55 118 45 66 71 64 54 16 92 0 0 71 18 34 127 17 56 61 36 17 64 34 61 56 58 34 58 35 56 0 0 34 57 71 84 84 84 71 44 71 64 54 83 83 168 0 83 66 53 53 21 57 0 0 78 0 0 168 87 50 50 54 54 53 0 6 76 21 21 57 21 0 0 0 178 0 0 178
66 84 28 28 99 68 84 84 60 66 66 66 54 66 54 50 64 91 55 55 118 71 71 64 107 102 114 18 64 18 12 85 26 26 21 28 28 17 27 55 64 107 58 77 127 195 19 0 0 71 64 84 84 84 64 71 71 64 54 83 83 83 83 0 0 83 83 53 32 21 0 21 21 6 12 87 139 139 255 50 54 34 0 0 34 57 57 0 57 0 0 0 0 21 0 178
48 66 34 28 44 64 64 84 60 66 66 66 48 48 48 48 71 91 55 45 71 84 64 195 54 195 195 64 64 53 48 29 15 36 70 53 24 30 57 53 107 107 53 97 195 50 14 15 64 64 64 84 84 84 64 54 64 64 64 83 21 15 0 21 47 83 83 54 95 32 10 32 21 6 151 87 82 168 50 50 54 34 83 83 34 78 57 0 57 0 0 83 83 78 178 178
66 162 34 38 44 64 84 60 60 66 48 55 50 45 48 66 71 91 55 55 45 71 64 195 54 71 71 64 36 48 58 64 85 53 70 195 56 30 64 68 68 64 107 107 118 97 154 168 53 107 154 64 84 84 64 76 69 16 44 83 18 0 15 168 83 83 53 84 195 38 14 195 195 87 95 168 195 71 53 195 54 34 34 34 54 14 57 0 57 57 151 83 44 87 83 21
68 28 28 57 64 71 84 84 114 91 91 45 45 14 45 50 66 84 91 45 45 71 71 195 38 54 43 70 126 126 148 154 64 53 97 54 20 69 54 156 64 64 71 34 53 97 168 168 83 206 34 83 84 57 57 84 15 14 78 0 47 70 83 83 83 83 16 24 66 14 54 118 195 255 195 102 195 71 71 53 195 34 34 34 54 83 0 57 11 151 48 48 54 66 11 178
44 34 28 84 84 84 84 84 66 55 48 14 14 14 14 48 66 66 91 45 66 71 195 54 11 10 28 6 0 255 97 58 114 154 71 68 48 71 54 69 64 53 71 34 178 85 168 0 0 34 34 54 84 151 151 84 34 34 28 34 34 83 0 0 15 12 65 66 81 45 54 195 195 195 71 71 97 71 71 168 83 34 54 71 71 71 17 11 78 168 56 68 54 151 0 178
66 162 44 68 57 84 84 71 91 48 48 71 14 14 48 66 71 66 66 66 71 118 195 71 71 15 31 31 29 0 178 58 195 70 53 53 64 71 83 84 70 53 68 34 34 95 0 0 0 34 34 54 71 83 83 64 66 28 83 34 21 34 178 0 31 0 168 34 81 45 34 195 195 195 71 84 84 64 44 34 83 34 71 54 71 195 71 48 78 195 64 54 84 151 168 178
66 99 44 64 84 84 84 66 55 36 14 54 14 14 48 64 64 71 71 71 71 71 118 71 71 168 32 32 168 34 75 82 53 70 53 71 71 54 46 84 66 43 68 85 45 83 11 0 28 126 21 71 71 47 54 31 28 28 83 83 21 21 168 15 0 12 168 50 45 45 14 71 71 84 71 71 71 71 34 34 34 34 71 71 154 34 34 40 168 54 64 84 64 71 168 168
69 69 84 64 84 84 71 66 66 66 42 14 14 14 48 71 64 66 14 71 64 71 71 71 34 68 24 34 54 50 54 48 114 0 0 0 0 71 54 48 83 0 126 168 14 151 28 0 11 0 9 168 64 68 14 64 64 32 21 10 83 0 0 0 54 66 83 87 82 45 71 64 71 84 71 195 71 71 34 34 54 71 71 54 71 0 83 168 168 0 71 71 71 54 54 29
44 99 99 68 84 84 162 91 66 66 14 14 14 45 66 71 66 45 14 64 64 71 64 71 71 53 53 195 195 195 54 71 53 0 0 0 168 71 54 34 83 0 0 54 44 66 28 28 28 28 126 168 24 68 18 18 57 83 32 32 83 83 83 83 71 168 178 0 34 45 71 84 84 84 195 66 14 14 45 71 71 71 71 71 71 54 0 0 151 0 71 71 66 71 54 19
99 44 50 60 60 162 66 91 50 14 56 14 14 14 66 91 55 45 14 71 71 71 71 34 68 56 114 151 87 195 195 64 10 70 78 0 114 71 34 34 34 29 168 151 0 28 28 0 28 0 168 24 53 83 78 21 83 34 83 32 83 83 18 87 57 168 86 76 45 45 71 84 84 84 195 34 34 34 45 71 71 64 71 71 195 34 83 0 0 102 66 79 54 195 47 19
99 68 84 84 60 91 66 91 14 14 14 14 14 14 14 71 48 45 45 14 54 71 71 54 114 114 58 6 83 54 77 29 10 73 148 53 53 168 34 34 14 54 29 53 151 0 0 168 87 168 34 47 21 34 47 34 34 34 32 83 21 21 0 121 57 0 0 0 21 83 71 34 84 195 195 83 34 34 14 64 84 84 71 71 71 54 53 168 95 57 84 66 66 64 107 71
57 57 71 34 66 66 66 48 14 14 14 14 14 14 14 71 48 45 45 71 71 71 88 54 54 114 34 178 128 71 64 66 66 113 31 83 114 18 85 14 54 71 54 48 53 71 48 195 50 82 34 47 34 39 38 34 21 34 47 47 34 34 21 0 73 168 29 26 60 83 151 84 168 34 34 76 34 14 71 64 84 84 71 84 84 84 0 66 95 44 56 65 53 83 53 107
60 84 107 66 84 66 14 66 14 14 14 14 14 56 50 118 56 118 71 71 71 71 71 71 54 54 24 79 53 88 64 53 53 53 24 148 104 70 54 255 77 54 54 48 68 64 71 54 14 14 34 39 34 54 95 195 168 78 95 88 54 54 32 21 0 83 21 0 121 83 83 83 83 39 21 76 34 71 71 64 84 84 84 48 6 78 0 0 83 14 0 51 151 58 15 31
57 60 114 84 84 66 55 14 14 14 14 45 14 14 71 71 14 71 71 78 71 71 71 71 71 71 127 64 64 88 184 24 48 48 54 29 104 151 64 54 54 64 48 48 71 64 84 71 195 34 34 47 32 34 34 14 178 39 168 34 54 54 53 14 34 34 34 0 121 0 0 76 34 34 76 34 14 168 64 0 84 84 151 0 0 6 31 0 0 0 0 0 6 58 151 114
84 71 84 84 71 14 14 14 14 14 14 14 14 14 14 14 71 71 71 71 71 71 71 71 14 36 64 71 64 68 47 53 53 84 69 0 0 0 70 73 6 54 64 54 71 54 64 71 34 34 34 40 10 178 34 34 39 29 76 82 54 54 195 195 195 66 34 34 87 34 21 178 40 34 21 47 44 0 6 0 84 65 44 6 0 57 31 0 0 0 0 0 0 11 58 68
64 71 84 84 84 14 91 14 14 71 45 14 71 54 14 14 71 71 71 71 71 71 71 54 71 54 71 71 71 71 48 68 39 15 68 22 0 0 36 14 6 83 64 71 54 64 48 34 34 54 34 34 16 29 53 54 54 192 47 76 34 34 34 83 168 34 168 168 34 34 34 21 40 14 14 47 34 178 151 0 74 66 66 32 0 0 16 53 29 151 29 47 16 114 53 57
84 84 66 66 54 14 14 14 14 71 71 71 71 71 54 54 71 64 71 71 71 71 71 54 71 71 71 71 64 53 126 77 104 15 0 31 65 15 151 0 0 64 71 71 44 84 54 83 114 47 34 78 34 71 54 53 50 34 47 34 34 14 34 76 168 34 83 168 71 47 168 76 24 195 195 195 168 34 47 0 57 28 9 151 15 0 0 57 35 29 29 68 43 44 151 53
68 84 66 66 14 14 14 71 14 14 54 71 71 154 54 54 71 71 34 34 71 71 71 71 71 71 71 53 53 151 53 18 31 31 31 15 31 128 6 0 0 178 154 71 71 71 66 53 34 83 83 78 195 45 50 50 50 53 34 168 34 14 34 34 34 168 195 64 64 168 34 82 118 14 34 168 168 44 83 0 57 0 28 151 9 0 15 66 19 19 74 70 57 151 53 114
66 66 48 14 14 14 14 14 14 71 14 14 71 14 54 154 71 64 114 71 71 71 71 71 195 71 71 84 151 53 70 15 28 31 28 11 31 0 83 21 6 76 54 71 71 83 87 154 34 0 76 82 45 45 83 54 87 78 34 45 45 45 34 34 168 195 195 71 84 168 195 195 66 71 14 34 195 15 14 0 11 0 66 151 36 74 55 48 72 48 104 74 66 48 53 53
84 66 48 56 56 14 14 71 71 195 195 50 218 14 88 14 54 44 54 71 71 71 71 71 71 64 68 69 54 54 84 83 73 28 0 28 28 31 0 83 78 34 54 54 54 95 50 54 66 34 195 107 14 14 14 45 10 9 0 57 34 14 34 0 0 0 0 195 195 195 195 71 71 0 0 53 84 48 55 55 0 0 0 0 0 0 0 48 48 48 104 104 48 114 53 168
66 65 14 56 14 14 14 71 71 14 14 14 14 14 14 14 54 54 54 54 71 64 71 71 64 64 114 64 84 84 84 78 126 11 0 38 28 9 83 83 83 34 68 71 71 102 102 71 14 71 195 64 54 45 53 95 39 92 57 0 64 34 168 0 0 0 0 83 34 195 84 64 64 0 0 0 48 48 48 0 0 66 48 0 48 48 48 48 66 66 114 53 104 53 114 195
55 14 14 14 14 56 71 71 71 14 71 107 107 24 88 78 54 54 54 54 71 71 64 71 77 64 93 67 67 71 71 11 28 126 0 0 12 0 11 31 0 0 54 111 107 112 79 14 14 71 154 154 195 54 54 14 32 0 0 168 34 76 0 0 0 0 0 0 151 53 0 0 0 0 0 48 0 48 48 66 66 9 66 48 66 48 48 48 114 48 114 53 53 114 97 64
45 14 56 14 71 71 78 34 78 78 71 79 34 31 54 54 54 54 54 64 71 71 88 71 64 107 64 67 112 112 34 71 83 71 29 83 14 92 47 15 0 64 41 50 64 54 71 40 54 54 71 71 195 34 54 14 47 47 34 168 34 21 0 0 0 0 83 66 74 0 48 48 0 48 0 48 48 48 66 66 114 88 126 9 9 126 114 114 53 151 53 53 59 70 68 53
91 78 14 24 40 24 31 40 78 24 37 112 54 31 54 31 54 54 54 71 71 44 82 31 66 69 68 73 39 71 71 71 54 39 39 78 123 47 83 54 34 14 37 71 73 54 112 14 121 79 79 71 83 83 76 168 168 77 195 47 83 151 0 0 0 0 66 36 48 48 0 48 48 48 48 48 48 48 9 66 48 48 48 48 88 114 88 114 53 83 151 53 151 104 48 54
40 24 66 42 14 24 31 24 54 71 112 54 54 54 54 40 40 40 54 54 54 34 66 40 112 68 69 39 71 54 54 71 88 39 39 39 71 54 83 83 54 54 31 31 54 34 0 87 66 112 24 195 83 178 0 76 168 195 151 168 0 151 0 0 0 0 48 48 48 48 0 48 48 48 48 48 48 9 9 9 48 114 114 48 114 114 114 114 48 83 83 151 83 83 168 168
162 24 32 71 54 40 40 66 71 71 40 39 78 54 78 71 71 54 54 64 34 57 54 40 112 68 57 79 88 54 88 68 77 112 71 71 71 54 151 0 83 54 39 39 14 83 178 83 71 112 71 168 34 34 76 168 168 83 83 78 151 168 168 83 0 0 0 0 48 48 0 48 48 48 48 48 48 48 114 114 114 114 53 184 114 68 68 53 53 53 83 151 48 78 78 78
28 102 102 24 78 118 107 113 71 195 40 78 79 71 14 78 54 54 34 40 66 56 31 68 114 71 112 107 107 54 57 77 54 64 69 67 64 54 11 0 34 24 39 71 24 34 76 255 24 112 121 82 34 66 66 78 14 34 21 178 168 151 83 0 0 0 0 0 9 48 0 48 48 48 48 66 48 48 53 48 48 48 83 71 83 57 53 83 83 83 53 53 114 36 48 44
77 40 50 24 24 96 71 24 50 71 54 71 78 14 78 14 54 91 64 71 32 40 66 16 68 67 71 71 107 54 71 77 24 54 54 67 71 34 83 34 71 50 37 39 34 34 121 121 54 71 77 71 95 87 195 192 192 14 34 34 168 53 70 0 0 0 0 0 0 0 48 0 48 48 48 48 104 53 68 68 69 184 79 107 184 84 53 54 83 0 9 53 114 36 36 54
39 88 24 24 31 107 71 112 71 71 40 118 24 24 71 78 71 47 54 71 71 40 40 91 67 88 71 71 71 54 54 54 112 54 54 54 54 47 47 39 39 24 47 40 24 34 34 71 71 71 73 54 71 87 168 50 54 45 50 34 34 70 48 0 0 0 0 0 0 0 0 168 74 48 48 53 53 53 68 69 69 83 88 66 69 84 83 83 83 6 0 44 44 77 83 148
39 71 71 56 31 112 112 39 32 39 71 79 71 24 71 40 71 54 71 54 40 64 34 67 91 66 88 71 71 54 54 39 102 71 54 54 54 47 33 14 37 71 88 50 50 14 34 54 77 57 66 50 29 168 50 50 50 54 34 34 83 151 66 0 0 0 0 0 48 0 168 168 84 48 48 64 64 184 69 68 71 54 71 77 83 83 78 0 78 18 11 154 44 148 0 15
14 40 24 40 31 54 66 32 24 91 39 24 88 24 71 78 71 71 71 40 91 16 29 40 71 39 40 71 50 54 54 46 102 54 54 54 54 47 34 44 54 54 24 50 14 14 14 64 66 66 71 14 14 34 195 50 54 50 34 34 78 151 48 48 0 0 48 48 48 66 0 168 53 114 53 64 69 64 64 54 68 64 54 184 64 17 15 18 78 18 83 70 64 6 57 0
38 71 14 24 11 54 30 73 65 83 71 71 57 24 71 39 71 24 24 107 31 34 17 40 71 39 40 71 71 54 71 54 54 112 79 54 54 6 0 44 83 31 192 45 45 14 34 54 84 44 71 66 78 79 50 50 50 50 47 114 53 66 104 48 0 48 48 48 48 48 55 55 53 114 64 68 114 77 69 54 52 34 54 57 54 148 0 0 0 0 0 0 151 148 83 47
71 24 40 32 11 40 112 16 29 43 39 39 24 71 121 118 39 102 24 40 26 54 71 40 88 71 40 112 71 54 54 71 40 37 54 54 54 44 0 0 15 83 192 24 45 45 14 52 45 83 87 168 79 97 50 50 50 95 71 114 54 48 48 48 48 48 48 48 48 66 48 48 71 84 68 68 114 34 28 84 69 34 66 68 54 45 44 148 78 83 15 21 83 48 151 83
38 66 40 40 34 29 40 14 16 32 71 39 71 83 71 39 47 40 112 17 66 71 88 112 71 24 37 37 71 54 71 54 40 40 71 64 37 34 15 15 83 195 24 50 50 195 14 54 45 0 0 0 195 50 50 34 34 71 70 64 54 74 48 104 48 48 48 48 104 114 53 48 84 68 34 114 68 64 64 77 34 15 15 127 64 14 16 44 51 83 13 151 18 48 0 154
