Big_Beef/DataInputs30m/m_3_Age/Big_Beef_1990Age30m.asc
ncols        345
nrows        426
xllcorner    508536.404131802963
yllcorner    5265678.997906560078
cellsize     30.0
NODATA_value -1
[rows 56 to 111 of 426, columns 96 to 191 of 345]
74 14 14 34 118 14 14 14 48 74 118 118 66 66 66 14 82 100 100 65 84 114 195 87 195 45 195 45 45 45 45 21 0 -1 -1 -1 -1 -1 -1 -1 -1 -1 -1 -1 -1 -1 -1 -1 -1 -1 -1 -1 -1 -1 -1 -1 -1 -1 -1 -1 -1 -1 -1 -1 -1 -1 -1 -1 -1 -1 -1 -1 0 0 0 45 45 83 66 118 34 45 84 66 74 66 66 66 66 66 66 114 195 66 66 71
100 14 14 14 34 14 14 14 48 48 118 118 14 45 195 45 45 0 65 83 168 168 195 0 168 195 45 45 45 45 0 0 0 -1 -1 -1 -1 -1 -1 -1 -1 -1 -1 -1 -1 -1 -1 -1 -1 -1 -1 -1 -1 -1 -1 -1 -1 -1 -1 -1 -1 -1 -1 -1 -1 -1 -1 -1 -1 -1 -1 0 0 76 0 14 45 45 118 66 118 27 36 54 114 74 66 66 118 118 118 114 195 66 84 84
45 45 45 14 14 14 14 14 48 118 195 118 14 192 76 45 21 83 6 6 83 168 168 64 192 168 76 45 0 0 0 0 -1 -1 -1 -1 -1 -1 -1 -1 -1 -1 -1 -1 -1 -1 -1 -1 -1 -1 -1 -1 -1 -1 -1 -1 -1 -1 -1 -1 -1 -1 -1 -1 -1 -1 -1 -1 -1 -1 0 0 45 45 195 72 66 114 66 118 14 195 118 14 56 80 118 195 118 118 118 195 195 84 84 65
45 45 45 195 14 14 14 48 48 14 14 118 14 34 192 192 45 45 21 168 45 65 83 168 168 168 14 45 45 0 0 -1 -1 -1 -1 -1 -1 -1 -1 -1 -1 -1 -1 -1 -1 -1 -1 -1 -1 -1 -1 -1 -1 -1 -1 -1 -1 -1 -1 -1 -1 -1 -1 -1 -1 -1 -1 -1 0 0 0 0 45 84 84 60 84 65 84 118 14 14 56 195 118 74 66 66 66 66 195 195 66 84 84 66
82 14 45 45 14 14 14 14 14 14 195 50 66 66 14 34 74 14 100 168 99 65 45 83 0 168 14 45 17 21 -1 -1 -1 -1 -1 -1 -1 -1 -1 -1 -1 -1 -1 -1 -1 -1 -1 -1 -1 -1 -1 -1 -1 -1 -1 -1 -1 -1 -1 -1 -1 -1 -1 -1 -1 -1 -1 0 0 0 0 0 65 65 99 84 84 162 14 14 118 14 56 118 118 74 100 100 66 66 71 84 84 60 84 99
168 87 113 113 76 34 66 100 118 195 45 100 66 100 100 65 100 100 84 99 99 65 162 83 34 14 14 45 11 57 -1 -1 -1 -1 -1 -1 -1 -1 -1 -1 -1 -1 -1 -1 -1 -1 -1 -1 -1 -1 -1 -1 -1 -1 -1 -1 -1 -1 -1 -1 -1 -1 -1 -1 -1 0 0 0 0 0 0 45 83 84 60 84 100 71 118 195 14 55 56 40 66 66 71 71 71 71 99 84 99 84 84 84
0 0 0 0 0 34 195 195 118 54 65 65 114 99 45 100 74 100 60 60 60 99 84 45 14 45 45 10 21 0 -1 -1 -1 -1 -1 -1 -1 -1 -1 -1 -1 -1 -1 -1 -1 -1 -1 -1 -1 -1 -1 -1 -1 -1 -1 -1 -1 -1 -1 -1 -1 -1 0 0 0 0 0 0 21 45 45 45 65 24 162 65 54 30 40 107 14 14 36 66 66 66 71 54 44 41 41 41 84 84 84 99
0 0 0 86 0 76 66 14 66 44 36 44 44 99 81 100 100 100 162 99 84 84 65 45 45 45 24 10 21 0 -1 -1 -1 -1 -1 -1 -1 -1 -1 -1 -1 -1 -1 -1 -1 -1 -1 -1 -1 -1 -1 -1 -1 -1 -1 -1 -1 -1 21 21 21 0 21 0 0 83 45 45 0 83 45 65 66 100 34 66 56 24 14 107 14 168 168 71 40 40 71 31 44 41 71 71 31 84 99 84
0 0 0 0 83 83 195 66 45 45 21 83 65 51 43 100 74 99 99 74 65 83 83 45 45 83 45 0 -1 -1 -1 -1 -1 -1 -1 -1 -1 -1 -1 -1 -1 -1 -1 -1 -1 -1 -1 -1 -1 -1 -1 -1 -1 -1 -1 -1 0 0 21 21 21 0 83 45 83 65 45 45 83 65 65 45 66 14 14 74 69 66 192 192 197 14 71 78 78 40 44 44 41 41 50 84 71 84 34 84
0 0 0 83 83 105 34 45 83 45 105 83 65 84 100 74 100 162 44 111 60 83 83 45 83 0 0 57 -1 -1 -1 -1 -1 -1 -1 -1 -1 -1 -1 -1 -1 -1 -1 -1 -1 -1 -1 -1 -1 -1 -1 -1 -1 -1 -1 0 0 21 21 21 0 0 0 118 118 65 168 83 83 74 74 14 14 65 56 66 14 45 69 195 45 168 84 71 40 22 41 41 41 41 50 44 44 44 44 84
0 0 21 83 21 76 34 45 83 83 6 105 44 84 81 74 100 66 162 99 111 60 45 45 0 21 57 21 -1 -1 -1 -1 -1 -1 -1 -1 -1 -1 -1 -1 -1 -1 -1 -1 -1 -1 0 -1 -1 -1 -1 -1 0 0 0 0 45 45 45 0 83 76 14 45 118 83 118 80 83 24 14 83 168 192 14 74 14 66 71 195 114 168 54 71 84 84 41 54 31 54 22 31 84 44 44 84
0 0 113 83 45 168 34 65 44 44 0 105 17 44 45 100 74 66 99 99 74 45 45 45 0 57 0 108 -1 -1 -1 -1 -1 -1 -1 -1 -1 -1 -1 -1 -1 -1 -1 -1 -1 -1 -1 0 0 0 0 0 0 0 0 66 66 45 17 83 45 45 80 55 48 100 195 118 80 24 14 14 168 151 74 80 195 66 14 118 14 24 22 84 41 41 44 44 44 54 24 44 44 31 34 17
108 83 83 76 45 45 76 151 83 21 0 17 0 56 100 72 100 54 99 74 84 83 45 45 0 0 21 0 -1 -1 -1 -1 -1 -1 -1 -1 -1 -1 -1 -1 -1 -1 -1 -1 -1 -1 0 0 0 0 0 0 0 83 83 195 66 162 84 168 45 45 80 45 100 100 195 118 56 14 118 66 126 14 14 14 151 195 50 14 60 60 71 54 41 41 26 34 41 34 31 50 50 17 34 17
0 87 45 195 45 83 83 6 0 21 0 17 65 45 45 100 100 54 54 84 45 45 45 45 45 21 57 0 -1 -1 -1 -1 -1 -1 -1 -1 -1 -1 -1 -1 -1 -1 -1 -1 -1 0 0 0 0 0 0 0 0 65 11 195 66 162 84 162 162 100 100 45 74 24 118 14 14 56 14 151 9 9 52 100 56 206 45 45 114 65 32 84 32 41 44 41 44 54 44 68 17 17 44 44
113 87 100 195 45 83 83 0 6 0 0 44 65 100 45 45 45 45 65 84 168 45 45 45 45 0 21 -1 -1 -1 -1 -1 -1 -1 -1 -1 -1 -1 -1 -1 -1 -1 -1 -1 -1 0 0 0 0 0 0 0 151 151 11 126 66 66 162 84 100 45 45 65 56 14 14 34 14 45 56 56 14 43 68 34 195 34 192 14 66 34 84 34 41 44 44 17 44 84 41 44 17 17 17 68
0 0 168 168 83 0 0 6 6 0 0 0 66 60 100 45 45 45 45 45 83 45 45 45 57 21 21 -1 -1 -1 -1 -1 -1 -1 -1 -1 -1 -1 -1 -1 -1 -1 -1 -1 0 0 0 0 0 0 0 0 151 0 87 195 72 66 66 66 162 114 162 14 14 82 14 195 100 14 118 66 68 44 34 71 71 14 84 16 69 34 34 84 41 41 44 44 84 84 44 44 44 17 17 17
21 21 86 168 45 45 0 108 21 108 0 0 66 101 100 74 45 45 100 45 83 168 45 45 21 21 21 -1 -1 -1 -1 -1 -1 -1 -1 -1 -1 -1 -1 -1 -1 -1 0 0 0 0 0 0 0 0 87 87 0 11 0 168 72 66 80 66 162 162 66 65 14 14 97 71 69 14 56 16 34 50 69 14 114 14 14 24 16 34 34 34 41 44 44 44 69 84 84 44 17 68 17 68
21 113 14 45 45 83 0 108 178 105 0 21 11 45 45 74 45 66 65 65 83 65 45 65 45 21 0 -1 -1 -1 -1 -1 -1 -1 -1 -1 -1 -1 -1 -1 -1 -1 0 0 0 0 0 0 0 0 76 168 168 168 168 82 195 80 80 66 100 66 87 65 14 65 52 71 69 14 56 69 68 65 65 151 151 195 95 24 16 99 84 41 16 31 44 44 44 44 114 17 34 24 44 68
108 82 76 45 45 83 83 105 76 76 21 45 14 45 45 45 45 168 65 83 151 45 45 45 45 21 -1 -1 -1 -1 -1 -1 -1 -1 -1 -1 -1 -1 -1 -1 -1 -1 0 0 0 0 0 0 0 0 0 82 168 195 82 195 195 80 66 84 100 100 195 195 84 84 84 84 34 69 66 68 65 84 84 151 87 87 24 46 31 99 41 41 44 54 31 44 44 54 54 54 71 34 68 45
76 45 45 45 45 45 45 45 45 68 45 45 45 45 45 17 83 65 65 45 168 168 84 45 45 0 -1 -1 -1 -1 -1 -1 -1 -1 -1 -1 -1 -1 -1 -1 0 0 0 0 0 0 0 0 0 76 80 50 195 195 195 80 80 195 195 66 99 60 65 65 69 84 65 71 54 34 45 44 32 84 84 68 71 24 44 71 31 17 44 19 44 151 71 54 31 54 54 54 14 68 34 0
168 168 45 83 45 100 44 56 45 45 100 74 81 45 81 11 0 45 45 45 0 168 84 84 45 0 0 -1 -1 -1 -1 -1 -1 -1 -1 -1 -1 -1 -1 0 0 0 0 0 0 0 0 0 0 76 80 195 80 80 195 195 66 66 114 99 99 40 52 162 69 34 14 71 84 162 22 41 36 74 66 84 31 31 44 54 40 31 44 31 44 6 168 66 71 34 34 95 14 17 78 21
45 83 83 0 45 45 17 76 45 45 40 45 45 81 44 44 57 0 65 74 65 17 168 45 34 0 0 0 -1 -1 -1 -1 -1 -1 -1 -1 -1 -1 0 0 21 21 0 0 0 0 0 76 168 82 80 195 195 80 195 80 195 114 99 68 111 65 65 65 50 66 69 54 44 99 41 36 34 41 36 31 31 44 44 71 40 40 31 71 54 6 83 95 14 168 34 148 95 14 14 32
83 14 45 45 45 0 45 76 76 11 56 81 45 162 45 14 57 11 66 84 84 44 44 102 0 0 0 0 -1 -1 -1 -1 -1 -1 -1 -1 -1 -1 -1 0 45 45 0 0 0 0 0 45 45 195 80 195 50 195 114 195 66 84 111 99 99 99 66 66 41 65 65 24 84 65 41 36 36 35 41 31 31 102 71 71 14 40 22 78 34 34 168 168 34 95 78 95 34 21 34 83
118 14 162 21 105 21 83 83 45 0 83 45 81 44 57 57 0 65 60 60 44 14 0 102 0 0 0 21 0 -1 -1 -1 -1 -1 -1 -1 -1 -1 0 0 84 45 45 0 0 0 83 195 80 80 195 50 50 50 66 66 114 66 84 99 24 65 71 0 41 43 34 54 56 44 41 36 41 35 114 44 41 43 71 71 14 14 27 14 14 95 34 34 34 95 148 17 40 78 21 21
14 118 0 0 83 83 83 45 21 0 45 45 99 17 21 0 45 44 51 60 84 84 65 168 76 64 0 21 -1 -1 -1 -1 -1 -1 -1 -1 0 0 0 0 84 83 0 0 0 0 45 45 66 195 82 82 50 118 118 66 66 162 100 54 71 71 151 0 50 34 84 44 84 41 36 99 36 36 28 36 44 44 71 78 71 14 27 17 34 95 69 17 148 148 17 14 78 34 21 21
14 0 21 0 0 83 45 76 21 83 81 81 81 99 17 21 45 14 44 51 60 44 14 84 168 168 83 45 21 -1 -1 -1 -1 -1 0 0 0 0 0 0 0 65 83 0 83 45 45 45 45 168 82 82 50 118 114 66 114 162 84 43 70 84 0 41 84 66 66 99 84 65 99 34 28 35 41 36 41 41 31 24 14 14 16 34 34 95 44 44 17 17 32 32 32 21 21 21
14 14 83 83 0 0 0 45 45 45 162 99 99 99 45 45 45 45 54 60 32 43 54 84 168 83 84 99 45 0 -1 0 -1 -1 0 0 0 0 0 0 65 45 83 0 72 45 45 45 168 168 195 50 118 80 114 114 66 66 66 84 84 65 84 71 65 40 84 9 65 84 41 41 34 41 41 41 41 34 44 27 27 27 24 14 14 34 27 54 54 32 17 17 54 21 66 71
14 83 14 32 83 0 11 65 66 44 38 99 99 99 84 162 45 45 84 60 32 43 66 66 66 84 65 66 99 65 0 0 0 0 0 0 0 0 0 9 84 66 45 60 66 45 84 45 11 0 0 78 118 118 74 66 114 66 66 54 111 84 77 77 84 84 54 31 151 34 41 28 35 54 41 41 44 41 34 71 14 14 14 14 34 34 34 192 68 17 54 54 68 54 31 54
14 14 14 45 83 0 68 44 84 44 162 45 19 99 99 162 45 45 45 40 32 40 32 66 65 65 66 99 38 0 0 45 0 0 0 0 0 0 0 0 84 66 66 66 66 66 66 54 0 0 0 76 118 118 74 100 118 66 99 84 43 84 84 84 84 84 65 54 65 65 34 34 35 41 84 31 71 54 71 78 14 14 14 34 34 14 34 24 17 68 54 54 34 54 31 14
14 14 24 100 45 17 71 84 69 69 54 0 36 99 99 57 162 45 45 65 99 65 65 54 56 66 151 99 62 0 0 83 45 0 0 0 0 0 0 0 0 168 45 66 66 66 45 65 44 18 76 50 118 118 74 80 66 66 99 84 43 84 41 43 44 71 71 65 66 0 43 57 41 34 50 71 71 71 71 14 14 14 14 34 14 34 95 14 14 17 16 24 14 68 54 71
87 14 14 24 100 100 71 71 71 71 71 0 36 99 99 99 162 65 44 65 99 65 84 56 54 9 9 38 62 66 0 66 83 45 14 0 0 0 0 0 0 66 66 66 66 74 54 14 44 34 34 50 195 66 66 66 66 66 84 22 22 22 71 71 71 71 195 66 65 0 28 41 84 34 68 53 71 71 56 56 14 14 14 34 34 14 14 14 14 68 34 14 14 54 54 34
14 14 56 66 14 14 71 84 71 45 162 162 19 99 99 99 99 66 151 83 0 0 83 44 54 43 14 9 28 28 126 66 0 0 0 21 0 0 0 0 0 72 45 45 45 80 84 84 52 80 118 80 66 14 118 118 84 84 84 44 24 56 71 71 69 151 65 66 151 0 99 84 99 99 99 84 71 56 14 14 14 34 14 14 56 14 14 195 45 45 56 18 54 54 54 78
45 45 14 14 14 54 84 0 54 45 65 84 162 99 45 65 65 9 28 151 21 83 45 44 54 14 57 28 0 126 168 168 168 65 151 21 0 0 34 34 21 12 65 162 45 100 52 100 118 65 14 118 56 14 14 118 107 84 84 87 100 71 71 84 84 56 56 66 65 151 65 65 65 65 65 0 0 14 14 14 14 14 14 14 14 168 118 195 78 0 148 126 9 9 24 126
45 14 100 66 195 45 45 0 83 83 83 168 99 162 45 14 14 9 9 65 45 45 17 44 54 14 57 0 0 168 168 168 168 168 65 83 0 0 0 0 0 12 9 65 162 100 72 81 118 66 100 74 45 14 14 71 14 78 84 71 65 71 71 68 100 71 43 84 84 151 0 65 65 65 44 0 14 14 14 14 14 14 14 14 14 14 14 95 14 21 0 0 0 18 66 0
71 114 71 45 44 45 21 45 83 0 83 99 99 45 45 14 57 28 9 84 84 60 45 17 14 57 57 57 0 0 83 168 45 168 83 83 0 0 108 0 0 9 45 43 84 98 118 30 69 83 100 100 74 66 100 56 14 6 14 71 84 71 84 71 84 54 43 0 0 0 74 74 65 84 0 0 14 14 14 14 14 14 14 14 56 56 14 192 14 32 0 0 18 148 18 0
9 84 84 71 45 83 0 0 0 0 83 65 99 162 45 45 0 0 83 65 99 99 99 44 99 66 57 0 0 168 168 45 168 45 83 76 83 21 45 45 65 45 66 99 99 69 14 118 14 56 45 66 74 162 98 6 30 24 24 66 84 84 84 44 44 44 84 0 0 0 0 0 0 0 0 0 0 48 56 0 0 56 118 14 56 14 56 14 14 34 45 17 17 54 18 17
12 84 84 84 84 83 0 0 0 0 151 57 0 34 60 45 45 83 84 99 99 45 34 28 44 168 57 57 0 168 45 83 168 45 83 83 45 66 45 66 14 44 54 162 84 69 100 14 80 45 14 66 71 83 56 14 30 24 40 65 68 22 54 71 40 71 44 0 0 0 0 0 0 0 0 0 14 48 0 0 56 56 14 14 14 14 45 14 34 83 83 151 151 84 84 71
12 74 84 84 99 84 44 0 0 21 57 57 0 45 162 45 168 65 84 162 45 84 41 34 71 84 66 57 28 69 69 83 83 168 45 45 45 14 45 168 45 68 44 44 22 24 14 14 14 74 14 100 71 71 69 14 56 56 30 24 40 24 14 71 59 71 71 0 14 0 0 0 0 0 14 34 118 56 56 14 56 56 56 56 14 56 56 56 14 16 83 83 71 54 71 71
0 9 74 36 99 151 83 21 17 21 57 66 44 60 195 66 45 84 84 68 162 19 84 84 40 84 66 28 126 114 65 83 83 195 45 14 14 45 168 195 45 36 45 45 66 45 14 45 45 56 100 66 71 77 24 14 56 30 24 24 40 71 14 66 54 54 69 195 0 0 0 0 0 0 14 14 14 34 14 14 56 14 14 56 56 56 56 56 14 54 71 151 71 168 0 14
0 65 84 84 99 0 86 39 83 83 0 66 44 38 84 99 56 45 84 45 162 162 84 65 57 84 57 57 57 84 84 114 195 65 65 83 14 14 45 45 100 100 83 74 14 14 74 14 100 100 69 162 54 24 69 56 66 48 48 27 24 14 14 52 0 66 71 195 98 14 71 195 0 0 0 118 14 50 14 14 56 24 14 27 56 14 56 56 118 84 84 84 54 14 14 14
9 71 84 84 36 0 0 83 83 83 83 44 99 44 44 65 44 45 54 44 54 84 84 168 99 65 178 76 0 84 84 162 99 65 65 65 45 66 72 22 69 162 162 72 65 14 74 118 80 43 81 54 44 71 71 69 30 98 98 172 172 78 0 69 69 168 0 0 206 50 195 0 0 0 195 34 168 195 34 195 14 24 14 27 14 14 56 56 27 65 44 43 71 14 14 14
65 84 71 71 45 83 0 178 45 45 14 65 17 17 44 65 0 45 54 54 54 84 84 65 99 65 66 66 126 68 84 84 99 44 99 65 45 162 22 50 44 44 99 99 84 118 74 74 36 74 162 81 65 65 100 100 114 24 74 30 30 0 0 52 80 81 0 0 14 14 195 0 0 34 34 18 18 34 34 83 34 69 168 14 14 14 14 14 14 83 44 43 71 71 14 14
71 84 66 168 83 0 0 83 45 17 44 38 44 65 44 65 45 45 54 84 84 84 84 168 45 84 99 65 56 34 99 99 44 44 99 168 84 43 22 50 0 65 99 54 44 44 89 71 162 74 99 162 74 43 74 83 14 74 48 72 56 52 0 14 80 59 0 195 0 71 0 0 0 0 14 17 0 18 168 0 44 18 83 83 83 34 14 83 83 44 71 54 56 14 14 14
168 84 87 83 45 0 0 0 68 45 45 44 99 99 45 65 0 83 84 9 99 84 84 114 14 84 99 84 84 24 99 44 38 44 99 45 162 43 43 22 0 0 87 168 54 78 54 14 54 71 41 99 101 101 101 118 74 74 65 45 14 98 14 30 78 30 71 0 0 0 0 0 118 56 56 22 14 18 83 0 18 17 34 78 78 14 31 54 84 44 54 54 83 168 14 14
87 83 83 83 0 83 178 105 0 45 45 45 99 38 65 151 45 66 84 9 66 66 162 168 6 66 36 84 84 84 99 34 34 38 44 99 45 44 44 65 0 0 14 168 14 14 14 14 54 19 41 65 65 44 84 84 66 66 195 14 66 71 52 69 30 65 66 73 64 43 0 0 14 14 14 22 18 0 168 0 18 168 34 16 16 14 27 22 54 44 66 71 54 71 54 71
0 113 76 86 83 83 178 76 83 66 45 99 38 66 83 0 84 66 9 151 168 168 162 83 83 168 168 60 99 99 57 57 99 44 99 84 45 65 65 0 0 0 0 14 24 66 14 84 66 14 14 54 65 65 65 84 65 66 97 102 54 84 65 65 84 0 66 114 64 65 0 0 56 14 16 17 18 18 0 18 66 18 168 34 17 17 68 14 65 18 18 71 54 14 17 127
45 0 45 83 34 34 83 83 45 45 84 99 40 151 83 168 84 84 84 9 87 102 118 168 168 168 114 99 44 70 57 0 99 99 84 84 65 45 44 56 0 66 66 45 54 84 66 65 65 66 65 65 65 65 65 0 0 87 56 40 151 84 44 65 84 111 151 151 44 84 195 0 45 14 56 68 17 44 151 17 44 66 18 34 71 83 68 54 14 17 31 17 17 14 11 22
83 83 14 34 34 34 45 14 45 45 45 84 99 40 65 65 60 60 65 87 151 151 168 195 65 60 84 99 99 99 66 99 99 84 99 84 45 65 14 45 83 14 66 54 44 44 84 65 162 68 102 151 68 14 151 0 0 83 56 31 0 54 27 65 65 0 0 34 151 66 0 0 45 34 195 68 17 17 44 17 18 168 54 27 22 44 54 18 18 66 44 17 17 17 44 34
100 168 168 34 34 34 45 45 45 45 22 99 111 99 74 99 99 84 99 84 168 87 168 114 168 66 99 99 99 99 99 99 151 65 84 34 83 83 69 45 45 195 45 54 44 99 99 84 65 65 151 0 151 151 151 44 0 83 69 78 71 40 71 44 35 0 0 84 151 71 0 0 71 45 17 17 151 44 44 14 44 44 56 54 44 65 84 0 65 83 66 69 40 17 44 16
83 83 83 83 34 34 68 0 16 54 84 65 65 41 99 99 162 99 99 162 168 9 168 60 72 66 60 99 99 84 74 65 65 43 99 84 56 83 66 45 45 168 45 162 99 44 57 57 99 65 14 0 0 68 44 74 65 84 69 71 14 71 50 41 41 0 84 151 70 195 0 0 0 44 44 17 0 0 14 14 44 44 56 54 34 54 44 65 0 168 66 30 65 68 54 26
6 0 83 105 76 83 68 0 44 22 162 65 44 41 99 99 99 99 99 99 151 100 108 45 84 45 9 54 71 34 84 54 99 38 57 84 83 83 54 54 66 45 45 45 84 99 99 99 99 99 14 0 99 65 65 65 0 0 0 71 14 56 99 34 0 44 44 151 66 69 195 0 0 0 44 17 0 18 44 66 18 66 44 44 44 44 44 18 0 0 168 107 34 34 84 84
17 0 83 108 83 83 83 0 0 56 65 83 83 84 99 99 99 57 14 99 168 74 74 45 99 84 84 71 84 69 71 54 65 65 34 65 84 45 66 54 45 66 45 54 99 99 65 65 0 0 0 41 84 36 43 65 0 0 71 83 83 71 78 162 65 84 83 151 66 69 0 0 54 44 18 14 14 44 148 66 44 54 44 44 71 71 44 44 18 0 48 53 168 43 84 56
21 105 0 34 39 45 45 83 65 84 83 83 83 84 99 44 44 57 162 54 24 118 66 43 99 84 84 65 9 66 168 87 168 54 65 66 45 45 66 66 66 66 54 99 99 65 65 83 0 151 65 65 54 84 84 65 83 84 84 151 84 24 66 162 83 44 34 65 65 0 0 0 16 14 17 14 13 9 9 11 44 44 36 84 50 57 68 44 195 68 151 84 57 65 54 9
34 34 34 83 45 45 0 168 54 44 83 84 44 99 99 99 34 99 84 84 162 100 74 74 54 84 57 65 28 126 98 87 45 66 66 84 83 45 66 66 66 66 44 99 99 65 44 99 99 41 99 28 34 99 65 99 44 151 83 71 14 40 162 162 65 83 44 65 195 14 27 27 72 0 44 18 14 29 44 44 44 17 56 44 54 54 54 84 83 68 17 83 69 77 43 0
0 87 83 83 45 0 0 45 84 44 84 44 44 54 54 54 44 99 44 84 162 74 74 36 84 84 65 57 28 0 82 83 83 84 84 84 66 45 66 66 66 66 54 44 65 44 44 99 22 34 65 65 84 99 84 65 0 0 71 71 71 44 162 56 54 65 65 84 84 69 0 27 17 44 14 14 14 44 54 17 17 84 56 84 84 44 84 84 71 84 84 151 151 14 148 0
21 0 21 21 17 45 0 151 84 54 54 44 44 54 54 54 54 41 162 43 66 74 45 45 66 65 65 57 0 0 0 0 0 0 99 57 162 66 66 66 66 66 44 99 44 44 43 99 34 44 65 65 84 68 151 0 44 0 0 162 56 65 83 0 0 0 0 84 66 195 0 0 17 44 32 17 44 44 11 17 11 24 24 44 84 84 71 71 71 64 151 53 151 43 14 151
