Big_Beef/DataInputs30m/m_3_Age/Big_Beef_2010Age30m_QgisFormatAdjusted.asc
ncols        345
nrows        426
xllcorner    508541.817039101152
yllcorner    5265686.364124929532
cellsize     30.000
NODATA_Value -9999
[rows 336 to 391 of 426, columns 96 to 191 of 345]
38 78 0 13 70 54 68 71 107 30 77 0 15 10 11 0 21 21 0 0 0 0 0 0 0 0 0 0 83 14 34 54 71 71 50 45 50 54 45 50 45 54 71 64 54 114 55 168 114 50 50 50 50 88 88 88 112 17 32 63 29 16 38 12 16 83 81 54 68 68 81 88 154 107 88 88 81 81 88 81 81 139 107 50 69 255 133 139 68 68 68 68 68 68 68 68
87 16 58 24 70 58 139 107 47 0 0 0 0 0 0 0 21 0 0 0 0 0 0 0 0 0 0 50 255 14 34 54 71 154 50 50 45 50 45 45 45 45 71 66 55 39 195 10 107 54 50 88 88 88 88 88 28 28 28 32 33 33 27 16 33 20 16 54 54 88 88 88 154 88 88 81 81 81 154 139 81 139 139 139 69 0 0 0 0 69 255 68 68 68 68 68
34 95 54 54 48 0 114 107 54 0 0 0 0 0 0 0 34 78 64 0 0 0 0 0 0 0 0 50 50 34 178 0 168 76 168 50 54 50 45 54 54 71 71 77 195 85 154 114 195 50 88 107 88 88 88 154 91 29 17 11 32 25 38 38 25 31 34 54 81 88 88 88 107 88 88 255 81 81 81 50 50 81 139 139 139 0 0 0 0 69 85 68 68 111 68 121
107 178 34 32 12 0 53 255 0 0 60 0 0 0 0 0 178 64 0 0 0 0 0 0 0 0 0 0 218 34 178 83 0 0 87 195 14 54 34 34 71 64 64 77 18 151 154 195 195 24 168 154 154 88 69 57 32 28 63 32 17 39 50 63 55 123 39 81 88 50 50 88 88 88 88 81 81 81 81 81 81 81 139 139 58 0 0 0 0 85 68 68 68 111 111 111
39 178 71 14 14 71 53 11 0 0 105 0 0 0 0 0 0 108 102 0 0 0 0 0 0 0 0 0 34 76 108 0 0 21 0 154 54 154 34 34 34 64 64 66 114 56 11 195 54 114 70 64 71 71 71 184 66 30 31 28 66 71 24 34 55 121 121 54 48 48 255 81 88 88 50 81 81 81 81 81 88 81 154 58 0 0 205 68 77 121 111 55 55 121 111 111
178 54 71 79 38 48 43 43 0 178 178 0 21 0 0 0 108 0 0 0 0 0 0 0 0 0 0 0 34 178 108 108 108 76 178 76 168 34 76 76 34 57 71 77 18 0 0 195 195 48 151 87 107 64 54 66 12 30 32 28 55 48 71 48 112 39 79 48 48 48 88 88 88 50 81 88 88 50 81 88 88 88 139 43 43 43 66 58 121 121 111 111 121 111 111 111
192 54 71 68 41 12 0 29 57 0 178 0 21 0 0 21 108 0 0 0 0 0 0 0 0 0 0 0 0 178 108 64 178 34 34 34 168 168 34 76 64 54 54 77 126 9 18 195 195 151 151 54 16 88 112 66 47 32 30 40 66 54 14 14 39 48 48 48 48 48 88 50 50 50 88 88 64 64 107 154 88 68 68 68 53 66 53 111 53 111 111 111 111 111 111 111
71 71 71 64 64 12 21 60 178 0 6 0 21 108 108 108 178 0 0 0 0 0 0 0 0 0 0 0 0 178 108 0 34 34 54 14 168 168 195 34 64 71 95 82 18 9 44 18 0 126 77 66 32 169 77 17 17 32 32 28 10 29 63 78 40 48 48 48 48 88 88 50 88 107 107 88 69 69 71 107 68 68 68 53 53 58 111 53 53 111 111 111 111 111 111 111
54 71 64 64 64 9 0 0 78 6 0 0 6 34 78 178 102 0 0 0 0 0 0 0 0 0 0 0 0 64 178 64 76 34 58 54 34 83 168 195 64 71 97 55 68 18 40 68 18 87 24 88 50 88 77 63 66 17 63 30 28 29 24 24 78 48 48 48 48 88 88 88 107 64 154 71 71 107 71 89 68 53 68 111 53 53 111 53 53 53 111 111 111 111 111 111
79 71 68 69 69 64 21 178 178 178 0 6 78 83 78 64 102 0 0 0 0 0 0 0 0 0 0 0 0 0 0 178 178 76 76 34 168 44 48 84 64 107 77 151 18 18 13 68 18 97 39 118 154 118 54 71 71 56 77 22 30 30 32 34 14 53 48 88 88 54 54 64 107 154 69 107 107 89 68 89 68 111 111 53 111 68 111 111 111 68 68 68 111 111 111 111
71 71 68 48 39 78 0 0 0 178 0 0 34 0 0 108 0 0 0 0 0 0 0 0 0 0 0 0 0 0 0 34 21 76 0 83 34 71 53 57 57 195 107 18 55 114 114 0 0 107 88 75 195 118 112 43 54 18 168 32 30 38 66 14 48 53 88 54 54 234 234 139 58 154 154 69 107 68 68 89 53 68 68 53 53 68 111 111 111 111 68 68 99 99 111 111
71 54 53 51 48 0 0 0 0 0 0 0 76 0 102 0 0 0 0 0 0 0 0 0 0 0 0 0 0 0 0 43 108 0 0 76 168 168 151 57 68 48 195 151 84 114 0 0 168 75 50 75 97 118 43 18 18 151 168 77 38 40 53 197 53 50 71 71 54 249 249 50 50 71 64 69 68 68 68 68 68 53 53 53 53 111 111 68 68 111 68 229 99 99 229 229
71 54 53 58 78 178 0 0 0 0 0 0 0 178 64 0 0 0 0 0 0 0 0 0 0 0 0 0 0 0 0 0 108 0 21 0 76 34 84 54 57 107 195 56 84 0 9 28 107 255 118 72 118 39 52 50 13 18 168 168 168 31 154 14 50 88 64 71 50 139 107 139 68 103 83 107 68 68 68 53 53 53 81 53 53 68 68 139 81 68 68 229 229 229 229 229
79 79 255 58 178 0 0 0 0 0 21 0 0 64 0 0 0 0 0 0 0 0 0 0 0 0 0 0 0 0 0 0 0 0 21 0 83 64 53 53 64 107 48 18 68 154 114 107 47 96 53 66 169 169 16 76 56 114 13 34 34 17 154 50 54 71 64 68 139 139 68 68 99 68 58 69 68 68 111 111 68 53 53 58 53 81 81 81 81 81 68 229 229 229 229 229
64 83 47 34 21 0 0 0 0 0 0 0 0 76 0 0 0 0 0 0 0 0 0 0 0 0 0 0 0 0 0 0 0 0 178 21 0 54 58 83 54 64 64 21 151 107 168 53 118 50 71 66 169 77 25 76 68 70 154 56 54 13 95 154 71 71 71 68 68 68 68 139 139 68 135 128 87 78 139 68 68 53 81 58 81 81 111 81 81 81 229 229 229 111 229 111
151 83 168 34 105 108 0 21 21 0 0 0 102 102 0 0 0 0 0 0 0 0 0 0 0 0 0 0 0 0 0 0 0 0 178 105 0 0 0 83 168 154 85 184 71 34 206 88 66 135 66 14 64 17 71 87 54 97 154 71 88 53 107 88 88 71 71 88 88 88 88 68 139 68 13 13 13 50 68 111 81 81 81 81 81 81 81 81 81 81 68 68 111 111 111 111
78 11 0 0 0 0 0 0 178 21 0 255 102 0 0 0 0 0 0 0 0 0 0 0 78 255 0 0 0 0 0 0 0 0 0 178 21 0 83 0 168 195 71 107 71 64 71 63 36 56 43 77 77 12 77 71 71 71 154 77 85 56 50 107 107 71 71 50 53 88 68 107 43 114 126 0 77 69 111 68 68 53 81 81 81 81 81 81 81 81 81 68 164 164 111 111
57 17 57 0 21 0 108 0 0 108 0 0 0 0 0 0 0 0 0 0 0 102 0 0 0 64 102 0 0 0 0 0 0 0 0 178 21 0 0 0 76 168 54 84 48 64 151 54 54 72 72 55 63 55 10 19 64 59 70 154 50 75 107 64 107 50 50 68 68 139 154 77 114 126 126 0 0 78 0 128 111 111 111 81 81 81 81 81 81 81 111 111 111 229 111 164
57 12 0 21 0 6 21 0 14 178 0 0 78 64 102 102 64 64 102 64 102 102 102 64 21 21 76 0 0 0 0 0 0 0 0 0 26 0 0 178 168 53 64 54 54 151 44 54 54 28 10 62 13 19 104 107 64 14 18 121 50 71 64 70 69 107 68 58 68 68 68 48 54 61 13 13 13 126 50 53 53 111 111 81 81 81 81 81 81 81 81 81 81 111 229 111
34 13 78 78 21 6 178 0 178 178 178 78 0 178 102 108 64 64 64 64 108 108 64 178 21 0 0 0 0 0 0 0 0 0 0 178 0 0 0 76 76 83 64 34 83 83 64 44 34 48 114 114 29 13 77 87 64 184 66 53 64 64 64 64 69 69 48 9 14 58 54 52 10 59 13 13 126 0 43 53 111 53 111 53 81 81 81 81 81 81 111 111 111 81 81 111
68 83 78 78 13 0 13 0 178 178 21 78 178 108 108 108 178 178 64 108 108 78 78 78 178 0 108 0 0 0 0 0 0 0 0 0 34 0 0 0 168 64 64 71 168 64 54 64 54 48 18 18 151 12 12 15 154 71 107 107 77 107 161 64 69 53 168 87 154 154 85 13 70 48 13 13 13 77 53 81 81 53 81 111 111 81 81 81 81 160 111 111 111 111 229 229
64 54 83 0 13 57 0 0 83 178 178 178 78 178 21 178 178 178 108 178 78 78 58 168 78 21 0 108 0 0 0 0 0 0 0 0 78 0 0 151 53 64 64 64 54 54 69 69 54 53 29 114 156 24 56 48 50 71 64 135 71 83 29 69 69 53 87 87 107 107 77 13 11 11 48 13 11 0 128 68 53 111 81 81 99 81 81 81 81 160 111 111 164 229 229 229
64 71 29 0 0 21 11 11 83 0 76 78 78 178 178 178 34 78 178 64 178 78 83 53 78 78 0 0 0 64 0 0 0 0 0 0 0 0 0 83 83 69 69 54 54 54 69 114 18 32 58 54 22 24 13 85 71 64 84 107 71 43 18 11 32 128 128 83 107 107 85 13 61 13 13 0 0 128 139 139 68 53 81 111 81 81 81 81 160 81 160 111 111 111 229 229
64 43 28 148 10 32 18 18 53 0 108 0 21 14 178 178 83 83 76 87 34 178 178 83 83 78 0 0 64 78 102 0 0 0 0 0 178 21 0 0 70 57 57 54 70 64 69 48 70 53 53 255 97 55 107 64 107 64 57 57 64 58 21 78 77 0 31 114 154 61 13 13 18 10 126 0 43 43 139 68 68 81 111 111 81 81 81 111 160 160 81 81 229 229 229 229
53 64 114 26 56 151 126 43 53 0 0 108 32 0 78 76 178 178 11 0 50 34 0 0 34 78 178 0 87 48 78 102 0 0 0 0 178 21 0 0 151 36 54 32 76 64 69 48 83 65 32 32 70 54 107 103 71 69 69 53 64 58 50 34 77 126 9 114 114 58 18 13 13 0 16 78 58 58 139 139 68 111 111 99 99 81 81 111 81 60 81 81 160 229 102 74
83 53 43 69 55 151 126 126 0 11 0 0 21 21 78 178 76 178 105 105 78 34 78 105 0 78 14 121 34 83 78 0 0 0 0 0 78 0 0 151 151 54 44 178 178 87 64 71 34 83 0 104 78 71 41 54 64 69 57 69 255 58 54 78 178 178 126 13 13 13 13 13 13 10 13 77 69 85 38 99 111 68 111 99 81 81 81 111 81 60 81 81 160 91 74 74
18 83 34 64 77 151 151 11 83 9 11 11 83 58 78 83 12 6 105 108 128 87 11 6 0 0 76 75 83 0 64 0 0 0 0 0 34 34 0 0 53 54 54 11 34 151 64 114 52 168 70 78 114 51 34 83 64 58 29 43 78 34 34 34 13 178 16 13 0 13 13 13 13 13 0 77 133 135 139 68 111 111 111 111 111 81 81 111 111 111 60 81 81 81 91 72
96 83 34 34 34 77 65 151 151 151 0 0 39 53 53 48 178 12 0 13 0 126 11 178 0 0 0 78 178 178 13 102 0 0 0 0 108 32 34 53 36 34 66 83 195 34 53 48 58 55 6 6 77 151 34 64 64 114 54 18 76 39 54 11 126 0 0 0 0 126 126 13 18 178 0 69 33 139 111 68 111 111 111 68 111 111 81 81 160 111 81 81 81 81 81 147
71 54 54 44 28 34 54 53 151 14 11 151 83 31 69 83 178 178 0 102 13 9 9 43 0 6 32 0 78 21 13 64 0 0 0 0 0 34 39 44 151 151 83 83 66 54 74 48 53 83 0 6 0 51 13 53 71 64 58 48 34 114 126 126 0 0 126 126 77 126 41 13 70 78 33 33 139 33 139 68 68 68 81 81 68 81 81 81 111 81 81 81 81 81 184 169
40 31 54 57 61 36 54 54 36 14 44 21 21 6 53 58 58 72 57 126 11 59 114 0 29 34 13 178 83 178 34 64 0 0 0 0 64 83 178 83 151 64 78 34 83 83 154 84 34 34 21 6 195 56 53 50 54 54 54 82 154 84 9 126 0 0 13 13 77 11 126 178 13 13 11 78 85 14 68 68 68 81 81 81 81 148 81 81 81 81 81 81 113 113 113 113
31 54 34 54 54 9 151 151 83 83 6 14 78 151 114 0 29 32 0 0 59 178 0 57 60 32 13 78 78 75 50 0 0 0 0 0 178 178 178 178 64 64 75 34 168 39 34 50 50 34 64 34 54 50 154 50 53 71 54 71 71 64 68 13 126 126 0 0 11 0 13 87 13 34 255 154 13 97 53 68 68 81 81 81 81 81 81 255 81 81 81 255 255 113 113 219
71 71 44 57 54 54 151 21 0 0 0 13 6 151 114 83 0 29 31 12 59 0 0 0 29 0 92 29 0 83 64 0 0 0 0 0 178 178 178 178 178 43 168 168 48 34 34 50 45 53 50 34 50 50 50 54 54 54 45 50 71 61 66 13 0 0 18 0 126 126 13 41 85 85 126 48 53 50 68 68 111 53 81 81 81 81 255 197 81 81 81 255 255 219 113 184
91 34 54 26 68 54 151 0 0 0 0 21 0 43 51 87 0 0 13 66 66 0 0 57 29 21 29 0 0 0 0 0 0 0 0 34 178 178 178 178 64 168 114 43 48 168 58 34 34 118 50 45 45 50 107 54 54 54 54 77 48 53 53 13 126 0 0 178 9 126 92 85 85 14 43 178 148 116 81 53 53 54 81 81 81 161 81 113 255 255 255 255 255 81 76 34
68 46 54 91 68 54 151 29 18 13 14 83 21 21 0 21 16 29 0 0 0 0 0 57 0 0 0 0 0 78 0 0 0 0 39 32 39 178 34 75 75 53 53 114 114 43 58 34 255 50 45 50 45 71 107 54 54 53 107 64 53 151 53 13 13 0 13 41 0 13 76 50 95 18 92 69 33 111 68 81 53 81 81 81 81 255 81 255 255 161 255 255 255 255 50 76
44 54 54 16 114 68 68 18 151 6 83 151 13 57 255 58 0 29 13 9 12 126 0 0 0 21 0 57 126 87 102 255 0 0 0 32 32 34 168 168 48 64 148 168 114 114 27 34 255 50 50 50 45 71 64 50 45 45 50 107 114 54 126 13 151 13 92 16 0 9 0 0 0 13 64 107 53 53 81 81 53 255 81 81 81 81 255 255 255 255 255 255 255 81 50 154
24 41 36 16 16 17 0 78 83 0 6 151 0 0 13 78 0 178 13 9 0 14 0 9 0 0 0 0 60 126 64 0 0 0 0 32 34 75 53 53 59 64 71 53 53 114 68 34 178 76 76 50 50 45 45 50 77 114 50 18 44 151 126 13 13 18 92 0 76 76 178 34 95 13 54 81 81 81 81 53 255 88 81 81 255 255 255 255 255 255 255 81 81 255 197 169
71 34 33 34 84 0 60 64 69 0 6 113 21 71 102 34 21 21 0 12 18 0 0 0 0 16 0 0 178 78 78 76 64 178 178 107 27 43 53 59 54 71 36 36 53 74 71 71 64 178 75 50 50 45 45 45 36 61 36 18 70 83 78 126 178 18 0 106 116 116 43 56 47 139 81 81 81 255 81 81 255 88 81 81 81 81 81 255 255 81 255 81 107 50 255 78
66 84 68 114 70 113 21 68 114 69 69 44 9 0 0 34 21 32 43 126 0 0 0 0 0 0 0 11 34 178 64 11 78 11 168 168 71 58 64 69 59 54 39 77 74 74 71 71 64 34 78 50 50 45 71 55 19 19 34 55 70 70 13 178 178 178 0 0 107 50 85 50 49 81 81 81 81 255 81 255 88 81 81 81 81 107 81 255 81 81 50 50 169 50 78 76
66 70 50 50 0 6 0 18 44 44 70 66 54 9 43 53 41 18 70 13 0 0 0 29 87 18 16 168 55 34 83 0 83 78 83 27 107 58 64 54 71 39 56 39 56 56 71 71 53 34 76 50 54 45 45 85 58 19 25 68 10 53 13 178 0 0 12 69 58 85 85 49 88 88 81 81 81 255 53 88 88 88 81 81 81 81 88 81 48 255 169 50 169 34 78 76
21 74 0 11 31 0 15 11 29 66 66 28 66 77 151 83 70 51 70 0 0 66 9 178 12 69 66 195 71 54 78 178 34 34 78 34 27 53 69 54 71 71 71 39 56 56 71 71 71 68 34 78 53 45 50 24 58 125 9 25 58 18 18 18 92 0 0 125 107 121 50 53 54 54 50 81 53 53 53 88 88 53 81 81 81 50 255 81 48 255 169 169 161 81 60 64
32 57 57 0 57 29 22 29 14 28 28 28 24 0 0 34 64 48 53 178 10 178 178 48 24 54 66 66 71 71 34 34 71 64 58 68 54 69 59 53 53 69 69 71 71 48 71 36 71 68 34 75 45 45 71 77 70 154 55 79 77 0 15 21 41 13 13 0 97 139 50 116 88 88 50 54 53 53 88 50 81 53 88 255 50 154 60 81 255 50 60 60 255 50 81 255
54 44 92 9 57 21 92 92 65 151 0 0 83 0 0 83 16 48 178 15 92 53 15 15 14 54 71 54 71 68 68 54 41 64 48 107 54 54 64 78 11 53 54 69 71 71 71 36 71 53 34 78 45 50 54 47 24 255 116 116 77 55 18 0 13 13 0 0 139 53 88 54 88 88 81 68 53 53 54 88 49 88 107 255 48 48 255 255 81 161 50 49 81 107 81 53
64 184 78 53 0 168 44 15 57 44 83 0 53 83 21 83 54 49 15 77 9 53 64 47 66 66 71 71 54 53 53 68 14 54 71 54 54 64 64 34 78 27 64 64 69 71 71 71 71 68 48 48 168 45 45 81 116 40 107 70 24 18 0 18 11 126 121 50 14 121 116 88 88 88 81 54 53 53 53 54 54 50 50 50 50 48 255 81 88 116 255 113 81 75 53 169
70 82 43 53 53 83 64 84 57 64 64 44 71 71 71 151 0 0 39 0 16 0 16 66 66 66 107 45 50 53 53 54 41 63 70 18 58 69 64 34 85 58 107 58 58 48 71 71 71 71 64 34 75 54 53 68 71 46 41 18 68 44 18 13 0 92 55 125 33 81 81 54 88 88 88 54 54 53 53 54 54 50 50 53 50 116 255 48 50 50 50 161 50 53 255 255
74 82 69 64 53 64 64 64 84 64 64 64 71 64 71 71 30 0 0 0 0 16 35 79 48 66 71 50 50 53 49 68 41 27 22 63 15 15 54 48 48 0 54 53 34 69 71 68 107 97 68 58 255 58 34 83 41 46 64 36 10 18 18 18 0 87 78 50 125 107 50 88 50 50 50 54 50 54 54 50 53 50 64 50 50 50 88 54 60 54 53 50 53 81 88 88
77 84 57 64 64 66 84 84 64 71 71 71 71 71 71 54 17 0 0 0 39 16 31 195 71 97 50 50 53 53 14 49 68 32 18 17 17 36 114 27 0 50 53 53 34 54 69 85 139 71 68 58 50 34 168 50 50 54 71 64 40 78 168 18 11 78 116 88 53 54 48 54 50 50 53 68 53 50 54 50 50 88 88 50 50 50 81 88 139 54 53 50 53 53 53 53
64 114 36 34 40 66 151 71 71 71 71 71 71 71 71 71 0 0 32 17 0 77 0 14 54 71 50 50 45 41 41 68 14 39 17 17 17 21 77 48 0 139 53 53 68 54 69 107 107 139 54 71 34 50 45 16 34 54 154 64 21 116 50 76 87 50 81 53 53 48 48 50 50 50 54 54 50 53 54 50 50 50 50 116 50 50 68 139 53 53 68 50 53 53 53 53
64 84 48 36 54 18 0 66 53 64 71 71 71 64 71 54 34 0 28 16 16 77 0 48 66 97 64 71 255 41 111 83 17 29 25 15 17 47 47 47 39 39 68 68 41 68 68 68 107 107 68 114 128 50 45 54 125 34 71 71 66 116 48 55 50 118 50 50 45 54 45 50 50 50 50 50 50 50 53 50 50 54 50 54 88 88 68 68 68 53 68 53 53 53 68 53
84 64 84 55 36 104 11 83 83 54 64 71 54 83 154 16 34 16 24 32 16 17 88 66 71 68 64 71 71 54 54 71 27 16 16 17 63 48 39 47 53 54 111 54 68 68 68 68 64 64 64 53 47 54 45 45 49 54 45 50 50 50 71 71 50 50 50 45 68 50 50 50 50 50 50 50 50 50 50 50 107 54 54 154 64 54 54 54 68 68 68 58 68 68 107 107
71 71 71 17 114 43 0 21 83 54 64 71 21 64 71 57 56 15 54 54 34 192 91 71 64 84 195 195 54 54 80 28 21 17 17 11 52 48 17 51 53 53 68 111 54 54 68 68 71 64 82 43 66 66 58 107 107 45 50 50 50 50 71 103 68 50 50 50 50 139 107 107 50 58 54 154 195 54 88 88 64 64 107 154 64 64 154 58 68 68 58 58 89 96 70 107
71 71 16 36 49 12 11 0 0 53 64 64 34 84 64 24 28 57 29 57 66 118 48 107 64 84 71 68 14 54 52 21 47 77 36 12 69 83 54 69 97 54 54 54 154 89 89 41 68 68 71 114 43 97 107 69 64 50 50 71 71 64 77 16 54 69 58 50 54 89 107 103 103 58 68 68 70 70 64 64 69 69 53 27 27 64 58 255 103 58 58 139 68 85 69 70
71 71 29 14 114 18 64 29 34 44 34 54 70 70 47 54 41 16 69 77 48 42 66 107 66 84 71 54 54 48 12 14 0 85 36 69 77 64 64 48 77 68 54 34 34 71 68 41 68 68 24 114 83 68 69 69 64 107 71 71 107 107 77 9 9 54 39 70 51 64 36 69 68 53 68 58 70 68 70 69 70 69 53 27 58 51 70 70 51 85 89 85 70 96 70 69
71 71 71 64 114 84 84 53 66 54 44 14 0 0 84 34 18 44 47 66 48 48 71 91 66 71 41 54 77 60 12 32 0 85 27 22 39 77 36 43 139 54 54 34 54 97 68 68 54 54 54 48 78 69 59 48 114 114 18 77 77 29 43 64 16 11 77 69 69 64 17 58 66 53 68 103 77 68 68 38 85 51 139 139 68 103 70 58 77 70 70 68 51 70 77 77
71 195 71 64 71 64 114 107 71 64 71 0 0 83 151 84 66 48 48 48 45 41 71 91 48 50 54 43 17 69 30 0 77 63 43 17 41 39 85 58 54 53 68 87 58 58 97 54 68 68 68 64 168 83 128 69 71 19 10 48 59 18 43 68 68 69 19 17 17 63 125 87 58 68 68 68 68 68 68 68 77 85 89 68 103 70 70 58 68 68 68 77 85 85 77 77
97 71 71 71 71 71 71 71 71 64 71 0 126 45 39 34 14 14 48 48 66 71 50 14 14 54 111 16 17 27 0 113 43 23 39 77 68 63 69 58 54 53 68 68 71 51 54 50 54 68 102 64 87 126 114 53 48 36 30 57 29 18 53 64 102 18 17 77 17 17 85 68 53 53 68 68 68 68 68 66 77 77 68 68 68 77 139 43 69 68 51 51 85 54 77 13
107 195 71 71 71 71 71 71 71 71 71 34 168 0 71 118 48 48 118 91 48 50 48 42 54 54 66 16 69 0 0 77 39 32 39 18 148 70 136 139 58 53 41 92 64 68 54 54 68 68 54 16 178 86 126 70 77 11 19 36 67 61 61 85 103 64 36 68 11 41 53 83 68 68 89 68 68 111 83 51 52 66 41 68 68 68 51 68 13 85 51 69 43 69 77 13
