Big_Beef/DataInputs30m/m_3_Age/Big_Beef_2010Age30m_QgisFormatAdjusted.asc
ncols        345
nrows        426
xllcorner    508541.817039101152
yllcorner    5265686.364124929532
cellsize     30.000
NODATA_Value -9999
[rows 56 to 111 of 426, columns 96 to 191 of 345]
100 14 14 34 14 14 14 14 48 74 118 66 66 66 14 195 100 100 65 65 168 195 97 168 195 195 45 45 45 45 21 0 0 0 0 0 0 0 0 0 0 0 0 0 0 0 0 0 0 0 0 0 0 0 0 0 0 0 0 0 0 0 0 0 0 0 0 0 0 0 0 0 0 76 0 45 45 45 15 0 16 28 84 66 74 66 66 66 195 66 114 195 66 66 71 84
100 14 14 14 14 14 14 48 48 118 118 118 14 45 76 45 45 14 9 83 168 9 0 168 168 45 45 0 0 0 0 0 0 0 0 0 0 0 0 0 0 0 0 0 0 0 0 0 0 0 0 0 0 0 0 0 0 0 0 0 0 0 0 0 0 0 0 0 0 0 0 0 0 76 195 14 45 66 51 66 16 70 54 114 91 66 66 118 118 118 118 195 195 66 84 65
45 45 45 14 14 14 14 48 48 118 195 118 14 213 213 45 33 114 6 6 83 0 73 168 76 213 0 0 0 0 0 0 0 0 0 0 0 0 0 0 0 0 0 0 0 0 0 0 0 0 0 0 0 0 0 0 0 0 0 0 0 0 0 0 0 0 0 0 0 0 0 0 45 45 72 66 114 84 36 36 16 57 66 107 118 74 118 195 66 118 118 195 66 84 84 65
45 45 45 195 14 14 14 14 100 14 14 14 14 34 34 45 45 74 168 45 14 45 83 6 87 72 45 10 21 0 0 0 0 0 0 0 0 0 0 0 0 0 0 0 0 0 0 0 0 0 0 0 0 0 0 0 0 0 0 0 0 0 0 0 0 0 0 0 0 0 0 45 84 84 99 60 84 56 36 14 12 69 97 195 118 74 66 66 66 66 195 195 84 84 66 9
168 168 45 45 34 14 14 14 14 195 50 66 66 14 14 65 74 84 84 99 65 70 6 0 11 65 71 45 21 0 0 0 0 0 0 0 0 0 0 0 0 0 0 0 0 0 0 0 0 0 0 0 0 0 0 0 0 0 0 0 0 0 0 0 0 0 0 0 0 0 0 45 65 65 60 84 84 56 20 99 16 99 114 118 118 66 84 66 55 60 84 84 69 60 84 70
168 12 121 76 78 66 100 100 118 195 81 65 64 40 66 100 100 84 60 99 65 83 83 45 11 45 0 57 0 0 0 0 0 0 0 0 0 0 0 0 0 0 0 0 0 0 0 0 0 0 0 0 0 0 0 0 0 0 0 0 0 0 0 0 0 0 0 0 0 0 0 45 83 84 99 34 36 18 12 65 9 162 77 66 66 66 18 36 18 18 18 84 84 84 84 70
0 0 11 15 21 76 66 195 118 54 65 44 99 99 81 100 74 72 60 60 65 6 76 45 45 52 45 21 0 0 0 0 0 0 0 0 0 0 0 0 0 0 0 0 0 0 0 0 0 0 0 0 0 0 0 0 0 0 0 0 21 0 0 0 0 0 0 83 45 45 45 65 57 56 99 99 99 36 36 68 10 66 168 66 66 56 36 36 18 18 10 10 84 84 84 99
0 0 178 45 21 66 71 81 45 44 105 44 99 66 100 74 100 162 99 74 84 83 45 45 45 45 21 21 0 0 0 0 0 0 0 0 0 0 0 0 0 0 0 0 0 0 0 0 0 0 0 0 0 0 0 0 0 0 21 21 0 0 21 0 6 45 45 83 83 45 45 45 44 99 12 23 16 16 77 6 6 168 151 24 55 9 10 10 36 48 10 24 84 99 84 70
0 0 6 83 21 195 66 44 45 21 83 83 65 41 51 45 100 99 99 111 83 83 45 45 83 29 0 0 0 0 0 0 0 0 0 0 0 0 0 0 0 0 0 0 0 0 0 0 0 0 0 0 0 0 0 0 0 21 21 21 0 83 45 45 44 45 45 45 6 65 65 151 15 16 12 16 25 34 57 0 22 6 60 68 43 10 10 36 10 36 36 10 104 84 40 84
0 14 83 83 83 76 213 66 16 44 17 83 44 84 51 45 100 162 44 111 83 83 83 0 0 21 0 0 0 0 0 0 0 0 0 0 0 0 0 0 0 0 0 0 0 0 0 0 0 0 0 0 0 0 0 0 0 45 45 21 0 6 0 83 71 0 6 83 36 15 15 168 11 16 41 16 28 13 57 6 168 84 0 71 44 18 49 10 49 10 178 10 48 66 36 70
0 29 21 76 83 34 83 148 16 15 0 0 11 60 54 83 66 162 99 74 45 45 45 0 21 0 108 0 0 0 0 0 0 0 0 0 0 0 0 0 0 0 0 0 0 0 0 0 0 0 0 0 0 0 0 0 45 45 17 0 83 0 15 45 51 17 17 15 44 14 83 168 73 17 16 41 99 15 13 57 0 0 13 84 40 36 18 10 10 0 0 0 9 14 44 84
0 57 178 83 45 76 68 65 14 15 105 21 44 74 60 72 100 66 99 99 45 45 45 0 57 0 0 0 0 0 0 0 0 0 0 0 0 0 0 0 0 0 0 0 0 0 0 0 0 0 0 0 0 0 195 66 66 45 45 83 45 45 44 151 51 18 9 9 38 19 148 0 126 151 21 77 151 151 0 32 21 0 54 99 55 9 41 15 0 0 66 66 66 66 66 66
11 11 168 34 45 83 31 15 15 15 83 17 51 81 45 72 100 54 99 74 83 45 45 21 0 21 0 0 0 0 0 0 0 0 0 0 0 0 0 0 0 0 0 0 0 0 0 0 0 0 0 0 0 83 195 66 162 84 168 45 45 60 60 54 40 36 9 20 34 83 6 66 9 44 15 77 31 0 6 32 0 0 54 18 44 10 0 0 0 0 60 11 104 15 15 66
87 87 100 195 45 83 83 71 13 0 105 57 65 100 45 100 45 162 54 84 45 45 45 21 57 0 0 0 0 0 0 0 0 0 0 0 0 0 0 0 0 0 0 0 0 0 0 0 0 0 0 0 65 65 11 15 24 162 162 162 162 57 99 111 18 11 41 36 34 57 0 151 151 65 11 15 31 29 19 28 44 65 44 24 66 44 178 14 92 60 11 66 13 15 104 178
76 45 168 168 45 83 83 28 11 0 0 44 65 66 162 45 45 65 84 168 45 45 45 57 0 21 0 0 0 0 0 0 0 0 0 0 0 0 0 0 0 0 0 0 0 0 0 0 0 0 0 0 151 151 11 184 66 66 66 84 51 57 51 45 29 6 16 34 34 0 0 0 11 11 31 31 31 15 15 22 22 31 84 84 104 15 178 15 57 0 18 178 15 15 14 9
21 83 168 168 83 0 14 0 0 0 0 66 60 101 100 100 45 45 45 45 168 45 45 21 21 21 0 0 0 0 0 0 0 0 0 0 0 0 0 0 0 0 0 0 0 0 0 0 0 0 0 0 11 0 15 114 72 66 66 162 17 38 19 44 6 83 14 44 40 83 0 0 11 0 0 15 0 15 84 22 34 66 36 104 15 44 178 15 29 0 178 178 15 56 15 15
6 6 168 45 45 45 0 21 11 21 0 57 66 15 81 74 45 66 100 45 45 45 45 21 21 0 0 0 0 0 0 0 0 0 0 0 0 0 0 0 0 0 0 0 0 0 0 0 0 0 87 168 0 0 66 72 66 66 91 66 51 36 56 36 35 83 70 36 111 11 15 31 31 126 178 11 15 83 32 28 32 68 36 178 178 178 15 178 15 29 0 15 126 92 15 0
12 9 122 45 45 83 83 45 34 105 21 0 51 28 81 74 45 65 65 83 45 65 45 21 21 0 0 0 0 0 0 0 0 0 0 0 0 0 0 0 0 0 0 0 0 0 0 0 0 76 76 168 168 168 11 195 195 91 91 84 34 111 51 56 36 65 77 36 11 44 111 11 31 65 151 151 11 29 11 32 36 99 84 36 178 178 178 0 29 29 0 92 168 178 15 178
72 72 89 45 45 83 83 34 24 21 0 11 51 28 81 45 45 65 65 83 31 45 45 45 0 0 0 0 0 0 0 0 0 0 0 0 0 0 0 0 0 0 0 0 0 0 0 0 0 76 0 82 195 195 82 91 195 91 66 51 40 55 65 84 84 111 54 48 21 21 36 18 70 84 84 151 11 66 11 54 49 55 66 36 178 0 0 178 29 60 11 15 178 178 0 0
45 45 45 45 45 45 45 45 45 12 6 0 24 66 24 162 56 99 99 15 36 84 45 45 0 0 0 0 0 0 0 0 0 0 0 0 0 0 0 0 0 0 0 0 0 0 0 0 76 50 91 50 195 195 195 66 195 195 66 99 14 65 65 29 56 84 70 54 15 21 9 10 43 74 66 28 114 28 10 10 30 48 18 178 15 15 14 31 31 21 60 0 0 178 178 0
83 45 83 0 45 100 162 87 11 168 21 0 60 45 44 20 21 99 61 14 13 84 45 0 0 0 0 0 0 0 0 0 0 0 0 0 0 0 0 0 0 0 0 0 0 0 0 0 76 91 195 91 91 195 195 195 195 66 114 29 111 31 21 65 36 111 44 31 0 70 9 0 77 28 84 28 10 28 9 25 30 19 29 9 178 178 10 0 0 32 60 0 0 15 11 21
45 151 83 0 45 45 44 0 83 14 21 34 60 81 14 15 21 69 18 36 14 14 45 34 0 0 0 0 0 0 0 0 0 0 0 0 0 0 0 0 21 0 0 0 0 0 76 76 168 195 91 195 50 195 195 91 66 114 99 11 6 0 65 9 70 66 83 44 14 62 105 0 9 9 28 14 11 0 6 28 10 126 126 0 11 0 0 0 21 21 60 0 0 0 0 0
83 0 83 83 0 0 83 45 83 13 21 45 162 12 12 57 57 44 111 30 30 56 102 0 0 0 0 0 0 0 0 0 0 0 0 0 0 0 0 45 45 45 45 0 0 0 83 45 45 91 91 195 50 66 114 195 66 84 69 11 22 66 66 43 40 65 65 77 44 65 49 14 9 14 57 0 18 0 21 0 11 6 0 0 0 0 0 60 21 21 0 0 0 0 6 21
0 21 21 105 21 83 83 45 19 0 83 45 81 51 12 31 0 99 44 99 30 13 102 0 0 21 0 0 0 0 0 0 0 0 0 0 0 0 0 0 84 45 0 0 0 0 45 195 91 66 195 50 50 66 66 114 162 84 99 99 77 21 9 0 9 43 77 11 24 104 6 6 57 57 0 178 57 0 12 0 12 0 0 0 0 0 0 0 0 21 60 0 0 21 21 13
83 0 0 0 31 47 83 45 21 0 6 81 99 12 31 13 168 44 111 44 65 24 76 34 83 83 21 0 0 0 0 0 0 0 0 0 0 0 0 0 84 83 0 0 0 45 45 66 195 72 195 195 50 118 118 66 114 162 71 56 15 21 151 83 83 28 9 17 48 55 6 29 29 57 0 0 0 17 60 0 12 60 0 21 0 60 29 60 21 60 60 0 0 21 21 0
6 21 21 0 0 83 56 29 13 83 168 99 99 17 0 66 57 71 40 40 34 34 34 65 168 84 24 21 0 0 0 0 0 0 0 0 0 0 0 0 65 83 0 83 83 45 45 45 45 66 195 82 50 91 114 66 114 66 84 43 0 0 0 83 66 66 0 65 6 9 9 9 6 6 0 0 21 21 0 21 60 0 29 0 0 13 26 26 21 31 29 29 31 0 29 0
21 10 83 83 11 100 29 29 162 162 99 99 99 99 45 162 45 65 44 111 20 28 19 19 51 28 99 45 0 0 0 0 0 0 0 0 0 0 0 9 65 45 83 60 72 45 84 31 14 66 91 50 118 74 66 114 66 66 84 111 104 111 11 11 54 40 77 21 151 66 9 0 6 0 0 28 0 29 14 14 0 0 126 9 0 0 31 0 32 0 0 11 11 12 0 0
15 32 47 83 83 15 66 29 84 44 38 99 66 99 99 162 45 45 30 114 130 34 28 34 34 30 99 65 0 0 0 0 0 0 0 0 0 0 0 0 84 66 45 72 66 45 54 15 44 66 91 118 118 74 66 114 114 66 66 100 43 21 9 11 9 48 21 21 65 9 0 0 0 0 0 28 10 15 77 0 126 126 11 0 15 0 126 0 29 29 0 11 6 0 87 0
24 44 66 45 83 48 66 50 51 84 44 56 51 99 99 162 45 45 36 60 14 34 28 34 19 34 38 38 0 0 45 0 0 0 0 0 0 0 0 0 0 66 66 66 66 66 65 15 15 71 84 97 118 118 74 100 118 66 99 20 43 21 0 9 11 11 65 56 65 0 0 0 28 0 0 0 28 0 10 18 14 151 126 0 92 0 0 9 31 0 0 0 6 126 6 0
45 184 66 100 45 40 71 84 51 44 0 15 99 99 57 162 162 45 44 65 71 36 34 24 34 19 38 19 0 0 83 45 14 0 0 0 0 0 0 0 168 168 45 66 66 66 45 69 32 162 72 50 118 118 91 91 66 84 99 30 43 17 43 41 15 11 65 77 65 0 43 0 0 0 0 53 0 48 10 18 9 0 0 0 0 0 0 0 29 0 0 6 57 151 151 126
21 184 66 100 100 71 71 71 71 45 32 0 111 99 99 99 99 44 44 83 99 99 28 34 34 9 62 49 0 66 83 45 14 0 0 0 0 0 0 0 0 66 66 65 45 74 54 28 118 77 91 195 195 66 66 66 66 84 32 34 34 34 28 28 15 13 44 66 151 0 0 0 0 21 0 9 0 114 15 31 0 11 0 0 0 0 0 0 0 29 0 0 0 21 18 18
108 108 66 66 14 54 84 84 71 45 83 10 60 99 99 99 65 66 151 83 83 99 24 27 62 9 28 28 28 168 168 0 0 151 21 0 0 0 0 0 9 72 45 65 84 81 84 19 101 66 91 66 66 66 11 9 84 84 84 44 28 34 28 36 25 20 65 66 151 0 0 0 0 21 57 0 78 10 31 10 78 34 0 18 0 0 14 0 45 29 21 78 0 24 54 66
45 45 100 71 14 54 0 0 54 83 65 84 60 45 65 65 9 28 151 21 83 45 65 28 38 66 57 57 0 168 168 168 65 65 21 0 0 32 32 21 12 65 70 65 28 22 22 16 15 16 66 44 47 28 17 68 57 57 56 19 25 16 11 77 87 36 36 65 151 65 65 65 65 65 65 0 44 17 0 17 11 10 17 11 17 168 16 11 78 76 54 31 16 16 16 16
45 66 81 71 195 45 0 83 83 83 83 99 162 45 45 14 57 28 9 65 36 14 31 21 14 57 21 0 168 168 66 168 65 83 0 0 0 0 0 0 0 9 9 65 28 25 15 16 28 68 16 15 12 44 44 41 14 25 36 36 17 16 28 0 13 15 43 34 24 0 0 65 65 84 57 0 11 34 18 17 0 11 11 10 15 15 21 148 11 32 71 71 56 14 20 31
71 44 71 84 45 21 151 44 83 0 44 99 99 162 45 14 57 0 9 84 60 18 31 10 57 57 21 0 83 168 45 45 168 83 76 108 0 21 108 0 65 21 99 12 17 15 16 16 12 12 14 12 36 17 44 41 25 25 66 56 12 32 41 65 148 0 65 0 0 0 74 74 0 0 0 0 31 17 17 17 19 14 11 48 48 11 32 44 17 32 45 54 127 30 87 31
9 84 54 84 151 83 44 0 0 0 151 99 99 60 45 45 0 83 65 99 99 44 99 66 66 57 57 11 168 168 83 168 45 83 83 168 83 45 45 45 65 41 16 28 32 33 16 12 11 14 14 99 25 35 15 148 17 41 32 65 127 28 13 13 31 0 0 0 0 0 0 0 0 0 0 0 10 12 12 0 16 17 12 15 15 21 55 6 60 34 151 84 178 54 83 54
12 84 84 84 84 83 15 21 0 0 57 0 21 162 45 45 83 65 84 99 84 99 38 56 168 57 57 28 168 45 83 168 45 83 83 84 65 45 66 44 16 30 57 57 36 14 16 12 25 25 66 15 99 36 44 17 6 57 32 83 26 63 21 18 0 0 0 0 0 0 0 0 0 0 0 0 11 16 0 0 16 77 13 0 18 44 33 32 21 83 151 151 11 57 21 21
9 74 84 99 84 29 15 0 21 57 57 57 0 45 162 65 60 84 84 162 44 34 44 84 84 66 0 168 60 83 83 168 45 45 83 83 13 9 168 168 45 44 40 61 36 44 31 16 25 25 14 15 12 44 44 17 6 26 29 57 66 15 83 44 15 63 77 0 36 0 0 0 0 0 22 11 38 22 38 31 16 63 13 0 54 0 21 21 21 21 83 151 18 0 0 21
9 74 36 84 99 151 83 32 41 19 11 66 44 100 68 66 45 84 45 66 84 84 69 36 66 28 0 114 114 50 114 195 195 45 83 0 83 9 72 195 162 51 44 66 65 19 16 9 13 12 44 56 6 99 99 16 17 44 26 105 10 44 11 31 24 36 87 48 0 0 0 0 0 0 44 38 38 11 16 23 11 11 17 13 11 16 78 14 14 21 83 0 41 168 16 0
9 65 84 84 36 0 58 21 83 83 44 65 30 111 99 84 83 54 45 162 84 84 56 57 65 0 57 15 18 84 114 99 65 65 151 45 15 9 45 45 71 151 44 21 0 83 25 25 16 15 14 0 22 16 32 16 31 17 10 14 68 32 11 15 0 24 0 43 55 28 34 0 0 0 15 10 22 11 16 16 15 41 11 11 16 16 17 14 78 11 9 0 0 18 16 16
65 71 84 45 83 76 0 83 83 83 44 99 65 56 21 51 14 16 54 66 84 84 55 99 65 66 15 48 58 84 162 99 65 65 114 45 44 24 71 84 84 24 99 44 65 51 81 51 16 99 41 56 65 99 30 22 127 127 21 13 32 0 44 15 13 0 0 0 73 55 10 0 0 71 18 11 22 12 17 11 15 15 12 44 12 32 18 22 77 151 18 0 0 0 17 83
84 71 71 45 83 0 76 83 45 45 14 38 99 45 57 65 83 45 54 66 84 44 69 99 84 66 18 56 84 84 99 44 44 99 33 21 36 99 99 24 84 60 57 56 56 111 44 51 66 15 29 30 60 25 34 56 99 66 19 31 31 0 0 57 33 36 0 9 55 114 0 0 0 71 18 29 24 24 29 11 10 54 114 54 34 34 51 78 83 83 0 22 0 0 178 9
84 84 66 168 0 6 6 0 44 68 44 56 87 51 65 84 72 66 44 84 84 57 57 84 99 99 18 36 69 99 99 38 44 99 29 21 24 44 21 0 0 65 65 84 36 19 28 30 14 15 29 99 99 101 25 25 19 41 19 31 21 32 0 20 18 9 0 0 0 10 0 0 0 16 15 32 53 40 40 40 29 24 83 83 83 17 21 83 13 0 12 22 168 0 0 16
24 44 65 0 0 0 6 0 83 45 45 99 99 111 65 83 51 84 55 55 44 44 57 56 40 57 84 56 84 99 44 38 44 99 45 15 11 83 21 0 0 0 168 65 65 41 34 16 56 36 56 99 99 44 44 81 56 36 65 10 55 34 41 69 34 11 0 0 0 0 0 0 25 12 29 29 71 78 40 31 31 54 34 78 78 26 21 21 0 0 0 83 168 11 22 64
24 24 83 83 83 178 105 0 45 45 45 99 38 38 65 0 57 40 56 44 84 84 84 14 56 57 84 84 70 99 34 38 44 99 65 45 17 17 44 0 0 0 0 60 34 99 68 69 36 99 84 65 40 70 65 84 99 28 58 31 44 16 11 11 84 65 66 73 11 11 0 0 99 57 18 47 24 40 56 78 78 54 34 16 17 21 21 21 0 0 0 83 26 71 54 71
99 24 29 83 34 34 178 76 45 66 45 99 40 66 83 84 84 44 56 99 57 69 56 35 56 57 99 99 57 48 48 40 99 99 84 83 84 151 9 0 0 0 45 162 84 66 54 84 56 99 55 65 65 65 65 65 65 18 36 40 151 84 65 65 15 0 66 151 42 65 0 0 57 24 57 56 14 40 38 40 54 63 63 17 17 83 78 14 29 11 34 11 37 71 43 66
36 83 83 83 34 34 83 83 31 45 84 99 66 151 6 60 84 34 28 58 36 56 56 34 19 56 99 56 56 66 0 83 65 83 69 83 65 12 11 0 0 45 45 54 84 66 65 65 55 55 0 65 6 14 151 0 0 83 11 18 0 44 40 65 0 0 151 151 0 25 0 19 35 68 57 50 24 24 71 40 20 16 54 69 36 18 11 10 31 102 40 102 66 54 34 16
83 168 83 34 34 14 19 45 45 45 57 111 77 65 65 99 99 57 57 84 18 18 44 15 111 99 99 61 56 9 24 24 65 168 83 83 65 14 0 6 151 151 83 54 44 44 99 84 51 66 151 151 22 151 66 0 0 83 178 33 0 54 65 65 0 0 0 151 151 66 0 0 66 41 38 54 78 40 16 31 14 54 16 56 40 18 62 44 9 54 54 54 66 28 28 32
41 83 195 34 34 45 45 45 44 44 84 56 65 65 74 99 99 44 99 56 56 18 56 44 56 99 56 29 19 11 151 65 57 213 213 65 9 83 0 45 45 6 45 162 44 99 99 84 83 6 0 0 151 151 65 0 83 0 0 44 44 44 56 0 18 0 0 0 70 25 0 0 0 28 34 71 40 71 40 20 31 31 36 40 62 18 0 0 54 51 151 54 31 41 28 46
83 83 83 83 34 83 32 0 70 24 50 65 84 44 36 99 99 99 99 56 56 56 56 56 60 42 34 34 28 87 65 65 40 57 84 65 83 83 44 45 45 6 66 84 99 30 57 44 83 14 0 0 44 44 65 74 65 0 0 0 21 57 68 178 0 0 0 151 40 34 0 0 0 32 30 19 31 16 40 71 71 16 16 20 34 51 9 0 0 0 0 33 65 17 28 57
16 0 83 105 76 83 18 0 87 60 151 65 84 99 99 99 99 99 99 19 56 29 44 84 44 57 20 111 111 69 18 70 40 65 84 84 45 45 65 44 45 45 45 99 99 56 56 65 0 6 0 0 29 65 43 65 0 0 57 9 0 57 83 0 0 0 151 66 36 35 0 0 34 0 40 30 16 16 16 71 71 71 28 40 43 104 77 11 0 0 29 0 44 16 16 46
0 0 83 108 83 45 0 0 66 40 83 83 84 84 99 99 44 57 40 99 47 15 60 99 84 36 62 18 55 9 18 60 67 65 66 84 45 66 66 54 66 66 45 54 99 99 65 83 0 0 0 65 36 36 65 65 0 0 83 83 18 70 6 0 57 6 83 151 65 0 0 0 17 25 44 40 40 20 16 35 40 16 28 36 15 0 66 0 0 31 6 6 0 9 25 19
105 0 34 213 45 45 0 83 65 18 83 0 83 99 99 44 69 99 56 56 24 60 84 84 84 65 9 151 168 0 168 168 70 66 66 45 45 45 66 66 66 66 54 99 99 65 65 0 0 151 65 54 56 56 44 83 6 6 83 151 151 84 70 6 83 83 0 65 65 25 0 0 0 16 71 40 71 32 71 20 40 44 28 36 36 36 31 51 0 0 11 104 11 28 0 9
34 34 21 21 45 45 0 168 73 85 84 83 65 84 99 99 99 70 77 162 60 70 84 84 84 57 57 14 114 18 0 168 66 84 84 45 83 66 66 66 66 66 44 99 65 44 57 57 0 12 12 65 99 56 65 0 6 151 6 71 44 84 83 6 6 0 12 65 36 35 16 31 24 31 33 35 35 44 20 40 40 71 57 36 56 19 31 6 83 60 70 83 49 28 57 0
32 87 21 47 45 0 0 0 34 85 100 44 84 54 54 50 99 65 84 84 45 15 0 87 36 65 13 0 0 76 0 83 84 57 84 66 45 66 66 66 66 54 44 44 44 44 44 57 0 11 65 65 40 84 151 0 0 0 83 151 151 44 6 0 57 0 57 9 87 36 0 66 34 31 71 71 20 20 71 40 162 33 11 25 30 36 151 21 6 151 53 114 14 11 0 15
21 0 21 41 45 0 151 57 84 24 54 64 44 64 64 54 84 24 162 66 10 0 0 83 65 49 57 0 0 0 0 0 99 57 60 60 162 66 66 66 66 66 44 99 44 44 6 11 0 44 65 14 57 6 151 6 0 0 0 6 83 83 0 0 0 0 0 11 66 15 0 0 34 35 162 76 44 32 71 56 31 41 36 19 24 18 40 51 51 0 57 57 151 51 83 151
