Big_Beef/DataInputs30m/m_3_Age/Big_Beef_1990Age30m.asc
ncols        345
nrows        426
xllcorner    508536.404131802963
yllcorner    5265678.997906560078
cellsize     30.0
NODATA_value -1
[rows 56 to 111 of 426, columns 192 to 287 of 345]
65 68 44 99 44 40 84 84 99 99 57 43 84 99 66 84 65 44 31 71 17 44 44 32 22 17 84 99 84 60 69 41 100 46 99 99 99 38 99 162 99 99 99 99 84 65 57 57 0 57 0 83 0 0 168 66 71 45 56 84 99 38 56 40 40 111 40 60 60 162 162 68 60 101 101 71 71 114 99 40 84 84 60 84 84 195 195 55 66 168 83 195 71 71 54 84
34 111 99 44 40 40 65 99 99 99 111 71 84 84 45 56 84 44 16 19 14 44 22 16 22 84 84 84 84 99 41 84 100 162 34 38 38 74 84 99 99 99 40 99 84 65 65 83 0 21 83 0 0 0 34 66 66 66 45 84 99 38 56 111 111 40 60 60 101 162 60 101 60 101 66 66 114 114 99 84 114 162 60 162 71 195 66 17 168 0 0 168 71 195 71 34
40 71 44 57 40 38 38 68 84 41 84 44 84 84 45 100 54 44 84 44 44 14 34 34 99 84 84 41 99 28 41 22 162 19 36 111 99 38 84 84 99 111 99 57 99 84 65 83 0 83 151 84 168 34 71 66 66 40 22 22 99 38 56 56 40 38 111 60 72 66 101 101 66 66 118 66 114 162 99 60 66 84 66 114 66 195 66 24 45 105 0 21 0 195 71 84
65 65 99 84 57 99 34 68 99 99 44 32 84 84 100 100 54 84 84 44 44 41 44 71 71 44 84 44 84 99 36 84 162 162 44 99 44 99 40 60 99 65 50 45 44 65 65 83 21 65 9 151 151 0 0 195 114 78 46 41 47 38 56 111 40 38 38 60 101 100 162 72 66 118 118 66 162 84 84 60 84 114 66 66 45 45 66 24 83 0 0 0 108 168 84 64
44 84 84 84 65 44 44 84 44 44 54 54 45 45 45 100 100 44 44 54 54 71 71 71 71 44 71 99 44 44 84 84 16 71 71 99 44 84 57 60 84 60 84 45 45 45 54 44 12 11 9 57 0 9 0 66 71 78 162 99 38 111 111 40 40 111 38 44 101 72 74 74 72 114 71 71 99 99 40 111 70 114 66 54 45 76 71 71 32 0 83 105 168 83 45 44
71 84 68 44 65 44 17 84 84 69 69 24 40 100 45 45 100 71 54 71 71 71 71 71 100 68 65 99 84 32 99 84 24 44 162 99 44 40 84 84 84 84 71 195 66 114 148 0 57 0 6 0 0 168 83 54 71 66 44 47 38 56 40 55 55 38 38 111 74 101 74 74 114 66 71 71 84 99 28 62 43 84 66 66 45 45 83 34 68 83 34 34 34 83 83 0
84 40 99 99 84 84 44 84 44 50 71 84 84 71 14 45 71 71 71 71 71 71 71 71 71 84 111 65 99 99 99 99 84 162 84 34 38 84 84 60 71 84 71 195 66 65 9 0 0 0 0 0 0 83 45 83 83 66 38 111 38 111 111 40 40 38 38 40 60 101 72 100 114 66 71 71 99 57 38 44 9 151 84 83 34 34 0 76 21 76 14 14 34 83 27 83
99 28 40 60 99 99 65 84 44 84 84 44 71 66 71 45 71 71 71 100 40 44 44 71 71 44 44 14 57 65 44 44 84 84 99 99 99 84 99 84 72 195 195 66 16 66 28 0 28 28 0 0 0 168 45 84 66 84 38 56 38 111 40 40 40 40 38 40 60 72 72 162 66 71 71 71 57 99 57 99 0 21 0 76 168 45 0 83 0 26 195 14 14 14 31 71
99 34 84 99 84 65 44 84 44 54 44 44 71 66 54 54 66 66 71 54 71 71 54 71 54 41 44 57 28 66 44 65 84 65 99 44 44 44 24 66 72 195 195 66 66 66 151 28 28 28 0 66 65 84 84 151 84 99 38 56 111 111 40 40 40 38 38 40 40 80 80 80 66 71 71 99 68 71 71 44 44 0 0 83 83 0 76 0 21 0 76 34 14 40 40 40
41 34 84 84 84 44 84 84 71 44 44 44 71 14 14 54 71 71 54 54 84 71 54 44 41 34 44 57 28 66 66 66 99 65 66 99 99 84 44 66 168 72 114 66 66 114 151 28 28 9 9 84 84 65 65 168 84 47 38 111 56 56 56 74 40 40 38 38 60 80 74 72 114 71 71 99 71 195 66 44 12 83 83 45 45 32 0 0 0 86 0 83 34 14 71 71
84 84 84 84 69 44 56 84 71 44 44 71 71 66 54 54 71 71 54 54 54 71 71 41 36 44 44 45 84 65 14 28 28 66 84 84 60 57 65 151 168 84 114 66 66 45 14 28 168 84 65 84 84 84 168 76 72 101 47 38 56 56 56 40 60 44 111 40 60 101 72 162 71 71 84 68 71 118 71 65 151 13 45 34 34 34 34 34 76 14 83 71 24 24 71 14
44 44 71 24 71 44 69 44 54 24 54 54 71 14 54 71 71 71 71 71 71 54 71 54 99 41 71 19 16 54 45 168 168 151 84 84 84 57 66 12 45 84 84 66 66 45 45 65 84 84 84 84 84 44 76 72 99 47 47 56 56 56 56 40 60 44 38 44 60 101 72 162 84 84 84 71 71 118 56 54 66 47 34 34 76 14 34 118 195 14 14 71 71 54 54 54
44 84 71 69 40 45 17 16 54 71 16 45 45 118 71 71 71 71 71 71 71 71 71 54 99 41 44 44 44 54 45 44 84 84 84 84 99 43 0 9 9 84 99 84 84 84 84 99 40 74 65 65 100 14 168 72 101 47 74 56 56 111 56 40 44 44 40 44 60 101 74 114 162 71 107 71 195 118 78 31 32 24 21 83 126 168 45 118 71 54 54 71 71 71 71 71
71 71 40 69 69 24 17 148 54 71 31 24 71 14 66 71 71 71 66 66 71 54 40 44 99 99 84 44 16 19 54 44 44 84 99 99 84 65 28 0 151 84 84 84 36 40 74 74 40 9 168 65 45 45 84 60 47 38 38 56 40 40 40 40 111 38 44 60 101 72 80 72 71 71 107 50 118 56 78 54 32 168 83 87 0 0 87 76 66 71 71 71 71 14 71 83
54 24 54 40 24 24 17 56 40 40 40 24 78 40 71 71 71 71 66 71 71 71 71 99 44 99 84 31 84 44 44 36 84 84 99 84 44 44 9 0 0 44 84 66 36 0 66 44 66 0 0 168 101 162 162 99 34 38 56 74 40 40 99 99 38 111 44 60 101 72 72 100 71 71 114 118 118 118 56 54 84 84 168 83 0 0 0 87 195 195 71 53 71 34 83 83
95 195 14 40 78 68 17 17 40 40 14 14 24 71 71 71 71 71 71 66 71 71 71 54 99 99 84 31 56 84 99 84 84 84 99 84 65 17 12 113 87 0 66 66 0 0 0 0 0 45 17 60 101 101 72 162 162 38 111 74 40 40 57 99 28 38 44 60 101 72 72 74 66 66 114 118 118 74 66 54 65 17 0 83 0 21 0 0 0 0 0 53 168 34 83 83
24 195 14 14 14 16 18 71 24 24 66 14 14 14 71 71 71 66 66 66 66 71 54 54 99 99 84 44 168 84 84 114 84 84 99 17 13 44 9 21 87 83 151 84 65 0 83 76 45 101 81 81 101 101 100 100 72 101 40 74 40 56 56 40 84 99 38 44 60 114 74 74 100 100 118 118 118 74 74 71 64 45 32 83 0 21 0 86 0 0 6 0 6 0 0 0
45 45 83 34 168 34 17 83 71 45 14 66 78 71 66 66 66 66 45 45 71 83 45 54 65 44 45 83 83 168 84 84 60 84 54 84 17 65 9 83 76 83 168 65 151 0 168 168 74 72 162 101 101 162 72 72 101 101 40 74 40 40 44 40 84 84 99 60 114 80 74 80 100 118 101 72 114 74 114 114 71 114 45 45 83 21 21 0 0 0 0 0 0 105 87 0
0 17 39 83 83 45 17 168 66 24 14 14 71 71 71 71 45 66 45 83 83 12 0 0 83 0 45 83 45 83 84 84 84 84 84 66 84 45 168 83 83 83 0 44 168 45 72 72 72 100 81 101 101 60 44 101 101 40 74 74 84 60 162 84 66 162 84 162 114 74 80 101 101 101 44 101 17 72 101 101 162 114 162 100 45 45 17 44 0 0 0 0 83 105 57 0
0 34 78 178 34 34 21 34 66 45 14 68 66 66 14 40 71 71 65 45 0 57 57 57 0 0 34 83 17 44 44 84 18 151 32 71 71 84 168 84 84 44 45 0 0 72 162 72 100 100 44 60 60 44 111 111 111 74 84 84 60 114 66 66 118 66 66 66 162 162 162 99 101 101 44 74 101 101 101 47 101 72 101 162 44 99 65 17 0 0 0 0 0 0 0 57
34 16 0 178 168 34 34 34 34 45 0 83 148 195 24 31 54 34 44 45 0 57 57 57 0 0 87 17 17 66 151 83 14 57 0 126 71 84 65 65 84 66 0 0 0 84 162 114 100 162 74 74 74 40 111 111 111 84 84 84 84 114 195 195 118 195 118 66 66 162 84 84 40 44 44 101 101 101 101 99 99 101 44 84 99 69 69 34 54 34 21 0 0 87 83 83
0 168 34 34 17 95 34 34 76 45 0 78 34 71 71 84 31 84 45 45 0 57 57 0 0 0 0 83 54 84 0 126 44 31 0 126 71 54 83 84 84 65 0 66 84 99 162 84 99 40 84 84 84 74 111 40 40 60 84 84 162 114 80 66 195 195 80 55 80 66 162 60 68 40 99 44 101 101 60 101 60 44 99 99 99 99 54 84 84 151 0 21 0 0 0 83
21 17 17 17 34 114 14 34 14 66 21 24 66 54 71 65 65 65 151 45 0 57 57 57 0 57 0 0 54 17 0 148 65 33 11 126 84 84 83 84 68 83 0 100 100 24 24 45 84 38 55 55 40 40 40 70 114 84 84 84 195 66 118 195 195 66 80 80 66 46 60 60 60 60 40 40 40 44 60 44 60 60 99 84 84 84 195 71 84 83 178 21 108 108 76 83
21 168 17 17 45 17 34 45 17 66 66 69 17 54 44 9 99 65 151 45 0 57 0 0 57 57 0 0 65 0 0 66 65 9 14 66 71 71 71 84 56 34 168 80 74 80 74 100 162 44 56 55 40 40 102 66 84 84 162 114 114 50 118 118 118 195 66 80 162 84 50 162 68 60 84 40 40 40 44 44 60 60 101 114 114 114 168 195 53 83 76 34 34 178 108 83
178 14 195 195 84 66 45 168 34 168 66 151 36 54 32 65 84 65 151 17 0 0 83 0 57 57 83 57 0 151 0 28 28 0 34 74 84 84 84 84 68 84 30 74 36 74 74 60 101 38 56 40 70 60 66 66 66 162 55 162 114 66 80 55 66 84 72 66 34 99 84 99 68 68 99 40 40 40 40 40 44 60 101 162 66 195 195 45 126 87 113 168 34 178 13 0
178 17 195 195 84 168 17 34 34 66 36 151 71 44 65 54 84 65 41 56 83 83 56 45 168 83 168 83 151 65 57 57 57 9 74 66 84 84 84 84 71 74 74 74 74 162 101 44 44 44 111 74 65 84 60 66 66 80 55 66 114 114 195 56 66 60 162 162 34 99 34 99 68 68 35 35 40 68 40 40 40 60 101 66 74 65 66 83 0 0 0 86 78 21 0 0
34 195 195 66 114 86 0 34 14 34 71 17 54 44 65 168 66 54 34 0 56 148 56 45 0 44 0 0 0 65 151 57 57 66 151 66 65 34 84 71 14 14 74 74 45 162 111 111 111 111 40 151 60 60 60 80 80 55 55 66 66 114 195 80 71 60 162 60 60 34 34 68 68 84 68 69 69 40 40 40 40 60 66 84 195 80 66 0 0 0 0 108 178 21 105 105
14 14 34 0 21 121 195 195 32 14 14 17 71 71 100 168 45 44 36 34 84 56 56 45 83 151 57 0 0 65 151 28 9 84 84 83 65 44 14 0 66 36 74 80 45 81 44 111 44 111 74 65 60 162 72 80 118 56 56 65 80 80 195 66 60 70 101 101 84 84 41 54 54 84 84 34 46 84 68 40 60 162 66 66 80 80 45 83 0 13 108 178 178 178 76 178
14 14 14 32 6 21 87 195 32 16 17 34 95 195 71 45 54 41 34 50 84 84 45 65 14 57 0 83 0 68 83 77 28 66 65 34 44 14 14 57 66 24 14 80 101 101 44 44 74 74 84 60 66 66 114 80 118 55 80 118 50 50 118 66 40 70 101 72 71 64 84 99 54 71 71 71 71 54 68 40 60 70 72 80 80 80 45 0 0 108 195 195 34 83 34 76
14 14 34 34 83 34 17 17 47 34 17 17 54 71 71 66 99 36 41 34 57 44 151 65 34 66 0 0 0 54 84 151 84 84 99 34 65 54 151 57 0 74 36 66 101 84 84 84 40 104 60 84 60 80 80 80 80 80 80 118 50 50 71 162 40 70 101 101 114 71 71 84 64 78 14 71 71 71 54 84 84 40 114 72 100 74 45 14 45 195 195 66 195 34 34 178
34 34 34 34 34 34 45 14 56 34 14 34 34 195 71 54 99 99 36 34 84 54 83 99 40 66 168 84 65 83 84 84 84 84 34 34 36 66 66 66 126 74 36 74 45 60 60 57 40 84 60 84 114 80 80 66 66 66 80 71 71 118 54 84 40 40 70 101 101 66 71 71 71 107 71 71 71 66 66 84 84 84 60 72 101 72 74 72 72 72 100 114 114 195 45 34
34 34 0 168 168 34 71 195 34 14 14 195 195 66 71 64 84 84 65 84 56 84 65 24 9 9 68 99 66 84 84 84 114 84 84 84 54 44 44 84 84 14 14 80 45 84 84 40 84 60 60 60 66 66 66 66 66 84 84 151 84 84 71 84 57 40 70 60 101 66 71 71 71 71 195 78 71 195 66 71 84 60 84 84 64 84 84 84 40 28 44 84 114 195 45 54
126 0 0 0 168 168 14 14 14 14 14 14 14 54 84 34 84 84 84 84 84 0 66 24 0 0 28 9 84 84 68 114 84 84 71 71 84 84 84 168 195 55 74 66 60 84 70 40 162 162 162 60 114 162 60 45 45 83 65 65 53 53 53 65 57 40 40 57 101 72 56 71 71 31 71 107 195 14 71 66 54 84 107 66 84 84 84 84 84 84 68 64 84 195 195 54
126 0 126 0 34 121 14 14 27 14 56 14 78 34 65 84 84 83 83 83 84 44 0 0 0 34 0 44 44 84 84 52 47 84 14 71 84 84 168 97 80 55 74 74 101 74 114 60 84 114 162 60 114 162 60 72 44 65 44 83 65 83 83 84 57 40 40 40 101 101 80 66 14 54 195 71 56 14 71 66 54 84 195 66 84 66 195 66 107 195 107 71 71 195 66 71
126 126 126 34 14 34 14 14 14 14 14 56 14 54 68 54 84 83 83 83 83 45 34 0 0 0 83 44 44 57 57 9 11 195 14 71 71 84 97 102 45 74 74 80 162 60 65 60 162 60 60 162 72 72 114 72 83 84 45 83 83 83 83 168 84 84 57 40 40 60 72 72 66 14 195 195 71 195 195 84 84 151 151 66 83 83 168 195 168 168 195 107 14 75 71 66
0 0 126 34 53 14 34 14 14 14 107 107 14 34 84 84 54 83 151 83 83 17 21 0 0 0 34 44 21 54 84 14 0 168 14 45 195 54 84 168 195 74 74 66 60 70 66 84 60 40 60 101 72 72 72 72 24 45 45 45 45 0 21 168 68 40 69 40 40 57 62 114 84 195 98 0 34 195 66 83 151 83 0 83 87 87 83 83 0 83 14 34 58 54 118 195
54 95 0 53 14 14 34 34 54 14 95 95 87 34 45 34 14 83 83 84 54 65 57 26 16 168 14 39 34 54 83 21 11 168 14 14 71 66 84 168 195 118 66 162 60 70 84 84 84 60 60 60 66 114 72 100 81 162 162 45 84 83 83 84 54 84 40 40 57 28 62 57 84 84 66 45 83 69 34 34 34 105 83 178 0 105 83 0 83 34 34 168 78 50 54 195
0 107 39 56 71 14 14 44 17 48 47 47 64 64 71 195 66 54 84 65 84 36 17 0 54 71 71 14 71 54 83 21 102 195 118 56 118 71 162 195 195 55 66 60 60 84 70 66 60 162 162 114 66 66 84 84 84 84 84 44 71 69 45 84 65 65 65 84 84 84 69 126 151 71 66 66 195 195 14 34 34 83 83 83 21 32 178 21 14 54 71 11 106 106 75 50
14 54 107 54 71 17 17 14 9 44 17 35 44 84 71 71 71 54 68 84 40 65 83 83 54 71 71 71 118 14 34 83 54 50 45 14 118 14 66 118 118 80 162 60 40 40 70 60 60 162 60 114 66 114 84 84 84 84 66 66 84 84 84 84 65 84 84 71 87 83 9 13 87 50 71 71 71 71 66 195 34 83 168 34 34 34 34 34 54 54 34 83 78 195 71 107
14 14 27 54 54 16 17 11 14 17 17 16 16 84 71 71 71 34 84 84 84 83 66 151 31 71 195 45 45 50 14 95 14 45 14 14 66 118 118 118 80 80 162 40 40 84 70 84 60 60 101 72 72 72 65 83 151 0 83 66 151 65 65 65 9 77 84 71 83 34 21 0 0 34 71 48 107 195 83 34 66 195 0 195 54 54 54 68 54 34 83 0 195 195 168 195
14 14 14 102 54 16 17 17 33 17 17 36 63 71 44 84 114 34 34 34 84 45 83 83 71 71 107 56 45 45 45 56 118 118 74 71 74 118 118 74 66 66 162 40 40 55 114 84 70 60 60 162 162 66 6 45 6 6 83 54 151 151 65 65 105 53 71 14 66 32 21 108 105 83 83 0 87 34 34 34 54 0 76 168 54 168 76 168 68 34 34 83 195 83 83 195
14 14 54 14 17 22 20 17 54 33 33 41 17 56 71 114 84 84 34 84 65 45 84 45 91 71 195 14 45 45 56 56 118 118 74 74 74 74 74 74 66 162 60 40 66 40 114 40 56 60 162 72 66 66 6 6 0 68 83 32 0 9 65 83 71 71 71 71 84 71 34 76 83 83 83 178 83 34 34 83 83 83 105 178 34 168 21 83 34 83 83 83 168 34 83 168
14 51 17 17 54 11 11 17 17 15 16 16 17 84 68 68 84 84 71 71 71 84 54 84 71 107 118 118 56 118 118 118 118 74 114 66 195 118 74 74 66 162 60 40 84 84 114 40 40 60 60 71 66 114 45 6 6 65 44 6 0 0 151 84 71 84 64 84 71 54 83 76 0 83 39 34 83 39 34 14 83 105 0 0 83 178 0 17 178 6 168 97 34 168 168 34
14 44 17 127 127 127 11 17 17 40 32 22 41 68 26 35 41 71 64 54 65 84 54 34 31 84 69 50 56 118 118 118 74 60 60 60 114 118 74 118 162 162 60 84 84 66 84 84 60 60 162 60 114 84 84 84 83 65 83 0 6 65 151 71 64 84 71 71 195 54 83 83 83 14 14 14 87 71 14 74 17 0 83 6 178 0 17 0 17 6 54 81 14 53 168 168
64 16 41 22 18 17 17 17 14 54 23 22 20 35 35 36 68 84 64 71 83 83 54 14 195 195 14 24 56 69 114 114 114 60 60 60 84 114 114 66 60 60 74 71 84 84 66 40 84 60 162 60 72 162 84 65 83 83 45 83 83 45 65 64 54 64 71 66 71 71 34 105 82 54 14 14 14 71 71 195 14 34 83 108 83 83 105 21 0 17 54 39 34 34 168 168
16 17 11 11 18 17 41 41 54 83 14 20 31 0 44 84 84 71 71 50 113 34 56 195 195 118 17 71 40 71 56 14 84 57 57 14 70 74 84 74 66 74 84 84 66 84 104 66 60 60 162 162 114 71 83 83 83 83 45 83 65 54 83 84 64 74 71 71 71 71 54 34 195 71 56 14 56 54 195 54 14 14 14 14 34 34 14 14 34 34 14 83 83 0 54 34
22 16 11 15 17 127 17 15 66 14 71 71 118 44 66 71 71 195 195 45 45 50 56 50 195 66 71 71 34 84 84 71 71 71 65 70 71 151 14 14 84 50 84 74 74 114 70 84 60 162 162 72 114 114 54 0 83 168 54 84 84 54 44 84 99 57 84 71 71 71 71 71 84 71 195 45 75 75 75 54 54 54 195 71 71 195 71 71 71 64 120 34 50 0 54 54
48 17 17 48 17 12 24 148 66 66 71 66 40 0 34 71 45 50 54 50 45 45 45 45 71 71 99 44 50 84 69 71 14 71 66 195 71 195 54 14 84 99 84 99 114 66 66 57 84 114 66 80 66 114 83 168 34 66 54 84 44 54 44 65 57 84 84 71 71 71 44 44 84 0 151 168 0 71 75 54 168 168 71 71 71 195 71 71 68 74 53 14 168 54 14 83
34 17 54 14 33 17 24 168 95 71 69 71 71 71 84 84 45 50 45 50 50 56 50 71 71 54 78 54 71 71 54 195 14 71 6 14 14 14 14 54 84 84 77 40 84 84 74 84 114 80 80 66 114 66 83 14 66 54 66 45 66 54 44 44 84 84 114 71 71 71 54 44 44 44 57 0 168 71 71 71 34 76 34 71 71 195 195 168 56 68 0 0 0 34 54 71
30 17 17 14 14 29 14 14 39 16 44 71 71 71 71 195 45 54 45 50 50 54 154 154 71 71 78 46 71 71 14 14 14 71 98 27 14 14 56 54 84 100 99 66 84 40 40 84 80 66 80 66 168 168 66 66 66 66 66 66 66 45 45 66 65 151 195 71 71 71 71 44 65 83 0 21 195 71 40 54 195 34 76 71 195 71 34 83 83 83 0 48 34 34 54 71
16 26 34 114 22 29 34 16 34 14 71 71 71 71 195 75 56 50 50 50 75 71 71 71 71 71 54 114 71 24 14 14 16 84 34 14 14 14 80 0 100 14 84 66 84 74 40 72 80 66 66 72 87 168 66 74 74 74 100 66 66 45 83 83 83 83 66 71 71 71 54 71 54 34 34 34 195 71 71 71 195 45 83 76 168 168 34 34 83 83 83 53 34 34 34 34
41 48 67 107 192 16 95 192 34 56 102 14 24 71 75 54 14 54 83 50 71 16 54 71 71 68 44 54 71 195 14 69 24 87 118 66 36 36 80 14 56 81 65 65 66 168 60 72 80 55 66 83 76 45 74 66 66 66 24 83 83 83 83 34 34 83 34 66 71 54 83 83 195 195 195 54 195 195 66 195 34 17 17 0 83 39 87 34 34 34 83 34 34 34 34 34
11 26 125 83 14 14 14 14 14 14 14 14 54 75 195 192 14 192 54 54 71 71 71 71 84 99 84 72 154 69 14 71 71 71 14 14 36 36 80 24 72 43 99 74 84 66 60 72 80 74 45 45 45 74 36 66 56 14 14 14 0 83 83 168 195 34 34 195 71 34 84 87 34 195 14 34 34 83 83 34 34 34 83 39 83 83 34 34 34 34 34 14 14 34 83 34
26 26 71 107 56 14 14 14 14 14 14 14 14 0 75 54 14 34 75 54 54 195 71 71 54 34 36 69 69 14 14 71 56 14 14 24 24 74 69 24 84 43 40 40 40 84 60 72 80 74 74 74 72 45 66 66 114 114 56 56 14 56 83 66 66 168 168 71 71 71 65 151 195 195 71 34 195 83 83 168 14 168 168 195 0 83 83 83 168 56 14 14 14 83 83 71
11 33 71 53 14 14 14 14 14 14 14 0 14 0 14 14 14 54 54 14 71 71 71 71 54 40 34 36 83 69 71 71 195 14 14 54 83 69 43 114 84 77 40 40 104 40 84 84 72 74 74 74 72 66 14 56 36 45 118 56 0 87 66 14 45 83 168 71 71 71 54 83 83 14 71 14 34 34 83 34 168 0 168 14 34 83 83 0 195 14 56 14 32 0 0 54
84 53 95 14 14 14 14 34 54 54 0 0 68 68 14 14 14 14 197 53 14 71 114 71 84 68 68 84 31 71 71 24 14 14 14 14 99 84 60 40 40 60 40 40 104 104 57 60 80 74 74 162 72 114 80 80 66 66 118 87 0 66 195 66 14 168 195 83 83 168 54 168 83 14 87 83 34 34 0 34 83 0 168 14 34 0 83 83 195 56 71 14 32 32 0 54
