Big_Beef/DataInputs30m/m_3_Age/Big_Beef_2010Age30m_QgisFormatAdjusted.asc
ncols        345
nrows        426
xllcorner    508541.817039101152
yllcorner    5265686.364124929532
cellsize     30.000
NODATA_Value -9999
[rows 168 to 223 of 426, columns 0 to 95 of 345]
44 44 60 60 84 84 162 162 162 91 56 56 56 74 118 56 56 56 56 48 66 66 162 60 60 84 84 68 44 44 101 101 101 72 91 74 74 118 118 56 56 45 45 56 45 45 45 56 14 45 14 45 14 14 14 14 14 24 24 71 44 31 22 40 31 22 28 66 24 14 65 40 44 56 65 84 68 71 195 45 50 45 45 56 71 71 195 54 34 68 30 66 44 40 84 66
44 44 60 60 84 60 66 66 114 91 118 71 78 118 56 56 56 56 45 45 14 66 66 101 162 60 84 84 84 40 44 60 101 101 72 91 118 118 118 56 14 45 45 45 56 45 45 45 14 45 14 14 45 56 56 56 45 14 64 118 71 30 40 40 50 14 206 29 50 24 118 29 65 56 33 77 114 45 118 71 118 45 45 56 88 87 84 112 25 15 51 17 19 56 51 51
44 44 60 114 114 66 74 195 118 56 74 71 74 56 56 56 56 56 118 56 45 118 91 66 66 60 84 84 84 70 60 44 60 101 72 118 91 118 118 56 14 45 118 118 118 45 45 118 45 45 45 56 45 14 45 45 14 14 14 118 66 78 56 118 56 56 206 47 112 50 57 64 64 34 31 20 91 45 45 71 118 56 45 56 79 30 12 14 24 22 15 17 56 56 9 65
60 60 101 114 66 55 118 118 118 74 14 66 74 14 14 56 56 56 14 56 45 118 66 66 66 162 60 84 84 68 44 60 60 101 91 74 74 74 118 118 56 118 56 56 56 118 45 56 45 118 56 56 45 56 56 45 45 56 56 56 71 71 71 118 118 118 118 14 66 71 64 34 34 57 84 118 107 45 45 118 45 56 45 14 79 35 32 17 17 17 16 34 19 44 40 54
0 60 60 60 60 66 91 91 118 56 14 56 56 14 14 14 56 14 56 45 45 50 66 195 91 162 60 40 40 40 68 40 44 44 101 101 91 74 118 118 74 56 74 56 56 118 118 56 56 118 118 56 45 56 56 56 45 56 56 71 71 71 71 118 118 118 56 118 71 71 64 34 34 34 81 66 97 45 56 45 56 45 45 56 56 66 24 24 30 25 19 61 40 69 25 16
99 60 60 70 60 114 91 91 14 14 14 14 118 14 56 14 14 14 56 14 45 50 50 50 50 118 66 60 57 40 40 40 44 44 60 101 91 74 74 74 74 74 74 56 118 118 56 56 56 118 45 45 45 56 56 56 45 56 45 118 71 71 71 118 118 118 118 71 71 71 64 34 33 31 66 118 45 45 56 56 56 56 14 45 56 32 99 15 30 19 30 56 56 99 16 16
60 60 60 84 60 66 66 14 56 14 14 14 14 14 14 14 14 14 14 118 56 45 45 50 50 91 66 162 40 40 40 40 44 44 74 101 91 116 116 74 74 74 118 118 56 56 118 118 118 118 45 14 45 56 56 56 45 56 56 118 14 118 118 118 56 118 56 71 71 71 64 54 50 34 28 195 14 56 56 56 56 56 14 45 14 24 15 20 17 25 19 40 15 15 44 11
67 60 57 60 72 91 91 118 55 14 14 66 14 14 14 14 45 14 14 118 45 45 45 118 118 66 162 60 84 84 40 70 44 44 44 74 101 91 116 74 74 74 118 56 56 56 14 56 56 50 56 118 45 14 45 14 56 56 71 45 45 56 118 118 118 118 118 71 64 64 64 64 91 34 28 79 56 45 56 56 56 56 45 45 14 17 17 24 16 25 61 56 28 15 31 11
44 60 84 60 72 195 91 66 14 14 14 14 14 14 84 14 14 14 98 118 45 118 14 118 91 72 72 101 60 84 162 60 84 70 40 44 101 72 74 74 118 118 118 118 56 56 56 45 45 45 195 54 54 50 45 45 56 45 56 45 45 56 56 56 45 56 118 71 64 71 71 77 50 33 47 118 56 56 56 56 45 45 54 45 56 43 15 32 32 56 61 28 28 36 14 45
60 84 57 60 114 66 66 16 16 40 66 54 44 44 84 66 38 47 51 51 56 77 66 90 91 91 162 60 84 71 66 60 60 70 70 60 101 72 91 74 116 118 56 74 74 74 74 56 45 45 45 50 50 50 56 45 45 56 54 45 56 56 66 118 50 45 71 64 64 88 64 64 37 31 39 47 78 56 56 56 45 71 118 118 48 43 28 34 30 40 36 56 56 19 58 18
84 60 60 114 66 72 19 16 66 11 54 17 54 54 54 54 16 54 28 24 54 63 82 91 118 162 99 84 84 66 55 54 162 84 84 162 162 60 60 91 91 74 74 72 74 74 74 56 45 45 45 50 50 45 14 45 45 56 56 56 45 45 56 45 45 71 64 64 64 71 79 64 31 65 28 29 96 45 56 45 56 71 48 91 116 43 56 32 30 57 57 40 30 29 56 51
84 84 84 114 66 66 25 23 17 54 31 63 47 54 0 32 28 31 17 54 54 17 50 45 66 162 40 60 114 195 195 55 55 91 60 114 97 72 101 72 72 91 74 72 118 118 118 45 45 45 45 45 45 14 56 14 14 14 14 14 14 56 56 118 45 54 34 64 71 64 107 71 44 31 34 64 79 48 14 56 118 74 74 74 74 101 56 54 40 70 40 84 29 34 45 44
44 66 114 114 66 31 17 22 31 17 54 63 10 0 17 63 15 32 17 31 11 38 66 66 66 68 50 71 84 91 50 50 55 91 72 60 114 114 57 60 60 72 101 72 118 45 45 45 45 45 56 45 56 56 14 56 14 14 14 56 56 45 45 45 45 64 34 64 54 64 64 71 44 43 34 64 39 39 192 45 14 48 36 74 44 38 40 57 84 84 84 84 77 34 83 83
60 66 84 84 66 41 15 40 40 17 54 17 0 47 54 0 0 10 17 31 31 28 12 44 78 36 168 34 84 118 45 45 55 118 66 162 114 60 60 60 60 162 162 114 118 118 45 118 118 56 45 45 45 56 45 14 14 14 54 118 45 71 48 79 71 34 34 64 64 34 64 72 44 44 50 44 39 24 96 75 118 48 74 162 44 36 40 54 40 84 84 64 57 34 83 83
66 66 84 84 15 54 66 24 16 24 68 54 54 0 0 0 17 11 10 11 31 40 12 34 44 66 24 107 91 118 48 48 118 118 91 91 114 84 84 162 162 101 114 72 72 91 118 118 118 118 118 45 45 45 45 56 54 14 40 78 78 78 88 88 64 34 68 26 34 34 34 44 34 44 38 112 14 66 81 84 84 91 74 44 40 40 40 84 84 57 71 66 66 14 45 83
66 84 84 66 71 21 15 54 24 10 47 17 78 0 0 0 11 17 17 0 31 32 36 66 91 24 71 71 195 118 56 48 48 91 66 114 66 84 84 114 162 60 101 60 102 91 118 118 118 118 118 45 56 56 56 14 56 45 14 40 50 14 78 50 34 54 64 23 64 31 46 31 34 54 50 66 84 11 12 84 51 162 99 54 57 40 84 56 64 69 66 66 66 71 64 64
84 84 99 84 69 56 40 54 24 44 9 16 16 54 54 0 16 17 11 0 0 63 0 0 0 14 88 71 195 66 56 48 48 91 71 162 162 114 84 162 60 60 44 60 82 82 82 118 118 50 45 45 56 56 56 56 56 14 118 31 34 71 71 84 27 54 44 31 54 71 66 34 69 69 102 34 16 66 40 21 15 19 34 40 57 84 84 66 71 54 66 45 151 47 47 64
84 84 34 57 71 22 16 17 9 15 47 17 47 47 47 47 24 21 38 54 0 0 0 54 66 14 88 195 118 56 56 48 48 66 66 162 60 60 84 84 84 84 162 114 50 50 50 118 118 118 45 45 118 56 14 56 14 56 118 71 64 24 71 34 31 66 50 34 71 24 91 39 34 25 102 31 66 11 40 99 34 56 54 40 82 64 66 66 14 118 66 24 24 83 56 71
71 31 57 54 44 45 11 63 16 13 0 0 54 54 17 17 31 24 54 17 54 0 63 71 118 71 195 56 56 56 56 48 48 48 118 118 66 40 70 57 84 60 114 91 50 118 50 45 74 74 56 56 14 118 14 56 14 14 14 65 34 71 66 71 31 31 24 71 71 24 57 50 14 25 34 44 66 162 162 15 61 40 56 56 107 107 91 54 66 66 71 71 44 66 64 71
69 34 78 66 24 45 38 47 54 16 47 0 16 47 0 31 11 32 54 0 0 0 14 96 96 40 45 56 56 14 14 48 48 48 118 118 162 40 70 40 84 60 162 114 114 118 118 118 56 91 118 118 118 14 56 56 14 56 40 71 162 71 66 44 91 34 78 79 40 71 79 65 12 70 44 11 21 15 44 56 36 0 56 56 84 195 45 71 71 71 71 64 40 84 64 80
84 84 14 78 28 11 47 11 78 78 18 54 16 47 0 16 11 68 68 11 15 0 40 71 109 45 45 56 56 56 56 48 48 91 50 66 99 40 40 40 84 60 60 114 114 162 114 118 118 14 14 14 56 14 56 56 56 14 71 66 71 66 28 14 65 39 40 40 71 71 39 84 54 34 15 114 33 29 27 61 36 58 57 162 71 195 56 71 71 71 71 71 44 44 64 34
71 64 14 34 168 11 47 18 16 78 78 47 13 47 47 47 0 54 15 15 17 28 31 77 41 14 14 56 56 14 56 56 48 91 91 54 54 40 40 40 84 44 60 60 114 84 84 66 118 56 14 56 66 118 56 56 45 14 40 50 78 40 14 39 71 118 64 40 32 71 14 54 99 34 16 28 66 28 25 19 40 51 84 84 26 45 56 71 71 71 71 168 37 64 71 79
66 55 55 14 34 83 16 0 54 78 47 47 0 29 47 54 47 68 54 0 54 17 31 63 40 14 56 56 48 48 56 56 14 56 55 91 162 40 70 84 60 60 57 84 84 84 114 118 56 118 56 14 118 45 45 45 56 56 40 71 27 39 24 56 66 40 71 71 32 39 88 65 64 14 34 66 81 34 12 61 56 51 51 6 6 168 71 56 54 0 0 168 24 64 79 47
95 195 14 14 39 0 54 47 54 10 47 54 0 44 16 68 54 32 0 0 54 11 11 63 54 56 14 48 74 74 74 48 56 118 91 91 66 60 57 57 60 60 60 84 84 84 118 56 56 56 118 118 71 45 45 45 56 14 78 56 40 39 79 14 71 81 32 32 71 39 56 34 77 66 102 44 162 28 99 57 35 36 43 21 6 45 56 66 0 0 0 195 31 44 47 34
34 34 14 14 29 0 54 15 32 0 47 0 47 44 0 0 47 11 47 22 54 28 38 28 14 14 48 48 56 48 74 74 118 91 91 66 60 40 57 52 44 44 36 84 84 84 66 56 56 56 56 56 56 14 45 45 56 71 71 56 24 40 24 40 71 40 32 32 64 39 24 39 54 52 68 15 15 15 56 36 56 63 6 21 9 54 71 71 0 0 0 0 45 45 34 39
14 14 14 54 14 54 54 47 31 54 44 0 0 0 31 17 29 47 68 31 28 31 28 15 14 118 14 45 56 56 74 74 74 74 74 101 60 40 19 56 34 30 15 44 84 84 114 56 56 56 56 45 14 56 56 45 56 71 71 14 34 14 78 39 32 40 40 32 40 39 78 64 54 29 32 14 25 15 19 56 58 17 0 105 39 54 54 54 0 0 0 0 73 56 48 96
71 78 14 14 54 83 11 54 0 54 54 47 0 0 47 31 15 47 28 22 32 16 40 66 71 56 56 45 48 118 45 118 91 74 72 84 40 41 19 19 19 30 15 32 57 84 114 74 56 56 56 45 45 53 54 45 56 14 31 50 39 39 66 71 40 40 81 40 39 40 14 31 65 102 32 41 25 36 99 99 36 21 34 95 80 54 54 54 0 71 44 0 41 71 56 118
29 47 34 14 47 10 0 0 0 47 54 0 0 47 29 16 29 17 31 31 32 17 28 12 79 24 78 118 48 48 118 118 162 101 101 84 35 36 61 34 19 61 99 15 36 36 36 57 66 56 118 56 56 45 71 71 71 64 71 65 47 53 40 53 32 40 40 40 39 52 71 64 36 34 28 34 25 19 57 56 25 65 78 192 34 34 47 54 47 0 0 0 39 24 118 71
10 54 54 30 11 16 47 10 169 47 10 0 0 29 29 10 29 29 11 29 29 17 195 54 78 23 84 91 48 162 66 114 44 44 84 36 28 15 15 17 15 29 34 57 14 14 28 51 66 65 118 56 45 45 44 84 53 53 71 87 47 71 162 34 17 162 162 78 112 78 39 23 34 44 99 162 0 64 66 84 151 83 44 24 34 34 54 0 0 0 0 0 111 68 40 95
29 33 31 54 24 47 47 68 192 10 16 47 47 19 29 10 14 40 31 31 65 24 24 40 44 44 81 66 66 99 99 44 44 40 40 40 40 14 28 15 41 28 27 11 28 31 28 78 118 118 118 14 14 71 84 66 53 168 54 79 87 40 114 74 64 71 71 34 14 39 71 23 66 66 40 114 48 66 66 31 16 17 14 14 24 27 0 0 0 40 40 24 54 39 32 24
29 29 24 32 40 24 38 68 32 31 14 34 10 56 30 31 31 38 24 40 24 39 30 30 50 71 34 99 162 162 44 99 44 40 40 40 40 61 34 15 34 99 44 28 78 54 66 45 56 56 45 45 56 27 71 53 53 14 54 97 71 28 47 29 64 40 14 39 48 40 50 54 66 66 66 45 45 55 55 54 56 71 24 56 24 0 0 0 32 27 118 40 40 39 71 32
45 12 31 32 40 40 27 24 34 95 68 31 192 39 39 32 32 24 31 39 40 14 112 40 50 71 69 99 99 99 99 44 40 70 84 57 36 28 14 33 31 34 34 99 14 30 78 50 14 56 45 54 45 56 71 102 195 14 71 71 66 84 64 34 39 54 39 66 24 24 66 66 66 101 84 91 14 66 54 11 95 39 24 78 40 0 0 53 71 27 24 37 40 71 71 71
12 69 24 32 24 38 54 32 21 37 32 95 27 68 39 32 10 16 16 10 27 24 78 14 64 68 28 28 44 44 44 44 40 70 84 84 30 36 69 28 12 33 14 99 12 77 118 45 50 50 45 45 45 56 195 195 71 71 83 44 65 43 0 70 44 44 87 71 44 66 74 74 162 84 97 91 71 54 54 29 39 56 66 40 24 0 0 56 56 27 14 24 24 71 50 71
66 68 24 30 39 24 47 21 81 168 39 47 38 10 38 11 38 31 40 14 24 40 79 71 36 28 38 44 44 44 44 44 84 40 84 57 30 28 99 44 34 23 23 23 12 21 55 14 54 45 45 195 45 71 71 97 71 71 71 54 83 43 0 0 0 83 97 40 44 66 74 66 50 66 65 54 28 11 17 53 53 24 24 16 99 0 0 47 47 14 40 24 53 71 24 50
162 68 14 31 31 71 34 34 39 39 38 39 24 39 32 31 38 16 40 39 39 24 34 50 91 44 99 44 99 44 55 40 74 84 40 40 28 61 35 99 34 14 28 34 24 91 56 56 45 45 118 71 195 45 71 195 71 54 71 114 11 15 29 57 6 45 40 24 162 118 118 68 66 66 78 54 14 40 68 39 14 71 71 33 0 0 0 71 56 37 68 40 71 32 71 71
51 47 31 31 24 83 21 24 39 14 14 31 54 54 24 27 32 31 24 39 14 48 34 99 162 81 99 99 44 74 60 84 70 56 57 15 28 34 20 20 15 78 71 56 79 78 78 56 45 45 118 71 107 54 71 71 71 71 64 35 12 15 10 21 76 78 78 48 66 195 54 50 55 54 54 31 66 71 71 40 56 27 66 64 34 71 79 54 24 39 66 40 40 14 64 71
81 47 31 32 32 39 39 34 38 14 32 27 39 24 31 31 31 40 10 71 40 24 40 101 101 101 99 38 56 55 84 69 69 40 56 40 34 41 50 44 54 66 44 29 29 47 73 71 45 118 71 64 107 195 71 71 14 64 64 71 29 79 24 84 34 14 91 91 91 195 91 55 34 65 31 54 54 70 47 71 34 32 46 71 66 66 50 54 24 54 40 66 44 28 68 66
99 40 68 32 24 31 34 83 39 32 16 38 14 31 38 31 31 31 65 71 40 71 84 162 101 101 44 47 111 111 40 70 57 56 34 15 68 34 34 66 24 71 44 14 54 78 95 50 71 118 71 71 71 97 54 71 71 24 88 97 71 71 39 118 118 45 91 91 66 66 66 54 65 68 31 24 54 56 47 27 32 31 34 64 40 71 34 31 40 71 34 87 50 114 118 46
51 44 34 31 31 31 34 47 31 32 32 14 14 31 31 32 31 31 29 32 20 66 11 15 21 44 20 27 56 56 70 40 57 56 44 16 16 34 31 47 83 29 66 28 28 40 79 195 14 71 195 54 97 195 54 53 64 64 84 107 40 40 43 24 71 66 66 195 71 66 66 24 16 31 29 31 17 32 95 40 29 14 71 79 40 71 54 16 29 71 51 151 66 114 60 84
66 24 24 68 54 54 16 14 31 32 32 47 24 31 31 31 14 16 54 24 20 29 32 15 15 25 25 42 40 40 70 28 56 36 20 54 54 71 31 31 24 47 184 29 28 34 16 83 128 34 97 168 168 34 79 53 151 65 84 71 40 37 43 71 71 66 48 66 71 66 66 33 54 71 27 40 24 112 40 24 48 77 29 39 44 44 84 16 44 44 54 151 114 168 55 9
30 68 31 31 31 29 24 53 47 151 29 14 16 31 31 14 14 68 12 22 38 24 17 24 32 24 20 40 40 40 84 36 28 15 34 15 66 40 30 39 38 29 29 184 77 11 175 0 128 43 168 83 87 21 0 0 0 6 0 21 54 71 31 71 118 48 66 66 71 66 23 33 54 71 71 56 39 37 14 24 48 29 29 32 53 151 83 0 64 44 44 168 168 54 10 56
51 40 100 31 31 31 14 38 78 151 39 14 32 40 31 16 68 21 11 24 32 22 22 24 34 25 36 69 57 14 69 40 15 99 34 99 9 40 29 29 47 29 114 114 24 21 178 0 0 0 0 0 0 0 31 0 0 0 0 95 71 68 40 66 71 66 66 54 71 66 30 32 71 84 40 79 40 78 40 14 44 84 29 53 79 83 0 0 44 29 151 87 87 114 11 77
66 24 24 21 31 31 100 19 11 14 14 14 31 31 31 20 40 33 20 29 24 24 30 28 27 20 41 69 57 99 36 99 44 68 69 30 30 21 14 28 34 34 56 29 83 21 21 0 14 83 57 0 0 0 0 0 0 0 12 95 71 54 54 97 71 71 66 66 97 56 66 23 54 47 24 71 71 31 39 40 31 29 21 71 79 44 44 64 44 36 70 87 36 36 36 36
36 15 36 15 43 40 32 32 54 68 34 27 31 31 33 10 31 38 20 38 24 16 20 32 33 44 44 84 40 40 28 38 15 9 16 22 30 65 40 71 56 39 33 54 47 21 29 15 83 0 21 0 0 0 0 0 0 9 57 66 40 40 44 69 71 107 118 66 71 66 14 54 31 40 40 79 32 56 40 40 40 53 81 88 54 71 64 64 44 64 56 44 26 54 73 65
34 28 41 50 41 22 14 31 56 34 14 32 24 32 40 31 29 29 24 24 20 44 20 33 20 40 84 84 68 40 34 14 28 14 15 40 24 40 40 21 40 39 71 71 83 83 57 0 168 83 78 178 83 83 168 76 0 29 31 47 71 66 40 31 76 71 66 71 107 66 45 44 44 31 37 39 40 37 70 32 40 53 91 112 71 44 44 44 44 11 70 44 15 15 6 0
28 29 41 25 17 31 36 30 14 34 14 14 20 31 27 30 11 24 20 19 20 22 21 20 12 84 65 57 56 44 41 34 34 16 40 30 38 40 40 54 40 112 31 29 29 15 0 0 82 21 34 34 34 168 11 0 0 0 178 71 64 84 64 44 64 71 71 91 71 71 54 54 40 27 37 31 40 32 64 64 33 50 28 71 24 83 65 65 44 26 35 35 19 11 18 18
29 20 24 25 40 32 31 31 11 50 34 34 32 31 25 12 16 24 32 32 32 32 30 29 29 84 68 57 56 51 36 36 44 15 36 29 30 40 24 44 14 30 39 76 47 28 47 83 168 54 83 114 114 18 0 21 0 0 21 66 71 64 84 84 71 71 48 91 64 78 31 33 31 31 32 65 34 44 24 40 56 40 71 71 71 168 151 168 195 44 54 52 19 18 22 18
30 10 34 54 38 54 54 38 31 83 10 47 31 16 11 20 20 20 32 33 32 32 34 34 56 151 60 36 19 15 14 71 66 54 71 32 30 10 68 54 47 54 29 79 195 71 53 168 168 34 34 34 21 18 18 15 0 76 195 71 71 71 195 114 74 48 91 66 64 34 31 22 71 43 71 24 24 44 56 39 40 23 37 64 168 168 0 151 44 66 71 151 54 54 13 29
30 20 51 19 32 54 54 38 63 54 21 68 31 31 11 20 20 20 29 19 34 32 56 56 57 60 162 65 19 51 16 21 64 21 10 30 30 11 66 54 21 24 24 14 56 6 168 83 83 78 71 45 54 70 70 9 12 168 71 71 71 66 118 66 66 66 64 68 64 64 44 32 64 34 24 27 24 24 24 16 66 40 54 47 151 14 151 151 151 151 83 0 21 64 78 78
30 19 14 32 31 54 32 54 54 54 148 19 16 33 20 33 32 24 56 56 36 29 40 70 70 60 162 45 56 45 11 16 64 30 65 65 54 29 39 33 44 28 31 24 6 0 57 0 83 168 64 44 71 151 11 0 0 168 71 71 71 84 60 71 71 71 71 54 71 64 68 28 11 84 32 28 24 56 37 31 16 30 40 71 78 14 53 151 151 151 0 0 0 64 64 15
29 36 51 56 29 31 38 29 84 71 12 16 25 32 36 24 25 12 56 38 56 19 56 40 57 84 84 36 36 15 45 34 34 55 78 81 34 0 47 112 83 83 54 151 0 78 178 76 168 154 64 44 151 0 57 57 0 18 64 64 64 84 70 84 71 71 71 56 71 64 68 57 69 54 71 54 40 30 71 14 14 68 33 64 53 53 87 64 44 83 34 34 71 71 71 64
30 19 11 54 29 22 22 38 54 11 10 16 12 19 19 12 28 87 19 34 34 19 40 40 84 84 60 84 57 68 17 32 34 14 14 47 34 34 34 34 83 83 83 151 0 6 178 83 0 87 83 34 34 57 57 57 0 83 84 84 64 54 68 84 64 48 80 71 71 64 68 41 64 64 57 64 71 151 44 48 44 34 28 44 44 64 64 54 68 71 71 71 71 71 195 195
19 16 24 45 68 22 22 38 19 17 16 63 12 12 11 27 27 34 30 34 56 56 84 60 60 60 84 54 54 68 47 168 34 71 78 96 47 34 34 34 45 168 168 0 178 31 0 83 0 0 168 195 54 57 57 0 0 53 84 114 64 54 44 53 114 54 54 71 71 54 54 57 64 34 34 64 71 168 168 44 65 99 26 44 70 64 64 54 54 64 71 71 71 71 53 102
25 16 54 24 23 22 22 31 31 19 24 24 32 15 15 27 27 34 19 19 56 36 84 60 60 84 66 54 14 14 14 34 34 83 71 66 78 14 55 14 45 29 151 126 66 9 168 83 83 70 184 17 83 83 178 34 44 65 84 84 34 54 44 53 53 168 71 71 71 54 54 64 68 64 34 34 84 44 54 44 54 54 44 56 6 6 0 77 151 53 54 71 54 64 53 151
23 44 31 47 54 10 31 31 31 19 33 31 22 15 20 34 19 56 56 40 40 57 60 60 114 114 91 55 14 50 14 14 34 83 34 71 14 14 14 14 45 151 84 71 151 9 83 83 114 41 12 9 11 71 64 64 71 54 54 64 54 54 53 83 151 168 71 71 71 54 71 64 68 57 34 54 84 34 34 54 54 54 48 9 66 21 17 10 151 151 80 71 54 64 54 0
54 44 24 24 33 68 38 68 47 47 11 32 56 32 19 27 42 42 56 57 84 57 60 60 114 91 91 14 14 14 34 34 34 34 34 14 14 14 34 17 83 21 29 66 36 24 0 0 64 18 64 18 66 168 64 71 66 54 54 54 54 54 54 17 83 0 71 71 45 54 54 71 64 68 68 64 64 68 36 87 10 56 36 9 0 0 148 0 31 78 80 97 71 79 29 57
