Big_Beef/DataInputs30m/m_1_DEM/Big_Beef_DEM30m_dredgemask_EEX.asc
ncols 345
nrows 426
xllcorner 508562.3384261879
yllcorner 5265656.272683421
cellsize 30.0
nodata_value -9999.0
[rows 323 to 341 of 426, columns 176 to 219 of 345]
317.90716552734375 317.2713623046875 322.2190246582031 319.5287170410156 324.59661865234375 325.3133544921875 322.855712890625 315.2192077636719 313.6334533691406 324.8057556152344 322.24908447265625 324.7661437988281 337.9695129394531 345.1963806152344 356.2643127441406 360.7095031738281 366.6578369140625 369.3612060546875 374.5614929199219 379.8800354003906 384.1806640625 385.80364990234375 384.6085205078125 384.6831970214844 383.8721618652344 394.1541442871094 399.1967468261719 402.4140625 408.3743896484375 412.75439453125 420.1004943847656 419.5516662597656 423.5733337402344 425.7066955566406 428.52508544921875 433.1819763183594 435.8802490234375 438.95263671875 438.1534118652344 436.19464111328125 435.52728271484375 438.4194641113281 442.29766845703125 450.29937744140625
318.45416259765625 316.9993591308594 315.8365173339844 316.7731628417969 319.0740661621094 317.67041015625 313.4949035644531 311.067626953125 318.8920593261719 319.47412109375 317.08111572265625 330.21990966796875 339.0090637207031 347.3216247558594 361.8221740722656 368.3978271484375 370.5480651855469 371.9801025390625 381.4123840332031 386.7376403808594 391.3978576660156 392.338134765625 388.8952331542969 386.8599853515625 388.1658935546875 397.689208984375 400.3028869628906 405.01715087890625 416.08221435546875 421.0755920410156 430.9288635253906 430.6937255859375 433.27899169921875 437.1569519042969 442.42681884765625 447.16607666015625 447.5477294921875 445.0373840332031 443.1266784667969 439.5279541015625 438.6150207519531 442.27166748046875 445.6418151855469 453.9974060058594
315.9950866699219 315.2455749511719 312.2872619628906 312.6494140625 310.0749816894531 308.54595947265625 306.5583801269531 317.4588623046875 320.0102233886719 313.06622314453125 315.621826171875 334.28802490234375 341.1976013183594 350.699462890625 364.4525451660156 368.42181396484375 371.7611389160156 375.55291748046875 386.1897888183594 391.1748962402344 395.3329162597656 398.3022155761719 394.45440673828125 391.9871826171875 391.1004333496094 396.60498046875 400.0548095703125 406.11004638671875 418.3961486816406 424.11529541015625 436.9385070800781 439.86578369140625 443.4045715332031 447.07879638671875 452.49945068359375 453.1037902832031 451.0835266113281 447.4647521972656 445.54095458984375 440.8362731933594 440.1121826171875 444.655517578125 447.71502685546875 459.1220397949219
312.7169189453125 311.65008544921875 312.9347839355469 310.341064453125 305.7040100097656 303.7497253417969 305.2203063964844 312.86517333984375 311.8036804199219 312.037841796875 319.0558166503906 337.7900695800781 343.87615966796875 351.0916748046875 360.6396789550781 365.58197021484375 371.1519470214844 377.2940368652344 386.6903991699219 391.6384582519531 395.70184326171875 399.7200927734375 399.0763244628906 399.3058776855469 398.6435546875 396.03302001953125 399.3963928222656 406.0386047363281 419.6709899902344 426.3870544433594 439.2274475097656 444.1133728027344 445.8338928222656 449.0650939941406 452.6195068359375 451.58233642578125 449.5359802246094 445.716552734375 442.4283142089844 438.999267578125 439.3890380859375 445.8084716796875 448.60797119140625 457.46185302734375
310.1572265625 311.1061096191406 320.5703430175781 322.2352294921875 314.6420593261719 305.7879333496094 301.26519775390625 304.7361755371094 304.425048828125 313.70916748046875 322.1394958496094 336.9405517578125 342.6946716308594 349.3800964355469 357.196533203125 359.7289733886719 370.0666198730469 376.5948791503906 385.9043884277344 390.9856872558594 394.61181640625 399.82476806640625 401.4151611328125 402.9486999511719 400.7760009765625 396.39404296875 399.13677978515625 404.6772766113281 420.255615234375 429.46533203125 438.64520263671875 440.75103759765625 444.9619140625 448.10821533203125 449.135009765625 447.4808044433594 445.6807556152344 439.6930847167969 436.4810485839844 434.37371826171875 436.2751159667969 443.61932373046875 446.20233154296875 450.82501220703125
309.0569763183594 312.9734802246094 320.2555236816406 318.56439208984375 315.9656066894531 309.19757080078125 300.43017578125 299.1033630371094 300.5590515136719 316.4840087890625 322.4760437011719 334.2037048339844 340.8145446777344 348.6468200683594 353.4849853515625 358.22576904296875 368.90557861328125 372.3179931640625 380.2314147949219 385.5299377441406 390.4560852050781 398.7244567871094 400.9674377441406 402.01654052734375 397.5307312011719 393.4801025390625 401.8355712890625 406.83984375 418.36224365234375 427.4091491699219 433.55621337890625 433.8445739746094 443.6469421386719 446.6413269042969 443.8310241699219 440.41546630859375 439.95245361328125 432.2454528808594 428.7041931152344 430.2410583496094 431.4830627441406 436.37518310546875 438.1377258300781 446.1914978027344
305.64605712890625 310.9910888671875 312.74505615234375 314.02264404296875 308.8999328613281 303.6788330078125 298.3726501464844 297.10845947265625 299.6736145019531 317.67474365234375 322.31695556640625 332.52520751953125 338.0706787109375 343.96173095703125 350.5279846191406 354.72357177734375 364.1083068847656 366.93731689453125 373.7226257324219 377.6708068847656 383.680419921875 391.79681396484375 394.1573181152344 389.52227783203125 384.4333190917969 394.7947082519531 404.63421630859375 408.8814392089844 417.5708923339844 422.00335693359375 427.16229248046875 431.19512939453125 440.74273681640625 440.1322937011719 434.0984191894531 431.3036804199219 427.7141418457031 421.50872802734375 419.7280578613281 425.3228454589844 425.4962463378906 427.5428466796875 430.81903076171875 436.6162109375
301.09063720703125 302.9619140625 304.8035888671875 305.04949951171875 304.3811340332031 297.45733642578125 295.8565673828125 296.144775390625 299.6833801269531 317.4497375488281 319.8210144042969 326.6896057128906 331.85504150390625 334.6220397949219 343.9159851074219 346.9231262207031 354.3756103515625 359.7917785644531 365.47607421875 366.64996337890625 370.4881896972656 376.5856628417969 377.8993225097656 375.7651062011719 380.7438049316406 398.4755554199219 404.79669189453125 408.9627990722656 413.8690185546875 413.5047912597656 425.4703369140625 431.607421875 432.20977783203125 429.1219482421875 423.2311706542969 418.220703125 414.81475830078125 412.2239074707031 413.6537170410156 418.48779296875 418.95465087890625 419.04742431640625 421.8485107421875 426.071044921875
296.4166259765625 293.64513452148435 294.824951171875 295.93511962890625 298.900634765625 294.50445556640625 293.2439270019531 294.2333984375 300.1536865234375 313.1368103027344 315.15625 319.7826843261719 323.1572570800781 329.1156311035156 333.66888427734375 335.0531005859375 344.2999267578125 347.5931396484375 349.5705871582031 353.9998474121094 357.8551025390625 362.5804443359375 363.2041015625 375.0284118652344 381.0195617675781 399.8627624511719 403.9906311035156 406.6670837402344 410.2466125488281 414.3639831542969 425.5779724121094 428.81597900390625 426.13702392578125 421.4609375 414.2405090332031 409.4891662597656 405.9924011230469 404.2942199707031 406.0359802246094 411.12701416015625 414.3394775390625 410.3760681152344 411.8103942871094 417.4309387207031
299.4361877441406 293.9881286621094 293.6441345214844 293.21307373046875 292.8115539550781 293.06732177734375 292.45477294921875 294.8699951171875 299.86651611328125 304.8771667480469 309.20794677734375 312.7680969238281 318.4951477050781 322.9504699707031 327.9564208984375 329.31683349609375 333.6951599121094 335.800048828125 334.4710388183594 339.8777160644531 345.29486083984375 348.885986328125 354.1167907714844 374.2247619628906 380.3391418457031 392.2515563964844 399.2528076171875 404.9276428222656 411.48291015625 413.54986572265625 420.730712890625 423.7607421875 421.0953063964844 415.7826232910156 408.0572509765625 399.2080383300781 396.9746398925781 396.883056640625 400.0883483886719 404.9706726074219 406.77313232421875 403.5844421386719 405.3626708984375 408.2883605957031
308.0342712402344 303.8551025390625 293.2140737304687 293.5024719238281 292.31500244140625 292.0501708984375 291.94793701171875 294.1170959472656 297.3931579589844 301.570068359375 303.45831298828125 305.4763488769531 311.29730224609375 314.2257385253906 316.26654052734375 316.8399353027344 318.22210693359375 318.8734436035156 322.9764099121094 328.0723571777344 331.6354675292969 340.18670654296875 349.7362976074219 365.34942626953125 367.88671875 382.66070556640625 393.6070251464844 399.4247131347656 409.1326904296875 411.4127502441406 416.69696044921875 421.0406188964844 416.8282775878906 411.27996826171875 403.0606689453125 394.35693359375 392.9271240234375 389.82794189453125 392.8023986816406 399.086181640625 399.27093505859375 397.9915466308594 397.9246826171875 398.783203125
307.3467712402344 305.2040710449219 297.11395263671875 293.40594482421875 291.77099609375 291.716552734375 291.8551940917969 293.0853271484375 293.259765625 297.499267578125 297.4697265625 300.90618896484375 303.227783203125 305.08428955078125 307.3097839355469 307.52130126953125 310.99176025390625 313.9704284667969 321.19256591796875 324.70294189453125 329.1463623046875 334.634521484375 338.04302978515625 351.75799560546875 359.2795715332031 373.57379150390625 382.50408935546875 392.4627685546875 403.47760009765625 408.270751953125 412.80810546875 415.5751037597656 412.8526306152344 405.2231750488281 400.1949462890625 392.07855224609375 385.8952331542969 386.65081787109375 387.5328063964844 390.2136535644531 390.3540954589844 387.51953125 387.7323913574219 389.0045471191406
304.4533996582031 303.7186584472656 299.9164733886719 296.28271484375 292.91497802734375 291.75860595703125 291.70831298828125 292.25775146484375 292.44818115234375 293.37811279296875 294.2644348144531 296.6827087402344 298.5135498046875 300.23040771484375 304.0323181152344 306.151123046875 318.4000549316406 320.0113830566406 329.1951599121094 337.7381286621094 341.41131591796875 345.26116943359375 345.90863037109375 348.5788269042969 353.8215637207031 366.88330078125 376.8603210449219 387.2123718261719 400.67987060546875 403.1412048339844 410.58551025390625 413.59466552734375 408.99853515625 405.2629699707031 398.044677734375 385.5567932128906 380.03912353515625 380.8111572265625 382.8603515625 381.7330017089844 378.6834716796875 377.1629943847656 375.8767395019531 377.169189453125
300.4210205078125 301.9674072265625 300.2340393066406 297.05169677734375 293.02325439453125 291.30810546875 291.101318359375 291.5852966308594 291.8775634765625 293.3044128417969 294.3070068359375 298.1015930175781 299.54132080078125 304.0133361816406 312.9106140136719 318.008544921875 332.0782165527344 334.1045837402344 334.2923889160156 340.75189208984375 350.9244689941406 355.03021240234375 355.3239440917969 352.74652099609375 354.1149597167969 363.3489990234375 371.3677062988281 380.8587951660156 399.56817626953125 406.5473327636719 411.6325378417969 412.1147155761719 407.3661804199219 400.972900390625 391.32806396484375 382.3382873535156 377.6465148925781 373.8671875 372.3546447753906 376.85394287109375 373.5215148925781 366.40869140625 364.9918212890625 360.7155456542969
299.3892822265625 300.4302673339844 295.31402587890625 293.8456115722656 291.5952453613281 290.2400207519531 290.3976745605469 291.8010559082031 292.4474182128906 296.5668029785156 299.835693359375 302.9200439453125 305.5006103515625 312.9372253417969 324.5335998535156 329.6190490722656 341.3540954589844 343.3665771484375 345.4408264160156 348.7946472167969 358.34674072265625 365.3793029785156 366.36016845703125 362.40997314453125 361.0350646972656 363.26129150390625 370.2265625 380.09759521484375 399.1914978027344 406.7085266113281 413.0375061035156 413.2975158691406 409.7870178222656 402.9499206542969 396.847900390625 388.2081604003906 383.29547119140625 372.7231750488281 373.15228271484375 371.88153076171875 372.9062805175781 365.81378173828125 363.37884521484375 353.55657958984375
296.6725769042969 297.22125244140625 291.8491516113281 290.56182861328125 289.6405334472656 290.43426513671875 291.7449035644531 294.7411193847656 297.2075500488281 305.5942687988281 310.0181884765625 314.6134948730469 317.4864807128906 323.7320251464844 337.4283752441406 341.8343200683594 350.9295959472656 353.2181701660156 356.3760986328125 360.62249755859375 367.641845703125 374.95849609375 375.8398132324219 370.4554138183594 368.76702880859375 369.1410827636719 371.4614562988281 381.392333984375 399.62884521484375 406.6874084472656 414.69244384765625 415.7408142089844 413.1657409667969 409.2195129394531 402.0574035644531 392.1859436035156 387.4418640136719 373.743896484375 370.3920593261719 368.0127868652344 367.8369445800781 364.1927185058594 361.2630615234375 353.607666015625
291.8772277832031 292.3683776855469 288.9970703125 288.3964538574219 290.3790588378906 293.6573791503906 296.7584533691406 302.6453552246094 307.27362060546875 317.5731201171875 323.8990783691406 328.79144287109375 330.584716796875 335.28546142578125 350.388916015625 353.5922546386719 361.2377624511719 363.9978332519531 367.44647216796875 372.53546142578125 378.1555480957031 384.78436279296875 386.3106689453125 378.67303466796875 376.48553466796875 377.286376953125 377.1526794433594 383.9390563964844 401.0062561035156 408.6329345703125 418.9264831542969 419.6681213378906 416.787841796875 413.6934814453125 406.81268310546875 395.4998779296875 390.37188720703125 378.13397216796875 371.86639404296875 366.0011291503906 363.71759033203125 356.3484802246094 353.8916931152344 344.39471435546875
286.7918701171875 286.9757385253906 286.7563171386719 288.63153076171875 293.7423095703125 298.98846435546875 304.29473876953125 314.2230224609375 321.7181701660156 329.7178649902344 335.5784912109375 341.3795166015625 345.284912109375 350.25 361.7347717285156 363.5610046386719 373.94171142578125 377.6392517089844 380.1885681152344 385.1393737792969 389.9594421386719 395.76617431640625 397.111328125 387.72857666015625 386.2996520996094 387.492431640625 385.086669921875 388.8497009277344 404.18670654296875 412.5394287109375 423.3067321777344 423.04681396484375 419.4944152832031 416.060791015625 410.18603515625 398.55010986328125 392.8389892578125 381.7937316894531 375.3118591308594 369.0888366699219 365.8475646972656 356.5079345703125 351.3173828125 337.7320861816406
284.18560791015625 284.9136962890625 288.8354187011719 292.94561767578125 299.0525207519531 306.1964111328125 313.2189636230469 326.488037109375 335.486328125 341.4635925292969 345.0913391113281 351.3125915527344 358.26104736328125 365.7779235839844 373.9866027832031 375.2812805175781 389.18927001953125 393.179443359375 394.55194091796875 398.56591796875 401.843017578125 406.4988708496094 407.4179992675781 397.2407531738281 398.166748046875 396.69146728515625 394.4815979003906 397.1510925292969 411.92169189453125 419.9312744140625 427.03253173828125 426.0555725097656 421.5699157714844 417.58990478515625 412.4469909667969 401.18658447265625 394.8652648925781 384.0150146484375 377.4559326171875 371.9956970214844 370.53765869140625 360.6630859375 355.7552490234375 339.3475646972656
