Big_Beef/DataInputs30m/m_1_DEM/Big_Beef_DEM30m_dredgemask_EEX.asc
ncols 345
nrows 426
xllcorner 508562.3384261879
yllcorner 5265656.272683421
cellsize 30.0
nodata_value -9999.0
[rows 190 to 208 of 426, columns 0 to 43 of 345]
-9999.0 101.62490844726562 102.88667297363281 104.33000183105469 105.3713150024414 106.4324722290039 106.92910766601562 107.7715835571289 108.41044616699219 108.98358917236328 109.95362091064453 110.42134094238281 111.60416412353516 112.04216766357422 112.90980529785156 113.62229919433594 114.23657989501953 115.0381088256836 115.37451934814453 116.09468078613281 116.45596313476562 116.7840347290039 116.93067932128906 117.04547119140625 118.98922729492188 122.01085662841797 110.9154281616211 108.55166625976562 105.50531005859375 103.43147277832031 101.13159942626953 98.11976623535156 96.01097869873047 84.86040496826172 78.3848648071289 58.342491149902344 45.83965301513672 42.180049896240234 44.82508850097656 50.520694732666016 65.5323715209961 69.6107177734375 79.12025451660156 84.03348541259766
-9999.0 103.03004455566406 104.19630432128906 105.28186798095703 106.17158508300781 107.2125015258789 107.62397003173828 108.4369888305664 109.01339721679688 109.54618835449219 110.45042419433594 110.91503143310547 112.11133575439453 112.57913208007812 113.5382080078125 114.2336196899414 114.83940124511719 115.6885986328125 115.92617797851562 116.67562866210938 117.27385711669922 117.70382690429688 117.99858856201172 118.51502227783203 118.17655181884766 115.77906036376953 106.29515075683594 104.35971069335938 101.39401245117188 99.45547485351562 95.39547729492188 95.25236511230469 94.3541259765625 81.15489959716797 72.64801025390625 53.88904571533203 44.34757614135742 43.20643997192383 46.57333755493164 50.718849182128906 66.083740234375 70.63577270507812 80.59954071044922 85.4283218383789
-9999.0 104.55844116210938 105.28265380859375 106.04999542236328 106.88668060302734 107.93017578125 108.31195068359375 109.04273223876953 109.62288665771484 110.15523529052734 111.0698013305664 111.54510498046875 112.61917877197266 113.19749450683594 114.1025161743164 114.8556137084961 115.41242980957031 116.20103454589844 116.50366973876953 117.29998016357422 117.86946868896484 118.72630310058594 118.875732421875 118.91202545166016 115.88700866699219 110.66189575195312 103.75222778320312 103.19955444335938 95.98680877685547 90.99633026123047 89.2433090209961 92.14350891113281 90.07454681396484 72.32512664794922 65.92960357666016 45.81388473510742 43.207439971923826 48.8868408203125 51.34136199951172 53.95444107055664 66.26844024658203 70.97213745117188 80.28499603271484 86.1006088256836
-9999.0 105.53582000732422 106.1092758178711 106.77458190917969 107.60003662109375 108.52536010742188 108.93031311035156 109.65669250488281 110.24139404296875 110.7774429321289 111.68470764160156 112.06251525878906 113.14303588867188 113.63702392578125 114.65392303466797 115.40111541748047 115.9869384765625 116.60749053955078 116.95819854736328 117.95466613769531 118.57572937011719 119.31819152832031 119.40193939208984 118.6387939453125 115.64939880371094 111.31371307373047 112.91749572753906 107.47469329833984 97.89948272705078 91.87962341308594 86.54390716552734 83.0557632446289 77.51010131835938 63.23624038696289 58.183692932128906 44.367523193359375 49.51237106323242 53.68060302734375 56.61853790283203 61.909576416015625 71.17884063720703 74.86314392089844 81.66488647460938 84.95950317382812
-9999.0 106.28472900390625 106.85604095458984 107.49498748779297 108.24199676513672 109.1458511352539 109.5458755493164 110.2955093383789 110.85792541503906 111.43304443359375 112.22752380371094 112.59101867675781 113.6812515258789 114.17952728271484 115.21611022949219 115.93549346923828 116.4911880493164 117.05144500732422 117.49092102050781 118.6766586303711 119.18826293945312 119.56421661376953 119.37699890136719 118.55216217041016 117.36653137207031 117.27433013916016 111.19157409667969 104.25743103027344 97.18208312988281 90.9508056640625 83.6023941040039 77.14111328125 69.22699737548828 53.53420639038086 47.1930046081543 46.56635284423828 51.74738693237305 54.7922477722168 61.222740173339844 65.94941711425781 77.16246032714844 80.60308837890625 88.11358642578125 90.70584869384766
-9999.0 106.7872543334961 107.34773254394531 108.08898162841797 108.93936920166016 109.76647186279297 110.16407775878906 110.94171905517578 111.49304962158203 111.95579528808594 112.74728393554688 113.11978912353516 114.24156188964844 114.73321533203125 115.712158203125 116.4911880493164 116.89188385009766 117.66294860839844 118.14402770996094 119.23102569580078 119.75126647949219 119.7105712890625 118.9865493774414 118.94656372070312 118.15782165527344 116.87242889404297 106.5829849243164 101.99616241455078 94.90476989746094 86.94723510742188 78.15209197998047 65.1360092163086 60.25080490112305 46.568352844238284 46.56735284423828 47.74592971801758 52.64029312133789 55.408607482910156 64.22212219238281 69.74395751953125 80.91150665283203 85.85057067871094 93.91680908203125 96.58407592773438
-9999.0 107.04307556152344 107.73544311523438 108.69768524169922 109.46864318847656 110.41287994384766 110.89441680908203 111.56622314453125 112.1226806640625 112.5698013305664 113.39400482177734 113.78418731689453 114.80900573730469 115.27383422851562 116.1954116821289 116.90189361572266 117.36895751953125 118.24394226074219 118.71678161621094 119.95864868164062 120.49105072021484 119.89032745361328 118.40011596679688 116.74647521972656 113.64892578125 111.57160949707031 103.22306823730469 99.59896850585938 91.02283477783203 83.9798355102539 75.72216033935547 62.79955291748047 55.856300354003906 46.568352844238284 46.568352844238284 49.57089614868164 54.36412811279297 58.791988372802734 69.66136932373047 72.99121856689453 83.82913208007812 88.35820007324219 97.00716400146484 100.70001220703125
-9999.0 107.06990814208984 108.12918853759766 109.1748275756836 110.09754180908203 111.11776733398438 111.52056121826172 112.19331359863281 112.75499725341797 113.20367431640625 114.04830169677734 114.39910125732422 115.31999206542969 115.75042724609375 116.58243560791016 117.19888305664062 117.91747283935547 119.02337646484375 119.70297241210938 120.777587890625 121.0146484375 120.1978988647461 118.43205261230469 116.12461853027344 110.94774627685547 107.59336853027344 97.16316223144531 91.68213653564453 85.02051544189453 78.84925079345703 71.71015167236328 57.58916091918945 50.44226837158203 46.56935284423828 46.56935284423828 52.56336975097656 57.40845489501953 67.22744750976562 75.36238098144531 78.13980865478516 85.87167358398438 89.87579345703125 99.02366638183594 103.86344909667969
-9999.0 107.16393280029297 108.59796142578125 109.69925689697266 110.84461975097656 111.74539184570312 112.15057373046875 112.8043212890625 113.39452362060547 113.84357452392578 114.58939361572266 114.88152313232422 115.81800842285156 116.2607421875 117.0037612915039 117.7626724243164 118.6007080078125 119.89714050292969 120.50897216796875 121.51114654541016 121.70657348632812 120.77290344238281 119.6426773071289 117.10497283935547 111.47753143310547 105.40357208251953 96.82665252685547 94.35980224609375 86.9531478881836 79.18289184570312 72.37297058105469 56.554386138916016 49.706790924072266 47.189266204833984 51.880592346191406 57.09592056274414 65.73770904541016 72.56424713134766 79.69003295898438 82.91999053955078 89.01658630371094 91.93901062011719 100.27558898925781 104.76300048828125
-9999.0 107.61506652832031 109.22863006591797 110.21163177490234 111.29832458496094 112.26292419433594 112.67034149169922 113.3199691772461 113.91439056396484 114.3241195678711 115.07213592529297 115.43636322021484 116.37250518798828 116.75580596923828 117.70332336425781 118.75214385986328 119.5924301147461 120.93961334228516 121.52352142333984 123.5872802734375 124.03329467773438 122.08202362060547 120.17607116699219 118.37808990478516 113.72783660888672 109.64282989501953 99.82266998291016 95.29387664794922 79.60088348388672 73.1669921875 66.09343719482422 52.281097412109375 48.604896545410156 52.648841857910156 54.49573516845703 64.59947204589844 71.64808654785156 75.88123321533203 83.21749114990234 87.30387115478516 94.58737182617188 96.3947982788086 102.13268280029297 107.60382080078125
-9999.0 108.45759582519531 110.27208709716797 111.13975524902344 111.86903381347656 112.88867950439453 113.28518676757812 114.0191421508789 114.49627685546875 114.90229034423828 115.67054748535156 116.08348083496094 116.99250793457031 117.54878997802734 118.71007537841797 119.83645629882812 120.6333999633789 121.8619384765625 123.87918090820312 127.81666564941406 126.01472473144531 121.72038269042969 120.25875854492188 119.36219787597656 114.77335357666016 110.5532455444336 98.9892349243164 91.83018493652344 78.12333679199219 66.60450744628906 59.203758239746094 49.97733688354492 48.605896545410154 54.590187072753906 58.450050354003906 70.32421875 75.7234115600586 80.2680435180664 86.43397521972656 91.69967651367188 100.09673309326172 101.99189758300781 104.2957763671875 109.09917449951172
-9999.0 109.85627746582031 111.27108764648438 112.0645751953125 112.769287109375 113.68688201904297 114.20004272460938 114.59979248046875 115.01426696777344 115.43170166015625 116.31501770019531 116.72882843017578 117.94349670410156 118.49874877929688 119.79624938964844 120.92649841308594 121.49362182617188 124.02312469482422 126.93372344970703 129.1204376220703 126.08238983154297 121.48282623291016 119.697265625 117.9910659790039 111.15361022949219 104.55278015136719 91.85877227783203 86.21552276611328 71.632080078125 63.533233642578125 54.80592346191406 48.60689654541016 48.60689654541016 61.08448028564453 65.72123718261719 74.73509216308594 79.08345794677734 84.80889129638672 92.9549560546875 95.91817474365234 103.76221466064453 107.02632141113281 111.7010269165039 113.4068832397461
-9999.0 110.76769256591797 112.20127868652344 113.08807373046875 114.2784652709961 114.84832763671875 114.85558319091797 115.12602996826172 115.49744415283203 115.96878051757812 116.96146392822266 117.45989990234375 118.88876342773438 119.56103515625 120.80325317382812 121.76527404785156 122.19474029541016 126.3858413696289 128.40679931640625 127.89997863769531 123.75706481933594 120.38043975830078 118.54073333740234 114.2909927368164 100.91520690917969 95.3625259399414 86.60765075683594 82.3355941772461 64.99108123779297 54.91718673706055 50.40167236328125 49.102352142333984 54.11548614501953 69.64392852783203 74.97848510742188 83.6801528930664 89.0042495727539 91.92686462402344 98.40957641601562 101.7364501953125 107.532958984375 110.87601470947266 116.49884796142578 119.30545043945312
-9999.0 111.55744934082031 113.57158660888672 115.1922378540039 115.92501068115234 115.69664001464844 115.58946228027344 115.5907211303711 115.96007537841797 116.47086334228516 117.7214584350586 118.31954956054688 119.75115966796875 120.50004577636719 121.68236541748047 122.4987564086914 123.66307830810547 129.83456420898438 131.87075805664062 125.47998046875 121.32462310791016 118.16788482666016 111.91574096679688 102.82585906982422 90.00234985351562 86.39264678955078 80.41487121582031 76.30679321289062 61.52500915527344 50.175621032714844 49.132972717285156 58.76345443725586 65.59667205810547 79.62652587890625 86.34542083740234 96.05126953125 99.21183776855469 101.1937026977539 104.2553482055664 108.26178741455078 113.86940002441406 115.04158782958984 120.59545135498047 124.18667602539062
-9999.0 112.47471618652344 115.79981231689453 117.14571380615234 117.13032531738281 116.51207733154297 116.21075439453125 116.2529296875 116.57015991210938 116.9343032836914 118.37820434570312 119.07728576660156 120.70755767822266 121.42278289794922 122.55731201171875 123.95632934570312 127.69795227050781 134.9559326171875 132.09817504882812 122.78215026855469 119.67817687988281 111.86370086669922 102.39354705810547 93.7708740234375 81.55966186523438 78.23377990722656 71.73078918457031 67.08417510986328 56.547794342041016 49.45783996582031 51.50376510620117 65.9155502319336 72.82215881347656 89.38362884521484 95.93502807617188 103.74142456054688 108.8218002319336 111.94575500488281 114.21329498291016 116.63720703125 119.6641845703125 120.5297622680664 125.73136138916016 130.3502655029297
-9999.0 113.84957885742188 117.23139190673828 117.74028778076172 117.96785736083984 117.35166931152344 117.02871704101562 117.00318145751953 117.35768127441406 117.81145477294922 119.2515640258789 119.947509765625 121.65030670166016 122.35248565673828 123.9188461303711 127.0122299194336 131.23211669921875 133.936767578125 128.2151641845703 119.87712860107422 116.74732208251953 105.51948547363281 93.3112564086914 84.76744842529297 72.56401824951172 70.83163452148438 65.6082992553711 63.299869537353516 52.35626983642578 50.282318115234375 55.11771774291992 69.1557388305664 77.4499740600586 93.96353149414062 100.27532196044922 112.39984130859375 117.86172485351562 120.44332885742188 123.03534698486328 123.91925811767578 125.863525390625 126.5411148071289 131.5128936767578 135.41046142578125
-9999.0 113.94774627685547 117.26900482177734 118.0517807006836 118.72112274169922 118.4134521484375 118.20396423339844 118.17803192138672 118.43290710449219 118.95929718017578 120.19856262207031 120.8871078491211 122.4579086303711 123.12737274169922 125.28952026367188 127.4605712890625 131.2303924560547 128.6654510498047 124.50643920898438 116.4740219116211 110.60337829589844 97.8679428100586 88.7275619506836 80.72132873535156 69.78990173339844 66.84050750732422 57.02044677734375 52.565860748291016 51.05107498168945 55.180320739746094 61.16022872924805 71.37904357910156 78.4579086303711 94.23379516601562 101.51834106445312 115.41947174072266 121.76818084716797 127.89032745361328 130.71481323242188 130.88478088378906 134.11245727539062 135.45445251464844 137.6457061767578 140.09413146972656
-9999.0 113.49707794189453 117.24447631835938 117.96316528320312 118.70396423339844 119.08214569091797 119.04569244384766 119.32054901123047 119.69993591308594 120.22679901123047 121.1572036743164 121.62031555175781 123.00970458984375 124.03307342529297 126.12242889404297 127.67144012451172 128.1435546875 123.97789764404297 120.46968841552734 111.24549865722656 102.82804870605469 92.18583679199219 84.19224548339844 77.60041046142578 68.41552734375 66.07614135742188 52.478702545166016 51.05207498168945 53.26227569580078 63.07564926147461 73.36266326904297 87.97329711914062 90.01532745361328 92.38935852050781 100.06779479980469 112.2781982421875 120.83331298828125 127.73875427246094 132.84164428710938 134.9278106689453 138.09742736816406 139.9093475341797 142.2900390625 141.00648498535156
-9999.0 112.1233139038086 116.98432922363281 117.79356384277344 118.60597229003906 119.35556030273438 119.8808364868164 120.28145599365234 120.8893051147461 121.2334213256836 122.1658706665039 122.69215393066406 123.58856964111328 124.39044952392578 126.6822738647461 127.426025390625 125.97692108154297 120.13557434082031 117.42619323730469 104.75094604492188 99.82658386230469 90.3382797241211 82.59834289550781 77.95227813720703 70.91146850585938 68.25584411621094 52.76219940185547 51.053074981689456 58.990562438964844 71.98416900634766 83.47644805908203 97.79817962646484 101.11180114746094 101.43875885009766 102.32316589355469 108.66361236572266 115.18566131591797 121.29129791259766 130.2224578857422 134.90206909179688 138.88339233398438 140.75584411621094 141.6107940673828 139.85964965820312
