Big_Beef/DataInputs30m/m_1_DEM/Big_Beef_DEM30m_dredgemask_EEX.asc
ncols 345
nrows 426
xllcorner 508562.3384261879
yllcorner 5265656.272683421
cellsize 30.0
nodata_value -9999.0
[rows 114 to 132 of 426, columns 220 to 263 of 345]
130.2832794189453 128.23573303222656 125.9043197631836 123.92950439453125 118.66645812988281 117.00605773925781 114.89185333251953 109.24513244628906 103.25891876220703 84.35317993164062 74.05472564697266 54.697479248046875 48.54503631591797 40.32650375366211 34.948707580566406 32.53046417236328 31.662342834472657 31.89884376525879 45.93656921386719 57.16397476196289 69.68826293945312 80.15731048583984 88.7221450805664 101.59144592285156 104.50556182861328 111.5229263305664 111.5960693359375 112.7665023803711 115.54137420654297 118.56478118896484 124.09161376953125 126.95748138427734 133.01597595214844 135.33218383789062 140.5386505126953 143.7853546142578 143.4981689453125 142.94264221191406 145.1563262939453 150.4089813232422 152.0450897216797 154.65025329589844 156.22998046875 157.56222534179688
129.7264862060547 127.418701171875 123.81845092773438 122.78980255126953 118.99087524414062 116.70642852783203 113.70242309570312 102.10723876953125 97.4864273071289 82.38460540771484 73.6561508178711 56.37174606323242 49.70491027832031 41.382442474365234 35.87926483154297 34.736209869384766 31.703340530395508 32.07366943359375 44.205265045166016 56.755558013916016 67.7308349609375 79.49403381347656 89.56788635253906 107.50714874267578 110.98006439208984 113.662109375 113.62507629394531 113.69274139404297 116.01629638671875 118.6250228881836 122.05984497070312 123.97341918945312 130.17471313476562 133.18682861328125 139.63221740722656 142.40879821777344 141.1583944091797 141.1583944091797 143.53756713867188 149.70240783691406 151.7576141357422 154.6909637451172 155.92015075683594 157.01527404785156
129.7895965576172 127.74783325195312 121.84864044189453 119.7815170288086 115.57975769042969 113.24114990234375 109.1097640991211 100.39314270019531 95.72930145263672 80.34129333496094 72.80734252929688 60.410179138183594 51.746124267578125 42.299072265625 41.99310302734375 38.04194641113281 31.87816619873047 34.65998458862305 43.89964294433594 56.2001953125 66.78215789794922 78.0119400024414 88.47216796875 107.98645782470703 109.98706817626953 112.94805145263672 113.88204956054688 115.60871887207031 116.93437957763672 118.48798370361328 120.06626892089844 120.73060607910156 126.10164642333984 131.85157775878906 139.99435424804688 141.83399963378906 141.70420837402344 141.1573944091797 142.6146697998047 148.9368896484375 151.24134826660156 154.3319091796875 155.48109436035156 156.412353515625
132.01524353027344 130.34466552734375 120.897705078125 109.53804779052734 98.53777313232422 96.0915756225586 93.51303100585938 93.2092514038086 91.02583312988281 77.934326171875 70.80427551269531 56.94648361206055 48.5683708190918 53.002140045166016 47.802547454833984 37.74631881713867 32.16023178100585 35.80167007446289 46.78636932373047 56.27306365966797 66.60926818847656 76.83528137207031 87.54576110839844 104.45319366455078 106.10037231445312 112.52885437011719 114.6466064453125 116.08257293701172 117.41169738769531 118.15301513671875 119.74110412597656 120.49881744384766 126.16212463378906 132.56329345703125 140.41397094726562 141.99990844726562 141.1320037841797 142.0564422607422 142.6027069091797 147.98048400878906 150.7589874267578 153.55760192871094 154.55667114257812 155.84812927246094
129.9204559326172 125.9251708984375 110.26152801513672 102.84606170654297 97.06685638427734 94.33980560302734 89.8669204711914 82.3009262084961 78.24872589111328 68.58805084228516 64.35350799560547 62.861934661865234 65.51329040527344 59.79655456542969 41.00124740600586 36.130104064941406 32.44229736328124 38.834022521972656 49.700984954833984 56.930335998535156 67.51679992675781 77.07359313964844 82.6823501586914 94.50331115722656 102.04252624511719 112.7080307006836 116.31636047363281 117.12108612060547 117.73986053466797 118.915771484375 121.02481842041016 121.53140258789062 125.89616394042969 131.83306884765625 136.95643615722656 139.23509216308594 141.855224609375 143.79086303710938 146.149658203125 149.77650451660156 152.24729919433594 153.98495483398438 153.65040588378906 155.00343322753906
117.10966491699219 109.87511444091797 109.57272338867188 110.95635986328125 108.7846908569336 106.0107192993164 101.35151672363281 93.66035461425781 87.90446472167969 75.0946273803711 73.19561767578125 72.87623596191406 66.25334167480469 48.43818283081055 35.19730758666992 32.724362945556635 38.590171813964844 45.54010772705078 51.29927444458008 56.35950469970703 64.86759185791016 74.75611877441406 79.43379211425781 91.45326232910156 100.30673217773438 111.16315460205078 115.37773895263672 117.06332397460938 117.4792251586914 120.02591705322266 122.61587524414062 123.23269653320312 127.85489654541016 130.57737731933594 135.29449462890625 141.0797882080078 142.64491271972656 144.41221618652344 147.36856079101562 150.8056640625 152.2324981689453 153.53134155273438 153.3369903564453 154.4655303955078
116.93694305419922 121.20126342773438 125.60286712646484 124.40331268310547 117.14363098144531 111.95045471191406 106.45282745361328 95.65176391601562 88.16828155517578 81.93859100341797 82.90787506103516 70.64253234863281 53.30756759643555 39.53947830200195 33.00642852783203 33.4839973449707 40.1944580078125 44.814247131347656 54.24837112426758 60.477142333984375 67.4433822631836 77.18072509765625 83.25761413574219 102.77387237548828 107.12104797363281 112.6165542602539 115.06753540039062 115.7455062866211 116.55038452148438 118.56752014160156 123.16991424560547 126.78630065917969 131.6250762939453 134.24232482910156 137.78717041015625 140.52259826660156 139.81829833984375 140.21949768066406 144.0699005126953 152.43051147460938 153.649658203125 153.4831085205078 153.1103973388672 154.23744201660156
128.07388305664062 126.94898986816406 122.0462417602539 120.56758880615234 115.2865219116211 111.1639404296875 105.86335754394531 92.76446533203125 83.97048950195312 79.32452392578125 79.28187561035156 64.50579071044922 50.49290084838867 37.21031951904297 33.28849411010742 37.00196075439453 45.45962142944336 48.09836196899414 53.95433044433594 61.082942962646484 67.928466796875 76.27131652832031 87.28571319580078 103.87213134765625 104.0015869140625 110.55143737792969 115.32443237304688 116.7266845703125 117.51449584960938 119.14680480957031 125.7306137084961 129.4829864501953 134.2868194580078 135.6796417236328 136.84231567382812 136.03839111328125 134.97198486328125 142.07272338867188 145.01187133789062 153.6575164794922 153.70751953125 153.38082885742188 152.66583251953125 153.88375854492188
126.32765197753906 124.87483215332031 121.07511901855469 119.57950592041016 115.06312561035156 111.9747543334961 105.38518524169922 89.59989929199219 81.04327392578125 70.65475463867188 69.358154296875 60.82514190673828 49.40736770629883 37.048946380615234 33.46039342880249 41.92409133911133 51.18016815185547 55.6962776184082 65.4465103149414 67.04778289794922 68.36331939697266 71.32135772705078 76.34616088867188 94.2019271850586 96.59662628173828 100.48348236083984 105.79924011230469 114.91497039794922 121.70899200439453 122.38711547851562 128.3148193359375 133.3692626953125 138.0885009765625 137.86277770996094 135.65179443359375 133.38674926757812 135.9251251220703 143.95889282226562 147.34197998046875 153.38174438476562 153.52774047851562 152.79513549804688 152.3897939453125 153.54876708984375
125.90440368652344 124.86407470703125 120.89693450927734 116.4935073852539 113.10334014892578 110.4572982788086 103.637451171875 88.22379302978516 79.1004409790039 65.53900909423828 61.80400085449219 55.48753356933594 46.12441635131836 33.63229274749756 41.23255157470703 44.51983642578125 52.38480758666992 56.368690490722656 72.24862670898438 78.7881088256836 84.55370330810547 86.349365234375 86.32500457763672 87.84928131103516 89.41985321044922 95.71044921875 100.55953979492188 106.63902282714844 112.45954132080078 116.7806396484375 129.82608032226562 135.07620239257812 139.26373291015625 137.20370483398438 133.2990264892578 136.93453979492188 140.06744384765625 146.28565979003906 148.89137268066406 153.51145935058594 153.5382537841797 152.3887939453125 153.02249145507812 153.94027709960938
126.11849975585938 125.46623229980469 123.029296875 118.62452697753906 113.54679870605469 108.14117431640625 100.4239273071289 82.70470428466797 72.06928253173828 62.297367095947266 57.93690872192383 51.42261505126953 43.860774993896484 33.80419206619263 44.174983978271484 48.07263946533203 54.93022918701172 58.00386047363281 68.83333587646484 76.69403076171875 86.76611328125 96.18292999267578 98.1421127319336 98.34300994873047 98.45194244384766 100.55043029785156 104.68978118896484 110.80650329589844 115.82306671142578 118.943603515625 125.59492492675781 129.78311157226562 133.03021240234375 133.2060546875 133.98170471191406 139.15353393554688 141.8658447265625 147.37867736816406 149.54026794433594 151.46603393554688 152.0167694091797 152.72023010253906 153.8279571533203 154.52052307128906
125.50978088378906 124.8021011352539 122.15745544433594 119.400146484375 115.1505355834961 110.86251831054688 102.01519012451172 83.42868041992188 72.59465789794922 59.09496307373047 54.36398696899414 45.24573516845703 40.25596618652344 33.976091384887695 46.04594039916992 51.540287017822266 61.06645965576172 64.19556427001953 67.75471496582031 71.02802276611328 80.41839599609375 94.28588104248047 99.26183319091797 102.34669494628906 102.57991790771484 109.19713592529297 113.29869842529297 118.97522735595703 125.39639282226562 129.1881103515625 130.9130859375 129.91586303710938 129.78411157226563 129.78511157226563 132.77862548828125 137.32232666015625 140.13795471191406 146.34103393554688 148.26016235351562 149.5958251953125 150.6189422607422 152.20433044433594 153.43846130371094 154.32275390625
124.70501708984375 123.46280670166016 120.08003234863281 117.99089813232422 114.6875 111.6585693359375 104.31845092773438 88.35074615478516 77.20185089111328 57.673500061035156 52.2672004699707 41.39654541015625 36.73033142089844 34.147990703582764 45.05078125 51.89382553100586 65.42544555664062 69.87385559082031 74.31414794921875 76.26017761230469 81.1249771118164 88.58303833007812 93.46360778808594 104.4305419921875 106.5508041381836 112.71583557128906 116.37638854980469 121.0132827758789 126.89204406738281 131.0562286376953 132.30799865722656 129.78511157226563 129.78511157226563 129.78511157226563 134.47482299804688 138.69544982910156 140.51077270507812 145.0823974609375 146.5741424560547 148.29493713378906 149.4376983642578 151.56939697265625 153.06861877441406 154.0262451171875
124.2341079711914 122.35181427001953 118.50131225585938 116.62065887451172 113.34992980957031 110.19805908203125 105.17848205566406 91.12618255615234 81.02838897705078 57.45641326904297 52.07935333251953 40.370643615722656 34.92618942260742 34.31989002227783 43.60182571411133 50.13254165649414 66.46514129638672 71.83592224121094 80.0433120727539 83.71851348876953 85.91515350341797 88.10016632080078 91.41590118408203 105.98335266113281 109.08941650390625 114.22299194335938 117.28675842285156 121.31206512451172 126.10972595214844 129.85440063476562 132.9788360595703 129.7861115722656 129.7861115722656 129.7861115722656 135.64044189453125 139.4522705078125 140.62387084960938 143.80174255371094 145.0531463623047 147.37669372558594 148.5742645263672 150.9574737548828 152.71505737304688 153.53225708007812
124.12873077392578 122.00511169433594 118.068115234375 116.62834930419922 112.6420669555664 108.84984588623047 102.95296478271484 89.35198211669922 81.68619537353516 59.52214431762695 53.765838623046875 41.860084533691406 34.85919189453125 34.4917893409729 42.28097152709961 47.073055267333984 63.10002899169922 68.54878234863281 81.62459564208984 89.81800079345703 93.77861022949219 94.98461151123047 96.04090118408203 106.14739990234375 109.11177825927734 113.80846405029297 116.69145965576172 120.18412017822266 123.94290161132812 126.93330383300781 133.01458740234375 131.6277313232422 129.78711157226562 130.28091430664062 135.99786376953125 139.6189727783203 140.42481994628906 142.62342834472656 143.72341918945312 146.63900756835938 147.99368286132812 150.3508758544922 152.33641052246094 152.944091796875
123.63304138183594 121.68050384521484 117.65769958496094 116.3666000366211 112.02526092529297 108.31996154785156 101.53238677978516 89.0234603881836 83.43456268310547 64.52110290527344 57.253971099853516 45.22370147705078 35.43145751953125 34.66368865966797 41.34249496459961 44.543601989746094 58.223331451416016 63.46843338012695 78.60159301757812 88.4181900024414 95.24880981445312 100.47731018066406 102.12899780273438 107.09772491455078 109.46482849121094 113.71604919433594 116.5821533203125 119.77708435058594 123.47429656982422 126.15233612060547 132.4860382080078 132.55941772460938 130.00900268554688 131.59510803222656 136.18605041503906 139.0511474609375 139.31687927246094 140.96031188964844 142.2978515625 146.38743591308594 147.63307189941406 149.48959350585938 151.4282684326172 152.06536865234375
121.74471282958984 119.4565658569336 114.37324523925781 112.8260269165039 109.9051284790039 108.82935333251953 105.52965545654297 97.69161987304688 92.45965576171875 70.59917449951172 62.24678039550781 46.74906921386719 35.489234924316406 35.23595428466797 41.15916442871094 44.828407287597656 56.767459869384766 61.92140579223633 73.93254089355469 80.59554290771484 88.53515625 99.28392028808594 104.6483154296875 109.32879638671875 110.69864654541016 114.98176574707031 117.4686050415039 120.64332580566406 124.93666076660156 127.77384185791016 131.61859130859375 132.12442016601562 131.81971740722656 133.07945251464844 135.73826599121094 136.40460205078125 135.67698669433594 138.96937561035156 141.30532836914062 146.26271057128906 147.2995147705078 148.99107360839844 150.60739135742188 151.58761596679688
121.55402374267578 119.09542083740234 112.96780395507812 111.25227355957031 109.4219970703125 108.09248352050781 103.91828918457031 97.16638946533203 92.09375 75.14930725097656 66.00055694580078 47.235347747802734 36.22862243652344 35.293731689453125 41.36709213256836 46.088829040527344 59.363739013671875 64.24809265136719 74.36518859863281 80.30027770996094 88.65716552734375 98.76046752929688 103.98056030273438 108.58289337158203 110.19910430908203 115.5923843383789 117.78874969482422 121.1631851196289 124.87179565429688 127.58413696289062 130.54441833496094 131.5145263671875 133.2280731201172 134.13710021972656 133.67979431152344 132.82717895507812 131.95242309570312 138.54510498046875 141.17111206054688 145.6479949951172 146.80885314941406 148.61622619628906 150.09266662597656 151.39125061035156
124.47551727294922 121.63668823242188 114.94070434570312 111.91050720214844 108.08177947998047 101.80938720703125 95.31241607666016 85.65967559814453 82.72074890136719 70.37355041503906 63.320926666259766 47.9588508605957 37.787879943847656 36.033119201660156 41.01161193847656 47.212493896484375 66.36409759521484 75.04959869384766 85.44657135009766 89.102294921875 93.28714752197266 98.94647979736328 101.28156280517578 106.18269348144531 108.4358901977539 114.3099136352539 116.46231842041016 119.4609146118164 121.95762634277344 124.13619995117188 129.69610595703125 130.8686981201172 133.11483764648438 133.06338500976562 132.0773162841797 132.410400390625 131.79782922363282 140.484375 141.23019409179688 143.9807586669922 145.97145080566406 147.78143310546875 149.51480102539062 150.97244262695312
