Big_Beef/DataInputs30m/m_1_DEM/Big_Beef_DEM30m_dredgemask_EEX.asc
ncols 345
nrows 426
xllcorner 508562.3384261879
yllcorner 5265656.272683421
cellsize 30.0
nodata_value -9999.0
[rows 95 to 113 of 426, columns 132 to 175 of 345]
-9999.0 -9999.0 -9999.0 -9999.0 -9999.0 -9999.0 -9999.0 -9999.0 -9999.0 -9999.0 -9999.0 -9999.0 -9999.0 -9999.0 -9999.0 -9999.0 -9999.0 -9999.0 -9999.0 -9999.0 -9999.0 97.80726623535156 99.2708511352539 99.79605865478516 100.88249206542969 101.47300720214844 102.6339340209961 103.59295654296875 104.5026626586914 106.76031494140625 108.14407348632812 110.5961685180664 111.49833679199219 112.44398498535156 112.97742462158203 114.3946533203125 114.74447631835938 115.35960388183594 115.72997283935547 116.4203872680664 117.70755004882812 119.19898223876953 122.78044891357422 124.24063873291016
-9999.0 -9999.0 -9999.0 -9999.0 -9999.0 -9999.0 -9999.0 -9999.0 -9999.0 -9999.0 -9999.0 -9999.0 -9999.0 -9999.0 -9999.0 -9999.0 -9999.0 -9999.0 95.1213150024414 95.60446166992188 95.7831039428711 97.9050064086914 99.56865692138672 99.7296142578125 100.78669738769531 101.44861602783203 102.66887664794922 103.40462493896484 104.05767822265625 106.3348617553711 107.93801879882812 110.40242004394531 111.44275665283203 112.54373931884766 113.24356842041016 114.78372955322266 115.1151351928711 115.63968658447266 115.98246002197266 116.62596130371094 118.25694274902344 119.94230651855469 123.71080780029297 125.32518005371094
-9999.0 -9999.0 -9999.0 -9999.0 -9999.0 -9999.0 -9999.0 -9999.0 -9999.0 -9999.0 -9999.0 -9999.0 -9999.0 -9999.0 -9999.0 -9999.0 -9999.0 -9999.0 91.84017181396484 92.12039947509766 93.703125 94.97728729248047 98.25865173339844 98.90841674804688 100.53180694580078 101.486328125 103.02304077148438 103.70547485351562 104.1978988647461 106.22400665283203 107.94507598876953 110.33262634277344 111.51696014404297 112.81805419921875 113.62647247314453 115.25995635986328 115.50459289550781 116.0990982055664 116.43205261230469 117.0473403930664 118.8559341430664 120.72590637207031 124.48096466064453 126.19446563720703
-9999.0 -9999.0 -9999.0 -9999.0 -9999.0 -9999.0 -9999.0 -9999.0 -9999.0 -9999.0 -9999.0 -9999.0 -9999.0 -9999.0 -9999.0 -9999.0 -9999.0 -9999.0 78.92443084716797 80.85265350341797 85.07038879394531 85.21101379394531 91.72520446777344 97.01957702636719 100.2630386352539 101.91912841796875 103.86542510986328 104.61188507080078 105.26536560058594 107.00687408447266 108.54395294189453 110.73585510253906 111.93997955322266 113.4292221069336 114.43063354492188 115.74360656738281 116.10440063476562 116.67202758789062 117.10466003417969 118.13749694824219 120.06072998046875 121.41566467285156 124.98052978515625 126.79911041259766
-9999.0 -9999.0 -9999.0 -9999.0 -9999.0 -9999.0 -9999.0 -9999.0 -9999.0 -9999.0 -9999.0 -9999.0 -9999.0 -9999.0 -9999.0 61.085086822509766 62.96784210205078 68.88456726074219 71.77082061767578 78.97203826904297 83.9219741821289 85.75074005126953 90.11664581298828 93.86689758300781 100.13871002197266 102.2475357055664 104.5870361328125 105.84070587158203 106.6175765991211 108.39637756347656 109.44145202636719 111.4577407836914 112.61590576171875 114.34663391113281 115.13849639892578 116.45789337158203 116.79705810546875 117.75501251220703 118.315673828125 119.46895599365234 121.15403747558594 122.13473510742188 125.65921020507812 127.16893768310547
-9999.0 -9999.0 -9999.0 -9999.0 -9999.0 -9999.0 -9999.0 -9999.0 -9999.0 -9999.0 -9999.0 -9999.0 -9999.0 -9999.0 -9999.0 78.28299713134766 78.8458023071289 81.49855041503906 84.27262878417969 89.79539489746094 92.9154281616211 92.75650024414062 94.82671356201172 96.78215026855469 100.61239624023438 102.9695053100586 105.13209533691406 106.52845764160156 107.53863525390625 109.38218688964844 110.26748657226562 112.36553192138672 113.54591369628906 115.0625 115.97574615478516 117.29714965820312 117.83451843261719 118.96408081054688 119.76105499267578 121.1016845703125 122.64517211914062 123.95037841796875 128.23243713378906 128.9860382080078
-9999.0 -9999.0 -9999.0 -9999.0 -9999.0 -9999.0 -9999.0 -9999.0 -9999.0 -9999.0 -9999.0 -9999.0 -9999.0 -9999.0 -9999.0 92.71014404296875 93.77387237548828 97.605712890625 98.47193908691406 99.0673828125 99.22618103027344 99.14795684814453 99.67725372314453 100.32463073730469 102.57296752929688 104.05377197265625 105.79240417480469 107.05597686767578 108.21318054199219 110.19255828857422 111.07154083251953 113.1545181274414 114.47037506103516 116.00230407714844 116.8730239868164 118.23700714111328 118.74466705322266 119.99816131591797 120.90821075439453 122.26033782958984 124.86296081542969 127.32622528076172 130.7841796875 131.78883361816406
-9999.0 -9999.0 -9999.0 -9999.0 -9999.0 -9999.0 -9999.0 -9999.0 -9999.0 -9999.0 -9999.0 -9999.0 91.8750991821289 93.81703186035156 94.81031036376953 97.90729522705078 98.70174407958984 99.4932632446289 99.46049499511719 99.68986511230469 99.96226501464844 100.21633911132812 100.92201232910156 101.73716735839844 103.68859100341797 104.74545288085938 106.11833190917969 107.39160919189453 108.60611724853516 110.76712036132812 111.78629302978516 114.07469940185547 115.49810791015625 116.93649291992188 117.61145782470703 118.99819946289062 119.55169677734375 120.89937591552734 121.86468505859375 123.36189270019531 126.6902847290039 129.11936950683594 132.22779846191406 133.62953186035156
-9999.0 -9999.0 -9999.0 -9999.0 -9999.0 -9999.0 -9999.0 -9999.0 -9999.0 -9999.0 -9999.0 -9999.0 93.33332824707031 94.976806640625 96.2687759399414 98.4420394897461 98.7904052734375 99.61890411376953 99.96975708007812 100.19325256347656 100.53866577148438 100.89932250976562 101.91172790527344 102.54220581054688 103.94603729248047 104.7817153930664 106.11935424804688 107.44947052001953 108.71839904785156 110.7637710571289 111.91664123535156 115.19486999511719 116.81486511230469 117.85552978515625 118.43384552001953 119.79761505126953 120.3310317993164 121.6513671875 122.55859375 124.52547454833984 127.78060913085938 129.5433807373047 132.93270874023438 134.40464782714844
-9999.0 -9999.0 -9999.0 -9999.0 -9999.0 -9999.0 -9999.0 -9999.0 -9999.0 -9999.0 -9999.0 -9999.0 94.09522247314453 95.5975112915039 96.67530822753906 98.34844207763672 98.70394134521484 99.52195739746094 99.99742126464844 100.5137710571289 100.93663787841797 101.302001953125 102.36611938476562 102.76821899414062 103.85295104980469 104.38955688476562 105.84977722167969 107.38140869140625 108.49859619140625 110.33131408691406 111.52775573730469 115.91502380371094 117.36254119873047 118.54708862304688 119.20448303222656 120.61866760253906 121.21527862548828 122.47245025634766 123.45980072021484 125.3447036743164 128.1833038330078 129.7659912109375 133.22653198242188 134.51206970214844
-9999.0 -9999.0 -9999.0 -9999.0 -9999.0 -9999.0 -9999.0 -9999.0 -9999.0 88.43013000488281 92.1819839477539 93.25899505615234 94.55357360839844 95.99945068359375 96.7654037475586 98.32295989990234 98.70978546142578 99.5376205444336 100.00874328613281 100.50244140625 101.17156982421875 101.5458984375 102.4285888671875 102.85763549804688 103.76560974121094 104.20002746582031 105.58853149414062 107.16555786132812 108.4054946899414 110.2513656616211 111.444091796875 116.02679443359375 117.58705139160156 118.95963287353516 119.68992614746094 121.53412628173828 122.16539001464844 123.68211364746094 124.8328628540039 126.468994140625 128.54644775390625 130.08302307128906 133.60560607910156 134.75283813476562
-9999.0 -9999.0 -9999.0 -9999.0 -9999.0 -9999.0 -9999.0 -9999.0 -9999.0 89.204833984375 92.38827514648438 93.46464538574219 94.63956451416016 96.0589828491211 96.78067779541016 98.34072875976562 98.71137237548828 99.63033294677734 100.00187683105469 100.640625 101.28646087646484 101.6956558227539 102.53697967529297 102.90950775146484 103.70307922363281 104.21562957763672 105.49556732177734 107.08978271484375 108.30268096923828 110.26277160644531 111.58794403076172 115.86177825927734 117.59663391113281 119.27317810058594 120.30985260009766 122.18395233154297 123.01090240478516 124.87859344482422 126.17304992675781 127.80458068847656 129.84579467773438 131.01559448242188 134.233154296875 135.6123504638672
-9999.0 -9999.0 -9999.0 -9999.0 -9999.0 -9999.0 -9999.0 -9999.0 -9999.0 89.79283142089844 92.4793701171875 93.60271453857422 94.81915283203125 96.23123168945312 96.96469116210938 98.46780395507812 98.954345703125 99.75279998779297 100.22261047363281 100.75897979736328 101.4232406616211 101.80438232421875 102.6349105834961 102.99080657958984 103.84628295898438 104.25305938720703 105.49932861328125 107.09076690673828 108.20980834960938 110.6095962524414 112.07048797607422 116.05935668945312 117.78893280029297 119.75738525390625 120.70855712890625 122.80164337158203 123.84561920166016 125.96150207519531 127.42992401123047 129.1482391357422 131.10848999023438 132.30482482910156 134.63296508789062 135.86834716796875
-9999.0 -9999.0 -9999.0 -9999.0 -9999.0 -9999.0 82.60342407226562 85.29569244384766 88.70675659179688 90.22210693359375 92.6954345703125 93.77986907958984 94.98040771484375 96.38925170898438 97.19019317626953 98.7822036743164 99.05747985839844 99.9102554321289 100.37796783447266 100.96514892578125 101.5120849609375 101.9131851196289 102.72341918945312 103.06307220458984 103.87352752685547 104.36392211914062 105.53856658935547 107.06178283691406 108.1852035522461 110.67110443115234 112.23985290527344 116.33901977539062 118.08883666992188 120.37743377685547 121.21256256103516 123.34163665771484 124.47567749023438 126.86486053466797 128.3612060546875 130.11343383789062 132.23550415039062 133.41481018066406 135.86727905273438 136.6875457763672
-9999.0 -9999.0 -9999.0 -9999.0 -9999.0 -9999.0 83.39686584472656 85.88888549804688 88.98967742919922 90.33259582519531 92.85201263427734 93.91934967041016 95.13758087158203 96.6860122680664 97.47895050048828 99.0386734008789 99.40736389160156 100.09049224853516 100.5232925415039 101.05867767333984 101.6397705078125 102.01663970947266 102.78801727294922 103.10021209716797 103.9578857421875 104.35591125488281 105.55561065673828 106.90655517578125 108.09712219238281 110.38941192626953 111.92659759521484 116.4334945678711 118.31233215332031 121.08241271972656 122.01892852783203 124.0314712524414 125.05997467041016 127.5627670288086 129.126708984375 130.7574005126953 133.2786407470703 134.55081176757812 136.79644775390625 137.7419891357422
-9999.0 -9999.0 -9999.0 -9999.0 -9999.0 -9999.0 83.48160552978516 86.06327056884766 89.08844757080078 90.34776306152344 92.6488037109375 93.76036071777344 95.14494323730469 96.9352798461914 97.74485778808594 99.28448486328125 99.65480041503906 100.36014556884766 100.63153076171875 101.11565399169922 101.53006744384766 101.99103546142578 102.70726013183594 103.0462646484375 103.90899658203125 104.39745330810547 105.4847412109375 106.71864318847656 107.78583526611328 109.85208129882812 111.37216186523438 116.12844848632812 118.58619689941406 122.30060577392578 123.09837341308594 124.86355590820312 125.76278686523438 128.0073699951172 129.56285095214844 131.31005859375 134.066162109375 135.24220275878906 137.46507263183594 138.41029357910156
-9999.0 -9999.0 -9999.0 68.1251220703125 71.87989044189453 76.60469055175781 82.9932861328125 85.28034210205078 88.84209442138672 90.1444091796875 92.51666259765625 93.71944427490234 95.20515441894531 97.24447631835938 98.04759979248047 99.56813049316406 99.90902709960938 100.51207733154297 100.73428344726562 101.11871337890625 101.58783721923828 101.85662841796875 102.55255889892578 102.87723541259766 103.69007110595703 104.19264221191406 105.19102478027344 106.2793960571289 107.16252136230469 109.36217498779297 110.65132904052734 115.55052185058594 118.78047180175781 123.29117584228516 124.04925537109375 125.62327575683594 126.2904052734375 128.0008087158203 129.57643127441406 131.69239807128906 134.56533813476562 135.60491943359375 137.84413146972656 138.98968505859375
-9999.0 -9999.0 -9999.0 67.3788833618164 71.09207153320312 75.02947998046875 82.00634765625 84.43295288085938 88.7384033203125 90.20048522949219 92.83773040771484 94.1819839477539 95.55204010009766 97.44666290283203 98.19247436523438 99.64429473876953 99.99393463134766 100.5101318359375 100.69336700439453 101.00572967529297 101.5048828125 101.73245239257812 102.33555603027344 102.61827087402344 103.3992919921875 103.79903411865234 104.4140625 105.42240142822266 105.94646453857422 108.8465805053711 110.23308563232422 115.0261001586914 118.6012191772461 123.43344116210938 124.22588348388672 126.46893310546875 127.1745376586914 128.41253662109375 129.72157287597656 132.00436401367188 135.00927734375 135.8881072998047 137.99464416503906 139.10487365722656
-9999.0 -9999.0 -9999.0 66.02237701416016 69.21761322021484 73.72789001464844 80.94192504882812 84.31724548339844 89.38259887695312 90.60437774658203 93.02195739746094 94.37783813476562 95.7086181640625 97.51871490478516 98.30155181884766 99.70773315429688 99.86318969726562 100.2132568359375 100.37250518798828 100.77860260009766 101.20023345947266 101.43099212646484 102.02384948730469 102.36203002929688 102.88993835449219 103.1686019897461 103.59235382080078 104.0008544921875 104.15593719482422 107.93250274658203 109.82896423339844 114.23633575439453 117.3379898071289 123.02425384521484 123.94338989257812 127.19482421875 128.55734252929688 129.82106018066406 130.61785888671875 132.39402770996094 134.74734497070312 135.7047882080078 138.10415649414062 139.0796661376953
