Big_Beef/DataInputs30m/o_10_ChemistryPools/SOLUS_HumusN/layer3_humusN_gm2_BigBeef_reduced.asc
ncols        345
nrows        426
xllcorner    508562.338426187926
yllcorner    5265656.272683421150
cellsize     30.000000000000
NODATA_value -9999
[rows 108 to 134 of 426, columns 244 to 304 of 345]
141.107193 141.107193 145.404251 145.404251 145.404251 149.038895 149.038895 44.711670 44.711670 60.214401 200.714661 80.285865 198.599503 198.599503 198.599503 186.468536 186.468536 186.468536 186.468536 181.740479 181.740479 54.522146 69.443415 69.443415 173.608536 48.512894 161.709641 161.709641 161.709641 155.798157 155.798157 46.739449 158.126587 47.437978 158.126587 117.256340 117.256340 117.256340 117.256340 171.726364 51.517911 171.726364 115.468590 115.468590 115.468590 163.298859 48.989660 48.989660 150.359726 150.359726 150.359726 150.359726 31.805007 106.016685 106.016685 109.534248 109.534248 109.534248 120.966606 120.966606 120.966606
140.664062 140.664062 152.616898 152.616898 152.616898 223.161377 66.948416 66.948416 223.161377 147.183029 147.183029 147.183029 139.134125 139.134125 139.134125 127.274811 127.274811 127.274811 127.274811 121.590324 121.590324 121.590324 46.769727 116.924316 116.924316 91.724562 229.311401 91.724562 229.311401 113.063263 113.063263 113.063263 145.143707 58.057484 145.143707 113.642876 113.642876 113.642876 113.642876 23.113367 23.113367 23.113367 111.280586 111.280586 111.280586 103.706062 103.706062 31.111820 154.958817 154.958817 154.958817 154.958817 32.064866 106.882881 106.882881 111.116539 111.116539 111.116539 272.512543 272.512543 272.512543
140.664062 140.664062 152.616898 152.616898 152.616898 223.161377 66.948416 66.948416 223.161377 147.183029 147.183029 147.183029 139.134125 139.134125 139.134125 50.909925 127.274811 127.274811 127.274811 121.590324 121.590324 121.590324 46.769727 116.924316 116.924316 229.311401 229.311401 229.311401 91.724562 113.063263 113.063263 33.918980 43.543114 43.543114 58.057484 113.642876 113.642876 113.642876 113.642876 115.566833 115.566833 115.566833 111.280586 111.280586 111.280586 103.706062 103.706062 103.706062 154.958817 61.983528 154.958817 154.958817 32.064866 106.882881 106.882881 111.116539 111.116539 111.116539 272.512543 272.512543 272.512543
140.664062 140.664062 152.616898 152.616898 152.616898 223.161377 223.161377 223.161377 223.161377 147.183029 147.183029 147.183029 139.134125 139.134125 27.826825 50.909925 127.274811 127.274811 127.274811 121.590324 36.477099 121.590324 46.769727 116.924316 116.924316 91.724562 229.311401 229.311401 229.311401 113.063263 113.063263 113.063263 43.543114 145.143707 145.143707 113.642876 113.642876 113.642876 113.642876 115.566833 115.566833 115.566833 111.280586 111.280586 111.280586 103.706062 103.706062 103.706062 154.958817 154.958817 154.958817 154.958817 32.064866 106.882881 106.882881 111.116539 111.116539 111.116539 272.512543 272.512543 272.512543
137.342606 137.342606 152.718857 152.718857 152.718857 144.198212 144.198212 144.198212 144.198212 76.363905 190.909760 190.909760 127.535400 127.535400 127.535400 125.130371 125.130371 125.130371 125.130371 116.884285 116.884285 116.884285 46.923966 117.309914 117.309914 119.619659 119.619659 119.619659 119.619659 109.607056 109.607056 109.607056 106.782936 106.782936 106.782936 110.658928 110.658928 110.658928 110.658928 109.669106 109.669106 109.669106 111.243080 111.243080 111.243080 118.768074 118.768074 118.768074 117.560402 117.560402 117.560402 117.560402 154.351761 46.305530 154.351761 119.735130 119.735130 119.735130 118.729362 118.729362 118.729362
137.342606 137.342606 152.718857 152.718857 152.718857 57.679286 144.198212 144.198212 144.198212 76.363905 76.363905 76.363905 127.535400 127.535400 127.535400 125.130371 125.130371 125.130371 125.130371 116.884285 116.884285 116.884285 46.923966 117.309914 117.309914 119.619659 119.619659 119.619659 119.619659 109.607056 109.607056 109.607056 106.782936 106.782936 106.782936 110.658928 110.658928 110.658928 110.658928 109.669106 109.669106 109.669106 111.243080 111.243080 111.243080 118.768074 118.768074 118.768074 117.560402 117.560402 117.560402 117.560402 154.351761 46.305530 154.351761 119.735130 119.735130 119.735130 118.729362 118.729362 118.729362
137.342606 137.342606 152.718857 152.718857 152.718857 43.259465 43.259465 43.259465 144.198212 57.272930 76.363905 76.363905 127.535400 127.535400 127.535400 125.130371 125.130371 125.130371 125.130371 116.884285 116.884285 116.884285 46.923966 46.923966 117.309914 119.619659 119.619659 119.619659 119.619659 109.607056 109.607056 109.607056 106.782936 106.782936 106.782936 110.658928 110.658928 110.658928 110.658928 109.669106 109.669106 109.669106 111.243080 111.243080 111.243080 118.768074 118.768074 118.768074 117.560402 117.560402 117.560402 117.560402 154.351761 46.305530 154.351761 119.735130 119.735130 119.735130 118.729362 118.729362 118.729362
147.360214 147.360214 157.591660 63.036665 63.036665 42.942066 42.942066 57.256086 42.942066 145.618286 43.685488 58.247315 129.674820 129.674820 129.674820 177.640533 177.640533 177.640533 177.640533 180.202011 180.202011 180.202011 177.291000 177.291000 70.916401 121.732079 121.732079 121.732079 121.732079 103.926277 103.926277 103.926277 104.742500 104.742500 104.742500 103.843208 103.843208 103.843208 103.843208 109.867409 109.867409 109.867409 110.318474 110.318474 110.318474 114.591553 114.591553 114.591553 118.153961 118.153961 118.153961 118.153961 115.979279 115.979279 46.391712 112.360558 112.360558 112.360558 113.850471 113.850471 113.850471
147.360214 147.360214 47.277500 157.591660 47.277500 42.942066 143.140213 57.256086 42.942066 145.618286 58.247315 145.618286 129.674820 129.674820 129.674820 177.640533 71.056214 71.056214 71.056214 72.080806 72.080806 72.080806 177.291000 70.916401 70.916401 121.732079 121.732079 121.732079 121.732079 103.926277 103.926277 103.926277 104.742500 104.742500 104.742500 103.843208 103.843208 103.843208 103.843208 109.867409 109.867409 109.867409 110.318474 110.318474 110.318474 114.591553 114.591553 114.591553 118.153961 118.153961 118.153961 118.153961 115.979279 115.979279 34.793785 112.360558 112.360558 112.360558 113.850471 113.850471 113.850471
147.360214 147.360214 157.591660 157.591660 157.591660 42.942066 143.140213 143.140213 143.140213 145.618286 145.618286 145.618286 129.674820 51.869929 51.869929 71.056214 71.056214 177.640533 177.640533 72.080806 180.202011 72.080806 70.916401 70.916401 177.291000 121.732079 121.732079 121.732079 121.732079 103.926277 103.926277 103.926277 104.742500 104.742500 104.742500 103.843208 103.843208 103.843208 103.843208 109.867409 109.867409 109.867409 110.318474 110.318474 110.318474 114.591553 114.591553 114.591553 118.153961 118.153961 118.153961 118.153961 115.979279 115.979279 34.793785 112.360558 112.360558 112.360558 113.850471 113.850471 113.850471
147.360214 147.360214 157.591660 157.591660 47.277500 42.942066 42.942066 57.256086 143.140213 145.618286 43.685488 145.618286 129.674820 51.869929 129.674820 177.640533 177.640533 177.640533 177.640533 180.202011 180.202011 180.202011 70.916401 70.916401 177.291000 121.732079 121.732079 121.732079 121.732079 103.926277 103.926277 103.926277 104.742500 104.742500 104.742500 103.843208 103.843208 103.843208 103.843208 109.867409 109.867409 109.867409 110.318474 110.318474 110.318474 114.591553 114.591553 114.591553 118.153961 118.153961 118.153961 118.153961 115.979279 115.979279 34.793785 33.708169 112.360558 112.360558 113.850471 113.850471 113.850471
138.474136 138.474136 142.651596 142.651596 142.651596 39.400719 39.400719 39.400719 39.400719 42.237924 42.237924 42.237924 39.351830 131.172760 131.172760 277.231323 277.231323 277.231323 277.231323 134.366226 134.366226 134.366226 52.677912 52.677912 131.694778 124.708885 124.708885 124.708885 124.708885 117.618477 117.618477 117.618477 113.134926 113.134926 113.134926 111.165199 111.165199 111.165199 111.165199 121.473297 121.473297 121.473297 107.979919 107.979919 107.979919 111.470619 111.470619 111.470619 114.645691 114.645691 114.645691 114.645691 112.468811 112.468811 112.468811 83.985896 209.964737 209.964737 109.101128 109.101128 109.101128
138.474136 138.474136 142.651596 142.651596 42.795481 131.335724 131.335724 131.335724 131.335724 140.793076 140.793076 42.237924 131.172760 131.172760 131.172760 277.231323 277.231323 277.231323 277.231323 134.366226 134.366226 53.746491 52.677912 131.694778 131.694778 124.708885 124.708885 124.708885 124.708885 117.618477 117.618477 117.618477 113.134926 113.134926 113.134926 111.165199 111.165199 111.165199 111.165199 121.473297 121.473297 121.473297 107.979919 107.979919 107.979919 111.470619 111.470619 111.470619 114.645691 114.645691 114.645691 114.645691 112.468811 112.468811 112.468811 83.985896 209.964737 209.964737 109.101128 109.101128 109.101128
138.474136 138.474136 142.651596 142.651596 42.795481 131.335724 131.335724 131.335724 131.335724 140.793076 28.158616 140.793076 131.172760 131.172760 131.172760 277.231323 277.231323 277.231323 277.231323 134.366226 134.366226 53.746491 131.694778 131.694778 131.694778 124.708885 124.708885 124.708885 124.708885 117.618477 117.618477 117.618477 113.134926 113.134926 113.134926 111.165199 111.165199 111.165199 111.165199 121.473297 121.473297 121.473297 107.979919 107.979919 107.979919 111.470619 111.470619 111.470619 114.645691 114.645691 114.645691 114.645691 112.468811 112.468811 112.468811 83.985896 209.964737 209.964737 109.101128 109.101128 109.101128
151.418304 151.418304 138.903275 138.903275 138.903275 131.617523 131.617523 131.617523 26.323505 134.794235 134.794235 134.794235 142.161880 142.161880 142.161880 159.680222 159.680222 159.680222 159.680222 122.976494 49.190598 122.976494 122.942139 122.942139 122.942139 124.098549 124.098549 124.098549 124.098549 117.189064 117.189064 117.189064 118.228264 118.228264 118.228264 112.732933 112.732933 112.732933 112.732933 115.406250 115.406250 115.406250 112.372124 112.372124 112.372124 109.732674 109.732674 109.732674 122.103355 122.103355 122.103355 122.103355 109.062996 109.062996 109.062996 154.657471 61.862989 154.657471 114.044922 114.044922 114.044922
151.418304 151.418304 138.903275 138.903275 138.903275 131.617523 131.617523 131.617523 131.617523 134.794235 134.794235 134.794235 142.161880 142.161880 142.161880 159.680222 159.680222 159.680222 159.680222 122.976494 49.190598 122.976494 122.942139 122.942139 122.942139 124.098549 124.098549 124.098549 124.098549 117.189064 117.189064 117.189064 118.228264 118.228264 118.228264 112.732933 112.732933 112.732933 112.732933 115.406250 115.406250 115.406250 112.372124 112.372124 112.372124 109.732674 109.732674 109.732674 122.103355 122.103355 122.103355 122.103355 109.062996 109.062996 109.062996 154.657471 61.862989 154.657471 114.044922 114.044922 114.044922
151.418304 151.418304 138.903275 138.903275 138.903275 131.617523 131.617523 131.617523 131.617523 134.794235 134.794235 134.794235 142.161880 142.161880 142.161880 159.680222 159.680222 159.680222 159.680222 49.190598 49.190598 122.976494 122.942139 122.942139 122.942139 124.098549 124.098549 124.098549 124.098549 117.189064 117.189064 117.189064 118.228264 118.228264 118.228264 112.732933 112.732933 112.732933 112.732933 115.406250 115.406250 115.406250 112.372124 112.372124 112.372124 109.732674 109.732674 109.732674 122.103355 122.103355 122.103355 122.103355 109.062996 109.062996 109.062996 154.657471 61.862989 154.657471 114.044922 114.044922 114.044922
155.417923 155.417923 153.536835 153.536835 153.536835 147.577652 147.577652 147.577652 147.577652 134.941635 134.941635 134.941635 131.506668 131.506668 131.506668 121.998444 121.998444 121.998444 121.998444 63.610676 159.026688 159.026688 110.414040 110.414040 110.414040 113.184563 113.184563 113.184563 113.184563 114.976860 114.976860 114.976860 111.344124 111.344124 111.344124 101.126976 101.126976 101.126976 101.126976 110.692413 110.692413 110.692413 111.528900 111.528900 111.528900 119.289650 119.289650 119.289650 119.792061 119.792061 119.792061 119.792061 118.390953 118.390953 118.390953 102.706573 41.082630 41.082630 111.798729 111.798729 111.798729
155.417923 155.417923 153.536835 153.536835 153.536835 147.577652 147.577652 147.577652 147.577652 134.941635 134.941635 134.941635 131.506668 131.506668 131.506668 121.998444 121.998444 121.998444 121.998444 63.610676 63.610676 159.026688 110.414040 110.414040 110.414040 113.184563 113.184563 113.184563 113.184563 114.976860 114.976860 114.976860 111.344124 111.344124 111.344124 101.126976 101.126976 101.126976 101.126976 110.692413 110.692413 110.692413 111.528900 111.528900 111.528900 119.289650 119.289650 119.289650 119.792061 119.792061 119.792061 119.792061 118.390953 118.390953 118.390953 102.706573 102.706573 41.082630 111.798729 111.798729 111.798729
155.417923 155.417923 153.536835 153.536835 153.536835 147.577652 147.577652 147.577652 147.577652 134.941635 134.941635 134.941635 131.506668 131.506668 131.506668 121.998444 121.998444 121.998444 48.799378 63.610676 159.026688 159.026688 110.414040 110.414040 110.414040 113.184563 113.184563 113.184563 113.184563 114.976860 114.976860 114.976860 111.344124 111.344124 111.344124 101.126976 101.126976 101.126976 101.126976 110.692413 110.692413 110.692413 111.528900 111.528900 111.528900 119.289650 119.289650 119.289650 119.792061 119.792061 119.792061 119.792061 118.390953 118.390953 118.390953 41.082630 41.082630 41.082630 111.798729 111.798729 111.798729
155.417923 155.417923 153.536835 153.536835 153.536835 147.577652 147.577652 147.577652 147.577652 134.941635 134.941635 134.941635 131.506668 52.602668 131.506668 121.998444 121.998444 48.799378 48.799378 63.610676 159.026688 159.026688 110.414040 110.414040 44.165617 113.184563 113.184563 113.184563 113.184563 114.976860 114.976860 114.976860 111.344124 111.344124 111.344124 101.126976 101.126976 101.126976 101.126976 110.692413 110.692413 110.692413 111.528900 111.528900 111.528900 119.289650 119.289650 119.289650 119.792061 119.792061 119.792061 119.792061 118.390953 118.390953 118.390953 102.706573 102.706573 41.082630 44.719492 111.798729 111.798729
151.078842 151.078842 151.606522 151.606522 151.606522 148.015640 148.015640 148.015640 148.015640 193.223526 193.223526 77.289412 72.052540 72.052540 180.131348 66.421437 66.421437 66.421437 66.421437 170.665649 170.665649 170.665649 162.992310 162.992310 162.992310 109.598572 109.598572 109.598572 109.598572 114.308441 114.308441 114.308441 107.949303 107.949303 107.949303 101.835663 101.835663 101.835663 101.835663 105.533165 105.533165 105.533165 107.976448 107.976448 107.976448 118.217506 118.217506 118.217506 112.694313 112.694313 112.694313 112.694313 110.449585 110.449585 110.449585 109.272758 32.781829 109.272758 161.970032 48.591011 161.970032
151.078842 151.078842 151.606522 151.606522 151.606522 148.015640 148.015640 148.015640 148.015640 77.289412 77.289412 77.289412 180.131348 72.052540 72.052540 166.053589 66.421437 166.053589 166.053589 68.266261 68.266261 170.665649 162.992310 65.196925 162.992310 109.598572 109.598572 109.598572 109.598572 114.308441 114.308441 114.308441 107.949303 107.949303 107.949303 101.835663 101.835663 101.835663 101.835663 105.533165 105.533165 105.533165 107.976448 107.976448 107.976448 118.217506 118.217506 118.217506 112.694313 112.694313 112.694313 112.694313 110.449585 110.449585 110.449585 109.272758 109.272758 109.272758 161.970032 48.591011 161.970032
151.078842 151.078842 151.606522 151.606522 151.606522 148.015640 148.015640 148.015640 59.206257 77.289412 77.289412 77.289412 180.131348 180.131348 72.052540 166.053589 66.421437 166.053589 166.053589 170.665649 68.266261 68.266261 65.196925 162.992310 162.992310 109.598572 109.598572 109.598572 109.598572 114.308441 114.308441 114.308441 107.949303 107.949303 107.949303 101.835663 101.835663 101.835663 101.835663 105.533165 105.533165 105.533165 107.976448 107.976448 107.976448 118.217506 118.217506 118.217506 112.694313 112.694313 112.694313 112.694313 110.449585 110.449585 44.179835 109.272758 109.272758 109.272758 161.970032 48.591011 161.970032
149.653748 149.653748 144.195663 144.195663 144.195663 205.593292 82.237318 82.237318 205.593292 136.260422 136.260422 136.260422 197.838104 197.838104 197.838104 49.860850 49.860850 124.652122 49.860850 126.004761 126.004761 37.801430 64.972535 162.431335 162.431335 115.878120 115.878120 115.878120 115.878120 119.823700 119.823700 119.823700 111.278633 111.278633 111.278633 104.893822 104.893822 104.893822 104.893822 108.455078 108.455078 108.455078 119.082573 119.082573 119.082573 106.710808 106.710808 106.710808 111.343132 111.343132 111.343132 111.343132 106.887596 106.887596 106.887596 150.142471 150.142471 150.142471 175.392288 175.392288 52.617689
149.653748 149.653748 144.195663 144.195663 144.195663 205.593292 82.237318 205.593292 205.593292 136.260422 136.260422 136.260422 197.838104 79.135243 197.838104 49.860850 124.652122 124.652122 124.652122 126.004761 126.004761 50.401905 162.431335 64.972535 162.431335 34.763438 115.878120 115.878120 115.878120 119.823700 119.823700 119.823700 111.278633 111.278633 111.278633 104.893822 104.893822 104.893822 104.893822 108.455078 108.455078 108.455078 119.082573 119.082573 119.082573 106.710808 106.710808 106.710808 111.343132 111.343132 111.343132 111.343132 106.887596 106.887596 106.887596 150.142471 150.142471 150.142471 175.392288 52.617689 52.617689
149.653748 149.653748 144.195663 144.195663 144.195663 205.593292 82.237318 82.237318 205.593292 136.260422 136.260422 136.260422 197.838104 197.838104 197.838104 124.652122 49.860850 49.860850 124.652122 126.004761 126.004761 50.401905 64.972535 162.431335 162.431335 115.878120 115.878120 115.878120 115.878120 119.823700 119.823700 119.823700 111.278633 111.278633 111.278633 104.893822 104.893822 104.893822 104.893822 108.455078 108.455078 108.455078 119.082573 119.082573 119.082573 106.710808 106.710808 106.710808 111.343132 111.343132 111.343132 111.343132 106.887596 42.755039 106.887596 150.142471 150.142471 150.142471 175.392288 175.392288 52.617689
