Big_Beef/DataInputs30m/o_10_ChemistryPools/SOLUS_HumusN/layer2_humusN_gm2_BigBeef_reduced.asc
ncols        345
nrows        426
xllcorner    508562.338426187926
yllcorner    5265656.272683421150
cellsize     30.000000000000
NODATA_value -9999
[rows 351 to 377 of 426, columns 60 to 119 of 345]
497.765839 497.765839 497.765839 497.765839 133.690811 133.690811 133.690811 42.447059 42.447059 106.117645 111.441315 111.441315 111.441315 111.441315 115.560333 115.560333 115.560333 115.132271 115.132271 115.132271 112.318901 112.318901 112.318901 62.919569 157.298920 157.298920 157.298920 110.213142 110.213142 110.213142 106.952415 106.952415 106.952415 113.658958 113.658958 113.658958 45.463584 0.000000 0.000000 0.000000 0.000000 0.000000 0.000000 0.000000 0.000000 0.000000 0.000000 0.000000 0.000000 0.000000 0.000000 0.000000 0.000000 0.000000 0.000000 0.000000 0.000000 0.000000 0.000000 0.000000
497.765839 497.765839 497.765839 497.765839 133.690811 133.690811 133.690811 42.447059 106.117645 106.117645 111.441315 111.441315 111.441315 111.441315 115.560333 115.560333 115.560333 115.132271 115.132271 115.132271 112.318901 112.318901 112.318901 157.298920 47.189678 62.919569 157.298920 33.063944 110.213142 110.213142 106.952415 106.952415 106.952415 113.658958 113.658958 113.658958 113.658958 0.000000 0.000000 0.000000 0.000000 0.000000 0.000000 0.000000 0.000000 0.000000 0.000000 0.000000 0.000000 0.000000 0.000000 0.000000 0.000000 0.000000 0.000000 0.000000 0.000000 0.000000 0.000000 0.000000
497.765839 497.765839 497.765839 497.765839 40.107245 133.690811 53.476325 42.447059 106.117645 106.117645 111.441315 111.441315 111.441315 111.441315 115.560333 115.560333 115.560333 115.132271 115.132271 115.132271 112.318901 112.318901 112.318901 157.298920 157.298920 157.298920 157.298920 110.213142 110.213142 110.213142 106.952415 106.952415 106.952415 113.658958 113.658958 113.658958 113.658958 0.000000 0.000000 0.000000 0.000000 0.000000 0.000000 0.000000 0.000000 0.000000 0.000000 0.000000 0.000000 0.000000 0.000000 0.000000 0.000000 0.000000 0.000000 0.000000 0.000000 0.000000 0.000000 0.000000
188.827637 188.827637 188.827637 188.827637 123.898460 123.898460 123.898460 61.205543 61.205543 153.013855 107.992973 107.992973 107.992973 107.992973 120.294319 120.294319 120.294319 112.425110 112.425110 112.425110 108.661774 108.661774 108.661774 110.116455 33.034938 110.116455 110.116455 112.980751 112.980751 112.980751 104.955467 104.955467 104.955467 151.454041 151.454041 151.454041 151.454041 0.000000 0.000000 0.000000 0.000000 0.000000 0.000000 0.000000 0.000000 0.000000 0.000000 0.000000 0.000000 0.000000 0.000000 0.000000 0.000000 0.000000 0.000000 0.000000 0.000000 0.000000 0.000000 0.000000
188.827637 188.827637 188.827637 188.827637 123.898460 37.169540 37.169540 61.205543 61.205543 153.013855 107.992973 107.992973 107.992973 107.992973 120.294319 120.294319 120.294319 112.425110 112.425110 112.425110 108.661774 108.661774 108.661774 110.116455 110.116455 110.116455 110.116455 112.980751 112.980751 112.980751 104.955467 104.955467 104.955467 151.454041 151.454041 151.454041 151.454041 0.000000 0.000000 0.000000 0.000000 0.000000 0.000000 0.000000 0.000000 0.000000 0.000000 0.000000 0.000000 0.000000 0.000000 0.000000 0.000000 0.000000 0.000000 0.000000 0.000000 0.000000 0.000000 0.000000
188.827637 188.827637 188.827637 56.648293 37.169540 123.898460 49.559385 153.013855 153.013855 153.013855 107.992973 107.992973 107.992973 107.992973 120.294319 120.294319 120.294319 112.425110 112.425110 112.425110 108.661774 108.661774 108.661774 110.116455 110.116455 110.116455 110.116455 112.980751 112.980751 112.980751 104.955467 104.955467 104.955467 151.454041 151.454041 151.454041 151.454041 0.000000 0.000000 0.000000 0.000000 0.000000 0.000000 0.000000 0.000000 0.000000 0.000000 0.000000 0.000000 0.000000 0.000000 0.000000 0.000000 0.000000 0.000000 0.000000 0.000000 0.000000 0.000000 0.000000
183.750305 183.750305 183.750305 183.750305 119.234184 119.234184 47.693674 162.547974 162.547974 162.547974 111.029877 111.029877 111.029877 111.029877 122.495087 122.495087 122.495087 109.775475 109.775475 109.775475 102.568230 102.568230 102.568230 107.202393 107.202393 107.202393 107.202393 147.625122 59.050050 147.625122 105.287956 105.287956 105.287956 112.132690 112.132690 112.132690 112.132690 0.000000 0.000000 0.000000 0.000000 0.000000 0.000000 0.000000 0.000000 0.000000 0.000000 0.000000 0.000000 0.000000 0.000000 0.000000 0.000000 0.000000 0.000000 0.000000 0.000000 0.000000 0.000000 0.000000
183.750305 183.750305 183.750305 183.750305 119.234184 47.693674 119.234184 65.019190 48.764394 162.547974 111.029877 111.029877 111.029877 111.029877 122.495087 122.495087 122.495087 109.775475 109.775475 109.775475 102.568230 102.568230 102.568230 107.202393 107.202393 107.202393 107.202393 147.625122 147.625122 147.625122 105.287956 105.287956 105.287956 112.132690 112.132690 112.132690 112.132690 0.000000 0.000000 0.000000 0.000000 0.000000 0.000000 0.000000 0.000000 0.000000 0.000000 0.000000 0.000000 0.000000 0.000000 0.000000 0.000000 0.000000 0.000000 0.000000 0.000000 0.000000 0.000000 0.000000
183.750305 183.750305 183.750305 183.750305 119.234184 35.770257 47.693674 162.547974 48.764394 162.547974 111.029877 111.029877 111.029877 111.029877 122.495087 122.495087 122.495087 109.775475 109.775475 109.775475 102.568230 102.568230 102.568230 107.202393 107.202393 107.202393 107.202393 147.625122 147.625122 147.625122 105.287956 105.287956 105.287956 112.132690 112.132690 44.853077 112.132690 0.000000 0.000000 0.000000 0.000000 0.000000 0.000000 0.000000 0.000000 0.000000 0.000000 0.000000 0.000000 0.000000 0.000000 0.000000 0.000000 0.000000 0.000000 0.000000 0.000000 0.000000 0.000000 0.000000
183.750305 183.750305 183.750305 183.750305 47.693674 47.693674 47.693674 162.547974 162.547974 162.547974 111.029877 111.029877 111.029877 111.029877 122.495087 122.495087 122.495087 109.775475 109.775475 109.775475 102.568230 102.568230 102.568230 107.202393 107.202393 107.202393 42.880958 147.625122 147.625122 147.625122 105.287956 105.287956 105.287956 112.132690 112.132690 112.132690 112.132690 0.000000 0.000000 0.000000 0.000000 0.000000 0.000000 0.000000 0.000000 0.000000 0.000000 0.000000 0.000000 0.000000 0.000000 0.000000 0.000000 0.000000 0.000000 0.000000 0.000000 0.000000 0.000000 0.000000
181.715347 181.715347 181.715347 72.686140 48.915751 122.289375 122.289375 44.727247 111.818115 111.818115 115.903831 115.903831 115.903831 115.903831 119.352226 119.352226 119.352226 111.048729 111.048729 111.048729 148.895477 148.895477 148.895477 105.073997 105.073997 31.522201 105.073997 31.253823 31.253823 104.179405 109.690010 109.690010 109.690010 111.617958 111.617958 111.617958 111.617958 0.000000 0.000000 0.000000 0.000000 0.000000 0.000000 0.000000 0.000000 0.000000 0.000000 0.000000 0.000000 0.000000 0.000000 0.000000 0.000000 0.000000 0.000000 0.000000 0.000000 0.000000 0.000000 0.000000
54.514606 54.514606 54.514606 72.686140 122.289375 122.289375 122.289375 111.818115 111.818115 111.818115 115.903831 115.903831 115.903831 115.903831 119.352226 119.352226 119.352226 111.048729 111.048729 111.048729 148.895477 148.895477 148.895477 105.073997 105.073997 105.073997 105.073997 104.179405 104.179405 104.179405 109.690010 109.690010 109.690010 111.617958 111.617958 111.617958 111.617958 0.000000 0.000000 0.000000 0.000000 0.000000 0.000000 0.000000 0.000000 0.000000 0.000000 0.000000 0.000000 0.000000 0.000000 0.000000 0.000000 0.000000 0.000000 0.000000 0.000000 0.000000 0.000000 0.000000
54.514606 54.514606 72.686140 72.686140 122.289375 122.289375 122.289375 111.818115 33.545436 111.818115 115.903831 115.903831 115.903831 115.903831 119.352226 119.352226 119.352226 111.048729 111.048729 111.048729 148.895477 148.895477 148.895477 105.073997 105.073997 105.073997 105.073997 104.179405 104.179405 104.179405 109.690010 109.690010 109.690010 111.617958 111.617958 111.617958 111.617958 0.000000 0.000000 0.000000 0.000000 0.000000 0.000000 0.000000 0.000000 0.000000 0.000000 0.000000 0.000000 0.000000 0.000000 0.000000 0.000000 0.000000 0.000000 0.000000 0.000000 0.000000 0.000000 0.000000
272.445648 108.978261 108.978261 272.445648 124.644783 124.644783 124.644783 119.861656 119.861656 119.861656 120.689125 120.689125 120.689125 120.689125 109.832031 109.832031 109.832031 105.781227 105.781227 105.781227 109.775146 109.775146 109.775146 106.706306 106.706306 106.706306 106.706306 109.195038 109.195038 109.195038 109.308937 109.308937 109.308937 107.944130 107.944130 107.944130 107.944130 0.000000 0.000000 0.000000 0.000000 0.000000 0.000000 0.000000 0.000000 0.000000 0.000000 0.000000 0.000000 0.000000 0.000000 0.000000 0.000000 0.000000 0.000000 0.000000 0.000000 0.000000 0.000000 0.000000
272.445648 108.978261 108.978261 108.978261 124.644783 124.644783 49.857914 119.861656 119.861656 119.861656 120.689125 120.689125 120.689125 120.689125 109.832031 109.832031 109.832031 105.781227 105.781227 105.781227 109.775146 109.775146 109.775146 106.706306 106.706306 106.706306 106.706306 109.195038 109.195038 109.195038 109.308937 109.308937 109.308937 107.944130 107.944130 107.944130 107.944130 0.000000 0.000000 0.000000 0.000000 0.000000 0.000000 0.000000 0.000000 0.000000 0.000000 0.000000 0.000000 0.000000 0.000000 0.000000 0.000000 0.000000 0.000000 0.000000 0.000000 0.000000 0.000000 0.000000
272.445648 108.978261 272.445648 272.445648 124.644783 124.644783 124.644783 119.861656 119.861656 119.861656 120.689125 120.689125 120.689125 120.689125 109.832031 109.832031 109.832031 105.781227 105.781227 105.781227 109.775146 109.775146 109.775146 106.706306 106.706306 106.706306 106.706306 109.195038 109.195038 109.195038 109.308937 109.308937 109.308937 107.944130 107.944130 107.944130 0.000000 0.000000 0.000000 0.000000 0.000000 0.000000 0.000000 0.000000 0.000000 0.000000 0.000000 0.000000 0.000000 0.000000 0.000000 0.000000 0.000000 0.000000 0.000000 0.000000 0.000000 0.000000 0.000000 0.000000
372.722748 149.089101 372.722748 372.722748 193.875244 193.875244 193.875244 51.776179 129.440445 129.440445 120.340302 120.340302 120.340302 120.340302 119.040825 119.040825 119.040825 108.281242 108.281242 108.281242 114.565697 114.565697 114.565697 113.116966 113.116966 113.116966 113.116966 110.284279 110.284279 110.284279 113.358276 113.358276 113.358276 0.000000 0.000000 0.000000 0.000000 0.000000 0.000000 0.000000 0.000000 0.000000 0.000000 0.000000 0.000000 0.000000 0.000000 0.000000 0.000000 0.000000 0.000000 0.000000 0.000000 0.000000 0.000000 0.000000 0.000000 0.000000 0.000000 0.000000
372.722748 149.089101 372.722748 372.722748 193.875244 193.875244 193.875244 129.440445 129.440445 129.440445 120.340302 120.340302 120.340302 120.340302 119.040825 119.040825 119.040825 108.281242 108.281242 108.281242 114.565697 114.565697 114.565697 113.116966 113.116966 113.116966 113.116966 110.284279 110.284279 110.284279 113.358276 113.358276 113.358276 0.000000 0.000000 0.000000 0.000000 0.000000 0.000000 0.000000 0.000000 0.000000 0.000000 0.000000 0.000000 0.000000 0.000000 0.000000 0.000000 0.000000 0.000000 0.000000 0.000000 0.000000 0.000000 0.000000 0.000000 0.000000 0.000000 0.000000
372.722748 372.722748 149.089101 111.816829 193.875244 193.875244 193.875244 38.832135 129.440445 129.440445 120.340302 120.340302 120.340302 120.340302 119.040825 119.040825 119.040825 108.281242 108.281242 108.281242 114.565697 114.565697 114.565697 113.116966 113.116966 113.116966 113.116966 110.284279 110.284279 110.284279 113.358276 113.358276 113.358276 0.000000 0.000000 0.000000 0.000000 0.000000 0.000000 0.000000 0.000000 0.000000 0.000000 0.000000 0.000000 0.000000 0.000000 0.000000 0.000000 0.000000 0.000000 0.000000 0.000000 0.000000 0.000000 0.000000 0.000000 0.000000 0.000000 0.000000
372.722748 111.816829 149.089101 372.722748 193.875244 193.875244 193.875244 129.440445 129.440445 129.440445 120.340302 120.340302 120.340302 120.340302 119.040825 119.040825 119.040825 108.281242 108.281242 108.281242 114.565697 114.565697 114.565697 113.116966 113.116966 113.116966 113.116966 110.284279 110.284279 110.284279 113.358276 113.358276 113.358276 0.000000 0.000000 0.000000 0.000000 0.000000 0.000000 0.000000 0.000000 0.000000 0.000000 0.000000 0.000000 0.000000 0.000000 0.000000 0.000000 0.000000 0.000000 0.000000 0.000000 0.000000 0.000000 0.000000 0.000000 0.000000 0.000000 0.000000
373.559509 112.067857 149.423806 373.559509 171.154495 171.154495 171.154495 124.808105 124.808105 124.808105 122.163216 122.163216 122.163216 122.163216 118.241508 118.241508 118.241508 105.742981 105.742981 105.742981 151.358032 151.358032 151.358032 0.000000 0.000000 0.000000 0.000000 0.000000 0.000000 0.000000 0.000000 0.000000 0.000000 0.000000 0.000000 0.000000 0.000000 0.000000 0.000000 0.000000 0.000000 0.000000 0.000000 0.000000 0.000000 0.000000 0.000000 0.000000 0.000000 0.000000 0.000000 0.000000 0.000000 0.000000 0.000000 0.000000 0.000000 0.000000 0.000000 0.000000
149.423806 149.423806 149.423806 373.559509 171.154495 171.154495 171.154495 124.808105 124.808105 124.808105 122.163216 122.163216 122.163216 122.163216 118.241508 118.241508 118.241508 105.742981 105.742981 105.742981 151.358032 151.358032 151.358032 0.000000 0.000000 0.000000 0.000000 0.000000 0.000000 0.000000 0.000000 0.000000 0.000000 0.000000 0.000000 0.000000 0.000000 0.000000 0.000000 0.000000 0.000000 0.000000 0.000000 0.000000 0.000000 0.000000 0.000000 0.000000 0.000000 0.000000 0.000000 0.000000 0.000000 0.000000 0.000000 0.000000 0.000000 0.000000 0.000000 0.000000
149.423806 149.423806 373.559509 149.423806 171.154495 171.154495 17.115450 124.808105 124.808105 124.808105 122.163216 122.163216 122.163216 122.163216 118.241508 118.241508 118.241508 105.742981 105.742981 105.742981 151.358032 151.358032 151.358032 0.000000 0.000000 0.000000 0.000000 0.000000 0.000000 0.000000 0.000000 0.000000 0.000000 0.000000 0.000000 0.000000 0.000000 0.000000 0.000000 0.000000 0.000000 0.000000 0.000000 0.000000 0.000000 0.000000 0.000000 0.000000 0.000000 0.000000 0.000000 0.000000 0.000000 0.000000 0.000000 0.000000 0.000000 0.000000 0.000000 0.000000
221.202698 221.202698 221.202698 66.360812 130.379013 130.379013 130.379013 119.097694 119.097694 119.097694 121.910988 121.910988 121.910988 121.910988 108.598167 108.598167 108.598167 107.452942 107.452942 107.452942 0.000000 0.000000 0.000000 0.000000 0.000000 0.000000 0.000000 0.000000 0.000000 0.000000 0.000000 0.000000 0.000000 0.000000 0.000000 0.000000 0.000000 0.000000 0.000000 0.000000 0.000000 0.000000 0.000000 0.000000 0.000000 0.000000 0.000000 0.000000 0.000000 0.000000 0.000000 0.000000 0.000000 0.000000 0.000000 0.000000 0.000000 0.000000 0.000000 0.000000
221.202698 221.202698 66.360812 44.240540 130.379013 130.379013 130.379013 119.097694 119.097694 119.097694 121.910988 121.910988 121.910988 121.910988 108.598167 108.598167 108.598167 107.452942 107.452942 107.452942 0.000000 0.000000 0.000000 0.000000 0.000000 0.000000 0.000000 0.000000 0.000000 0.000000 0.000000 0.000000 0.000000 0.000000 0.000000 0.000000 0.000000 0.000000 0.000000 0.000000 0.000000 0.000000 0.000000 0.000000 0.000000 0.000000 0.000000 0.000000 0.000000 0.000000 0.000000 0.000000 0.000000 0.000000 0.000000 0.000000 0.000000 0.000000 0.000000 0.000000
221.202698 221.202698 221.202698 66.360812 39.113705 130.379013 130.379013 119.097694 119.097694 119.097694 121.910988 121.910988 121.910988 121.910988 108.598167 108.598167 108.598167 107.452942 107.452942 107.452942 0.000000 0.000000 0.000000 0.000000 0.000000 0.000000 0.000000 0.000000 0.000000 0.000000 0.000000 0.000000 0.000000 0.000000 0.000000 0.000000 0.000000 0.000000 0.000000 0.000000 0.000000 0.000000 0.000000 0.000000 0.000000 0.000000 0.000000 0.000000 0.000000 0.000000 0.000000 0.000000 0.000000 0.000000 0.000000 0.000000 0.000000 0.000000 0.000000 0.000000
274.715210 274.715210 274.715210 109.886086 76.873317 192.183289 192.183289 116.972115 116.972115 116.972115 112.307106 112.307106 112.307106 112.307106 155.707245 155.707245 155.707245 111.433281 111.433281 111.433281 0.000000 0.000000 0.000000 0.000000 0.000000 0.000000 0.000000 0.000000 0.000000 0.000000 0.000000 0.000000 0.000000 0.000000 0.000000 0.000000 0.000000 0.000000 0.000000 0.000000 0.000000 0.000000 0.000000 0.000000 0.000000 0.000000 0.000000 0.000000 0.000000 0.000000 0.000000 0.000000 0.000000 0.000000 0.000000 0.000000 0.000000 0.000000 0.000000 0.000000
