Big_Beef/DataInputs30m/o_10_ChemistryPools/SOLUS_HumusN/layer2_humusN_gm2_BigBeef.asc
ncols        345
nrows        426
xllcorner    508562.338426187926
yllcorner    5265656.272683421150
cellsize     30.000000000000
NODATA_value -9999
[rows 378 to 404 of 426, columns 0 to 60 of 345]
0 0 0 0 0 0 0 0 0 0 0 0 0 0 0 0 0 0 0 0 0 0 0 0 361.806549072265625 361.806549072265625 361.806549072265625 274.33392333984375 274.33392333984375 274.33392333984375 129.3238677978515625 129.3238677978515625 129.3238677978515625 129.3238677978515625 126.09783172607421875 126.09783172607421875 126.09783172607421875 178.214874267578125 178.214874267578125 178.214874267578125 129.36785888671875 129.36785888671875 129.36785888671875 129.36785888671875 124.99968719482421875 124.99968719482421875 124.99968719482421875 234.3138427734375 234.3138427734375 234.3138427734375 568.01544189453125 568.01544189453125 568.01544189453125 568.01544189453125 269.83050537109375 269.83050537109375 269.83050537109375 512.27569580078125 512.27569580078125 512.27569580078125 274.7152099609375
0 0 0 0 0 0 0 0 0 0 0 0 0 0 0 0 0 0 0 0 0 0 0 0 361.806549072265625 361.806549072265625 361.806549072265625 274.33392333984375 274.33392333984375 274.33392333984375 129.3238677978515625 129.3238677978515625 129.3238677978515625 129.3238677978515625 126.09783172607421875 126.09783172607421875 126.09783172607421875 178.214874267578125 178.214874267578125 178.214874267578125 129.36785888671875 129.36785888671875 129.36785888671875 129.36785888671875 124.99968719482421875 124.99968719482421875 124.99968719482421875 234.3138427734375 234.3138427734375 234.3138427734375 568.01544189453125 568.01544189453125 568.01544189453125 568.01544189453125 269.83050537109375 269.83050537109375 269.83050537109375 512.27569580078125 512.27569580078125 512.27569580078125 274.7152099609375
0 0 0 0 0 0 0 0 0 0 0 0 0 0 0 0 0 0 0 0 0 0 0 0 361.806549072265625 361.806549072265625 361.806549072265625 274.33392333984375 274.33392333984375 274.33392333984375 129.3238677978515625 129.3238677978515625 129.3238677978515625 129.3238677978515625 126.09783172607421875 126.09783172607421875 126.09783172607421875 178.214874267578125 178.214874267578125 178.214874267578125 129.36785888671875 129.36785888671875 129.36785888671875 129.36785888671875 124.99968719482421875 124.99968719482421875 124.99968719482421875 234.3138427734375 234.3138427734375 234.3138427734375 568.01544189453125 568.01544189453125 568.01544189453125 568.01544189453125 269.83050537109375 269.83050537109375 269.83050537109375 512.27569580078125 512.27569580078125 512.27569580078125 274.7152099609375
0 0 0 0 0 0 0 0 0 0 0 0 0 0 0 0 0 0 0 0 0 0 0 0 0 0 0 134.416534423828125 134.416534423828125 134.416534423828125 130.762359619140625 130.762359619140625 130.762359619140625 130.762359619140625 130.2759246826171875 130.2759246826171875 130.2759246826171875 170.6815948486328125 170.6815948486328125 170.6815948486328125 128.014495849609375 128.014495849609375 128.014495849609375 128.014495849609375 151.0166778564453125 151.0166778564453125 151.0166778564453125 527.17047119140625 527.17047119140625 527.17047119140625 621.98504638671875 621.98504638671875 621.98504638671875 621.98504638671875 278.889617919921875 278.889617919921875 278.889617919921875 265.753814697265625 265.753814697265625 265.753814697265625 539.03826904296875
0 0 0 0 0 0 0 0 0 0 0 0 0 0 0 0 0 0 0 0 0 0 0 0 0 0 0 134.416534423828125 134.416534423828125 134.416534423828125 130.762359619140625 130.762359619140625 130.762359619140625 130.762359619140625 130.2759246826171875 130.2759246826171875 130.2759246826171875 170.6815948486328125 170.6815948486328125 170.6815948486328125 128.014495849609375 128.014495849609375 128.014495849609375 128.014495849609375 151.0166778564453125 151.0166778564453125 151.0166778564453125 527.17047119140625 527.17047119140625 527.17047119140625 621.98504638671875 621.98504638671875 621.98504638671875 621.98504638671875 278.889617919921875 278.889617919921875 278.889617919921875 265.753814697265625 265.753814697265625 265.753814697265625 539.03826904296875
0 0 0 0 0 0 0 0 0 0 0 0 0 0 0 0 0 0 0 0 0 0 0 0 0 0 0 134.416534423828125 134.416534423828125 134.416534423828125 130.762359619140625 130.762359619140625 130.762359619140625 130.762359619140625 130.2759246826171875 130.2759246826171875 130.2759246826171875 170.6815948486328125 170.6815948486328125 170.6815948486328125 128.014495849609375 128.014495849609375 128.014495849609375 128.014495849609375 151.0166778564453125 151.0166778564453125 151.0166778564453125 527.17047119140625 527.17047119140625 527.17047119140625 621.98504638671875 621.98504638671875 621.98504638671875 621.98504638671875 278.889617919921875 278.889617919921875 278.889617919921875 265.753814697265625 265.753814697265625 265.753814697265625 539.03826904296875
0 0 0 0 0 0 0 0 0 0 0 0 0 0 0 0 0 0 0 0 0 0 0 0 0 0 0 139.71044921875 139.71044921875 139.71044921875 145.7745513916015625 145.7745513916015625 145.7745513916015625 145.7745513916015625 250.7823944091796875 250.7823944091796875 250.7823944091796875 178.7007598876953125 178.7007598876953125 178.7007598876953125 117.30450439453125 117.30450439453125 117.30450439453125 117.30450439453125 187.349578857421875 187.349578857421875 187.349578857421875 457.069610595703125 457.069610595703125 457.069610595703125 305.423553466796875 305.423553466796875 305.423553466796875 305.423553466796875 285.35400390625 285.35400390625 285.35400390625 220.8920745849609375 220.8920745849609375 220.8920745849609375 403.942535400390625
0 0 0 0 0 0 0 0 0 0 0 0 0 0 0 0 0 0 0 0 0 0 0 0 0 0 0 139.71044921875 139.71044921875 139.71044921875 145.7745513916015625 145.7745513916015625 145.7745513916015625 145.7745513916015625 250.7823944091796875 250.7823944091796875 250.7823944091796875 178.7007598876953125 178.7007598876953125 178.7007598876953125 117.30450439453125 117.30450439453125 117.30450439453125 117.30450439453125 187.349578857421875 187.349578857421875 187.349578857421875 457.069610595703125 457.069610595703125 457.069610595703125 305.423553466796875 305.423553466796875 305.423553466796875 305.423553466796875 285.35400390625 285.35400390625 285.35400390625 220.8920745849609375 220.8920745849609375 220.8920745849609375 403.942535400390625
0 0 0 0 0 0 0 0 0 0 0 0 0 0 0 0 0 0 0 0 0 0 0 0 0 0 0 139.71044921875 139.71044921875 139.71044921875 145.7745513916015625 145.7745513916015625 145.7745513916015625 145.7745513916015625 250.7823944091796875 250.7823944091796875 250.7823944091796875 178.7007598876953125 178.7007598876953125 178.7007598876953125 117.30450439453125 117.30450439453125 117.30450439453125 117.30450439453125 187.349578857421875 187.349578857421875 187.349578857421875 457.069610595703125 457.069610595703125 457.069610595703125 305.423553466796875 305.423553466796875 305.423553466796875 305.423553466796875 285.35400390625 285.35400390625 285.35400390625 220.8920745849609375 220.8920745849609375 220.8920745849609375 403.942535400390625
0 0 0 0 0 0 0 0 0 0 0 0 0 0 0 0 0 0 0 0 0 0 0 0 0 0 0 148.6597137451171875 148.6597137451171875 148.6597137451171875 157.0937347412109375 157.0937347412109375 157.0937347412109375 157.0937347412109375 141.36822509765625 141.36822509765625 141.36822509765625 129.8390350341796875 129.8390350341796875 129.8390350341796875 118.56308746337890625 118.56308746337890625 118.56308746337890625 118.56308746337890625 196.4945526123046875 196.4945526123046875 196.4945526123046875 227.3127899169921875 227.3127899169921875 227.3127899169921875 301.505523681640625 301.505523681640625 301.505523681640625 301.505523681640625 624.6597900390625 624.6597900390625 624.6597900390625 221.6802520751953125 221.6802520751953125 221.6802520751953125 197.72015380859375
0 0 0 0 0 0 0 0 0 0 0 0 0 0 0 0 0 0 0 0 0 0 0 0 0 0 0 148.6597137451171875 148.6597137451171875 148.6597137451171875 157.0937347412109375 157.0937347412109375 157.0937347412109375 157.0937347412109375 141.36822509765625 141.36822509765625 141.36822509765625 129.8390350341796875 129.8390350341796875 129.8390350341796875 118.56308746337890625 118.56308746337890625 118.56308746337890625 118.56308746337890625 196.4945526123046875 196.4945526123046875 196.4945526123046875 227.3127899169921875 227.3127899169921875 227.3127899169921875 301.505523681640625 301.505523681640625 301.505523681640625 301.505523681640625 624.6597900390625 624.6597900390625 624.6597900390625 221.6802520751953125 221.6802520751953125 221.6802520751953125 197.72015380859375
0 0 0 0 0 0 0 0 0 0 0 0 0 0 0 0 0 0 0 0 0 0 0 0 0 0 0 148.6597137451171875 148.6597137451171875 148.6597137451171875 157.0937347412109375 157.0937347412109375 157.0937347412109375 157.0937347412109375 141.36822509765625 141.36822509765625 141.36822509765625 129.8390350341796875 129.8390350341796875 129.8390350341796875 118.56308746337890625 118.56308746337890625 118.56308746337890625 118.56308746337890625 196.4945526123046875 196.4945526123046875 196.4945526123046875 227.3127899169921875 227.3127899169921875 227.3127899169921875 301.505523681640625 301.505523681640625 301.505523681640625 301.505523681640625 624.6597900390625 624.6597900390625 624.6597900390625 221.6802520751953125 221.6802520751953125 221.6802520751953125 197.72015380859375
0 0 0 0 0 0 0 0 0 0 0 0 0 0 0 0 0 0 0 0 0 0 0 0 0 0 0 148.6597137451171875 148.6597137451171875 148.6597137451171875 157.0937347412109375 157.0937347412109375 157.0937347412109375 157.0937347412109375 141.36822509765625 141.36822509765625 141.36822509765625 129.8390350341796875 129.8390350341796875 129.8390350341796875 118.56308746337890625 118.56308746337890625 118.56308746337890625 118.56308746337890625 196.4945526123046875 196.4945526123046875 196.4945526123046875 227.3127899169921875 227.3127899169921875 227.3127899169921875 301.505523681640625 301.505523681640625 301.505523681640625 301.505523681640625 624.6597900390625 624.6597900390625 624.6597900390625 221.6802520751953125 221.6802520751953125 221.6802520751953125 197.72015380859375
0 0 0 0 0 0 0 0 0 0 0 0 0 0 0 0 0 0 0 0 0 0 0 0 0 0 0 150.3864288330078125 150.3864288330078125 150.3864288330078125 174.3760986328125 174.3760986328125 174.3760986328125 174.3760986328125 181.9134674072265625 181.9134674072265625 181.9134674072265625 163.8813934326171875 163.8813934326171875 163.8813934326171875 230.999359130859375 230.999359130859375 230.999359130859375 230.999359130859375 139.0290374755859375 139.0290374755859375 139.0290374755859375 159.0627899169921875 159.0627899169921875 159.0627899169921875 265.626312255859375 265.626312255859375 265.626312255859375 265.626312255859375 572.71417236328125 572.71417236328125 572.71417236328125 229.2963104248046875 229.2963104248046875 229.2963104248046875 200.2794189453125
0 0 0 0 0 0 0 0 0 0 0 0 0 0 0 0 0 0 0 0 0 0 0 0 0 0 0 150.3864288330078125 150.3864288330078125 150.3864288330078125 174.3760986328125 174.3760986328125 174.3760986328125 174.3760986328125 181.9134674072265625 181.9134674072265625 181.9134674072265625 163.8813934326171875 163.8813934326171875 163.8813934326171875 230.999359130859375 230.999359130859375 230.999359130859375 230.999359130859375 139.0290374755859375 139.0290374755859375 139.0290374755859375 159.0627899169921875 159.0627899169921875 159.0627899169921875 265.626312255859375 265.626312255859375 265.626312255859375 265.626312255859375 572.71417236328125 572.71417236328125 572.71417236328125 229.2963104248046875 229.2963104248046875 229.2963104248046875 200.2794189453125
0 0 0 0 0 0 0 0 0 0 0 0 0 0 0 0 0 0 0 0 0 0 0 0 0 0 0 150.3864288330078125 150.3864288330078125 150.3864288330078125 174.3760986328125 174.3760986328125 174.3760986328125 174.3760986328125 181.9134674072265625 181.9134674072265625 181.9134674072265625 163.8813934326171875 163.8813934326171875 163.8813934326171875 230.999359130859375 230.999359130859375 230.999359130859375 230.999359130859375 139.0290374755859375 139.0290374755859375 139.0290374755859375 159.0627899169921875 159.0627899169921875 159.0627899169921875 265.626312255859375 265.626312255859375 265.626312255859375 265.626312255859375 572.71417236328125 572.71417236328125 572.71417236328125 229.2963104248046875 229.2963104248046875 229.2963104248046875 200.2794189453125
0 0 0 0 0 0 0 0 0 0 0 0 0 0 0 0 0 0 0 0 0 0 0 0 0 0 0 179.1767425537109375 179.1767425537109375 179.1767425537109375 181.0977020263671875 181.0977020263671875 181.0977020263671875 181.0977020263671875 138.417144775390625 138.417144775390625 138.417144775390625 181.2825775146484375 181.2825775146484375 181.2825775146484375 187.6579742431640625 187.6579742431640625 187.6579742431640625 187.6579742431640625 139.8474273681640625 139.8474273681640625 139.8474273681640625 203.17218017578125 203.17218017578125 203.17218017578125 603.76995849609375 603.76995849609375 603.76995849609375 603.76995849609375 629.96844482421875 629.96844482421875 629.96844482421875 214.8713836669921875 214.8713836669921875 214.8713836669921875 170.3739471435546875
0 0 0 0 0 0 0 0 0 0 0 0 0 0 0 0 0 0 0 0 0 0 0 0 0 0 0 179.1767425537109375 179.1767425537109375 179.1767425537109375 181.0977020263671875 181.0977020263671875 181.0977020263671875 181.0977020263671875 138.417144775390625 138.417144775390625 138.417144775390625 181.2825775146484375 181.2825775146484375 181.2825775146484375 187.6579742431640625 187.6579742431640625 187.6579742431640625 187.6579742431640625 139.8474273681640625 139.8474273681640625 139.8474273681640625 203.17218017578125 203.17218017578125 203.17218017578125 603.76995849609375 603.76995849609375 603.76995849609375 603.76995849609375 629.96844482421875 629.96844482421875 629.96844482421875 214.8713836669921875 214.8713836669921875 214.8713836669921875 170.3739471435546875
0 0 0 0 0 0 0 0 0 0 0 0 0 0 0 0 0 0 0 0 0 0 0 0 0 0 0 179.1767425537109375 179.1767425537109375 179.1767425537109375 181.0977020263671875 181.0977020263671875 181.0977020263671875 181.0977020263671875 138.417144775390625 138.417144775390625 138.417144775390625 181.2825775146484375 181.2825775146484375 181.2825775146484375 187.6579742431640625 187.6579742431640625 187.6579742431640625 187.6579742431640625 139.8474273681640625 139.8474273681640625 139.8474273681640625 203.17218017578125 203.17218017578125 203.17218017578125 603.76995849609375 603.76995849609375 603.76995849609375 603.76995849609375 629.96844482421875 629.96844482421875 629.96844482421875 214.8713836669921875 214.8713836669921875 214.8713836669921875 170.3739471435546875
0 0 0 0 0 0 0 0 0 0 0 0 0 0 0 0 0 0 0 0 0 0 0 0 233.8010101318359375 233.8010101318359375 233.8010101318359375 206.9932861328125 206.9932861328125 206.9932861328125 186.9894866943359375 186.9894866943359375 186.9894866943359375 186.9894866943359375 149.3762969970703125 149.3762969970703125 149.3762969970703125 186.1617279052734375 186.1617279052734375 186.1617279052734375 185.4630279541015625 185.4630279541015625 185.4630279541015625 185.4630279541015625 218.7440948486328125 218.7440948486328125 218.7440948486328125 494.107391357421875 494.107391357421875 494.107391357421875 640.4364013671875 640.4364013671875 640.4364013671875 640.4364013671875 610.36102294921875 610.36102294921875 610.36102294921875 203.4586639404296875 203.4586639404296875 203.4586639404296875 233.662353515625
0 0 0 0 0 0 0 0 0 0 0 0 0 0 0 0 0 0 0 0 0 0 0 0 233.8010101318359375 233.8010101318359375 233.8010101318359375 206.9932861328125 206.9932861328125 206.9932861328125 186.9894866943359375 186.9894866943359375 186.9894866943359375 186.9894866943359375 149.3762969970703125 149.3762969970703125 149.3762969970703125 186.1617279052734375 186.1617279052734375 186.1617279052734375 185.4630279541015625 185.4630279541015625 185.4630279541015625 185.4630279541015625 218.7440948486328125 218.7440948486328125 218.7440948486328125 494.107391357421875 494.107391357421875 494.107391357421875 640.4364013671875 640.4364013671875 640.4364013671875 640.4364013671875 610.36102294921875 610.36102294921875 610.36102294921875 203.4586639404296875 203.4586639404296875 203.4586639404296875 233.662353515625
0 0 0 0 0 0 0 0 0 0 0 0 0 0 0 0 0 0 0 0 0 0 0 0 233.8010101318359375 233.8010101318359375 233.8010101318359375 206.9932861328125 206.9932861328125 206.9932861328125 186.9894866943359375 186.9894866943359375 186.9894866943359375 186.9894866943359375 149.3762969970703125 149.3762969970703125 149.3762969970703125 186.1617279052734375 186.1617279052734375 186.1617279052734375 185.4630279541015625 185.4630279541015625 185.4630279541015625 185.4630279541015625 218.7440948486328125 218.7440948486328125 218.7440948486328125 494.107391357421875 494.107391357421875 494.107391357421875 640.4364013671875 640.4364013671875 640.4364013671875 640.4364013671875 610.36102294921875 610.36102294921875 610.36102294921875 203.4586639404296875 203.4586639404296875 203.4586639404296875 233.662353515625
0 0 0 0 0 0 0 0 0 0 0 0 0 0 0 0 0 0 0 0 0 0 0 0 233.8010101318359375 233.8010101318359375 233.8010101318359375 206.9932861328125 206.9932861328125 206.9932861328125 186.9894866943359375 186.9894866943359375 186.9894866943359375 186.9894866943359375 149.3762969970703125 149.3762969970703125 149.3762969970703125 186.1617279052734375 186.1617279052734375 186.1617279052734375 185.4630279541015625 185.4630279541015625 185.4630279541015625 185.4630279541015625 218.7440948486328125 218.7440948486328125 218.7440948486328125 494.107391357421875 494.107391357421875 494.107391357421875 640.4364013671875 640.4364013671875 640.4364013671875 640.4364013671875 610.36102294921875 610.36102294921875 610.36102294921875 203.4586639404296875 203.4586639404296875 203.4586639404296875 233.662353515625
0 0 0 0 0 0 0 0 0 0 0 0 0 0 0 0 0 0 0 0 0 0 0 0 0 0 0 200.8322906494140625 200.8322906494140625 200.8322906494140625 187.9434356689453125 187.9434356689453125 187.9434356689453125 187.9434356689453125 191.5240478515625 191.5240478515625 191.5240478515625 189.8654632568359375 189.8654632568359375 189.8654632568359375 232.52838134765625 232.52838134765625 232.52838134765625 232.52838134765625 507.994476318359375 507.994476318359375 507.994476318359375 522.9462890625 522.9462890625 522.9462890625 304.661956787109375 304.661956787109375 304.661956787109375 304.661956787109375 264.332427978515625 264.332427978515625 264.332427978515625 495.954742431640625 495.954742431640625 495.954742431640625 0
0 0 0 0 0 0 0 0 0 0 0 0 0 0 0 0 0 0 0 0 0 0 0 0 0 0 0 200.8322906494140625 200.8322906494140625 200.8322906494140625 187.9434356689453125 187.9434356689453125 187.9434356689453125 187.9434356689453125 191.5240478515625 191.5240478515625 191.5240478515625 189.8654632568359375 189.8654632568359375 189.8654632568359375 232.52838134765625 232.52838134765625 232.52838134765625 232.52838134765625 507.994476318359375 507.994476318359375 507.994476318359375 522.9462890625 522.9462890625 522.9462890625 304.661956787109375 304.661956787109375 304.661956787109375 304.661956787109375 264.332427978515625 264.332427978515625 264.332427978515625 495.954742431640625 495.954742431640625 495.954742431640625 0
0 0 0 0 0 0 0 0 0 0 0 0 0 0 0 0 0 0 0 0 0 0 0 0 0 0 0 200.8322906494140625 200.8322906494140625 200.8322906494140625 187.9434356689453125 187.9434356689453125 187.9434356689453125 187.9434356689453125 191.5240478515625 191.5240478515625 191.5240478515625 189.8654632568359375 189.8654632568359375 189.8654632568359375 232.52838134765625 232.52838134765625 232.52838134765625 232.52838134765625 507.994476318359375 507.994476318359375 507.994476318359375 522.9462890625 522.9462890625 522.9462890625 304.661956787109375 304.661956787109375 304.661956787109375 304.661956787109375 264.332427978515625 264.332427978515625 264.332427978515625 495.954742431640625 495.954742431640625 495.954742431640625 0
0 0 0 0 0 0 0 0 0 0 0 0 0 0 0 0 0 0 0 0 0 0 0 0 0 0 0 0 0 0 192.6668853759765625 192.6668853759765625 192.6668853759765625 192.6668853759765625 206.0277557373046875 206.0277557373046875 206.0277557373046875 251.2588958740234375 251.2588958740234375 251.2588958740234375 532.11151123046875 532.11151123046875 532.11151123046875 532.11151123046875 241.3653106689453125 241.3653106689453125 241.3653106689453125 244.6646728515625 244.6646728515625 244.6646728515625 305.62310791015625 305.62310791015625 305.62310791015625 305.62310791015625 0 0 0 0 0 0 0
