Big_Beef/DataInputs30m/o_10_ChemistryPools/SOLUS_HumusN/layer3_humusN_gm2_BigBeef.asc
ncols        345
nrows        426
xllcorner    508562.338426187926
yllcorner    5265656.272683421150
cellsize     30.000000000000
NODATA_value -9999
[rows 336 to 363 of 426, columns 63 to 125 of 345]
105.68410491943359375 87.61852264404296875 87.61852264404296875 87.61852264404296875 79.64170074462890625 79.64170074462890625 79.64170074462890625 79.009185791015625 79.009185791015625 79.009185791015625 79.009185791015625 81.37667083740234375 81.37667083740234375 81.37667083740234375 85.59210205078125 85.59210205078125 85.59210205078125 88.48833465576171875 88.48833465576171875 88.48833465576171875 81.24506378173828125 81.24506378173828125 81.24506378173828125 81.24506378173828125 95.34006500244140625 95.34006500244140625 95.34006500244140625 95.24700927734375 95.24700927734375 95.24700927734375 92.60039520263671875 92.60039520263671875 92.60039520263671875 92.60039520263671875 92.54254913330078125 92.54254913330078125 92.54254913330078125 95.902587890625 95.902587890625 95.902587890625 105.279388427734375 105.279388427734375 105.279388427734375 105.279388427734375 0 0 0 0 0 0 0 0 0 0 0 0 0 0 0 0 0 0 0
105.68410491943359375 87.61852264404296875 87.61852264404296875 87.61852264404296875 79.64170074462890625 79.64170074462890625 79.64170074462890625 79.009185791015625 79.009185791015625 79.009185791015625 79.009185791015625 81.37667083740234375 81.37667083740234375 81.37667083740234375 85.59210205078125 85.59210205078125 85.59210205078125 88.48833465576171875 88.48833465576171875 88.48833465576171875 81.24506378173828125 81.24506378173828125 81.24506378173828125 81.24506378173828125 95.34006500244140625 95.34006500244140625 95.34006500244140625 95.24700927734375 95.24700927734375 95.24700927734375 92.60039520263671875 92.60039520263671875 92.60039520263671875 92.60039520263671875 92.54254913330078125 92.54254913330078125 92.54254913330078125 95.902587890625 95.902587890625 95.902587890625 105.279388427734375 105.279388427734375 105.279388427734375 105.279388427734375 0 0 0 0 0 0 0 0 0 0 0 0 0 0 0 0 0 0 0
107.35240936279296875 88.692108154296875 88.692108154296875 88.692108154296875 82.08950042724609375 82.08950042724609375 82.08950042724609375 82.66657257080078125 82.66657257080078125 82.66657257080078125 82.66657257080078125 81.04792022705078125 81.04792022705078125 81.04792022705078125 80.80562591552734375 80.80562591552734375 80.80562591552734375 90.80735015869140625 90.80735015869140625 90.80735015869140625 85.78498077392578125 85.78498077392578125 85.78498077392578125 85.78498077392578125 93.14231109619140625 93.14231109619140625 93.14231109619140625 89.75203704833984375 89.75203704833984375 89.75203704833984375 89.53414154052734375 89.53414154052734375 89.53414154052734375 89.53414154052734375 92.08817291259765625 92.08817291259765625 92.08817291259765625 0 0 0 0 0 0 0 0 0 0 0 0 0 0 0 0 0 0 0 0 0 0 0 0 0 0
107.35240936279296875 88.692108154296875 88.692108154296875 88.692108154296875 82.08950042724609375 82.08950042724609375 82.08950042724609375 82.66657257080078125 82.66657257080078125 82.66657257080078125 82.66657257080078125 81.04792022705078125 81.04792022705078125 81.04792022705078125 80.80562591552734375 80.80562591552734375 80.80562591552734375 90.80735015869140625 90.80735015869140625 90.80735015869140625 85.78498077392578125 85.78498077392578125 85.78498077392578125 85.78498077392578125 93.14231109619140625 93.14231109619140625 93.14231109619140625 89.75203704833984375 89.75203704833984375 89.75203704833984375 89.53414154052734375 89.53414154052734375 89.53414154052734375 89.53414154052734375 92.08817291259765625 92.08817291259765625 92.08817291259765625 0 0 0 0 0 0 0 0 0 0 0 0 0 0 0 0 0 0 0 0 0 0 0 0 0 0
107.35240936279296875 88.692108154296875 88.692108154296875 88.692108154296875 82.08950042724609375 82.08950042724609375 82.08950042724609375 82.66657257080078125 82.66657257080078125 82.66657257080078125 82.66657257080078125 81.04792022705078125 81.04792022705078125 81.04792022705078125 80.80562591552734375 80.80562591552734375 80.80562591552734375 90.80735015869140625 90.80735015869140625 90.80735015869140625 85.78498077392578125 85.78498077392578125 85.78498077392578125 85.78498077392578125 93.14231109619140625 93.14231109619140625 93.14231109619140625 89.75203704833984375 89.75203704833984375 89.75203704833984375 89.53414154052734375 89.53414154052734375 89.53414154052734375 89.53414154052734375 92.08817291259765625 92.08817291259765625 92.08817291259765625 0 0 0 0 0 0 0 0 0 0 0 0 0 0 0 0 0 0 0 0 0 0 0 0 0 0
137.28253173828125 87.9654541015625 87.9654541015625 87.9654541015625 80.64821624755859375 80.64821624755859375 80.64821624755859375 89.57070159912109375 89.57070159912109375 89.57070159912109375 89.57070159912109375 84.72084808349609375 84.72084808349609375 84.72084808349609375 87.95892333984375 87.95892333984375 87.95892333984375 91.056549072265625 91.056549072265625 91.056549072265625 81.254913330078125 81.254913330078125 81.254913330078125 81.254913330078125 95.919525146484375 95.919525146484375 95.919525146484375 101.16374969482421875 101.16374969482421875 101.16374969482421875 90.70095062255859375 90.70095062255859375 90.70095062255859375 90.70095062255859375 82.88201904296875 82.88201904296875 82.88201904296875 0 0 0 0 0 0 0 0 0 0 0 0 0 0 0 0 0 0 0 0 0 0 0 0 0 0
137.28253173828125 87.9654541015625 87.9654541015625 87.9654541015625 80.64821624755859375 80.64821624755859375 80.64821624755859375 89.57070159912109375 89.57070159912109375 89.57070159912109375 89.57070159912109375 84.72084808349609375 84.72084808349609375 84.72084808349609375 87.95892333984375 87.95892333984375 87.95892333984375 91.056549072265625 91.056549072265625 91.056549072265625 81.254913330078125 81.254913330078125 81.254913330078125 81.254913330078125 95.919525146484375 95.919525146484375 95.919525146484375 101.16374969482421875 101.16374969482421875 101.16374969482421875 90.70095062255859375 90.70095062255859375 90.70095062255859375 90.70095062255859375 82.88201904296875 82.88201904296875 82.88201904296875 0 0 0 0 0 0 0 0 0 0 0 0 0 0 0 0 0 0 0 0 0 0 0 0 0 0
137.28253173828125 87.9654541015625 87.9654541015625 87.9654541015625 80.64821624755859375 80.64821624755859375 80.64821624755859375 89.57070159912109375 89.57070159912109375 89.57070159912109375 89.57070159912109375 84.72084808349609375 84.72084808349609375 84.72084808349609375 87.95892333984375 87.95892333984375 87.95892333984375 91.056549072265625 91.056549072265625 91.056549072265625 81.254913330078125 81.254913330078125 81.254913330078125 81.254913330078125 95.919525146484375 95.919525146484375 95.919525146484375 101.16374969482421875 101.16374969482421875 101.16374969482421875 90.70095062255859375 90.70095062255859375 90.70095062255859375 90.70095062255859375 82.88201904296875 82.88201904296875 82.88201904296875 0 0 0 0 0 0 0 0 0 0 0 0 0 0 0 0 0 0 0 0 0 0 0 0 0 0
153.1212005615234375 96.42108154296875 96.42108154296875 96.42108154296875 86.50910186767578125 86.50910186767578125 86.50910186767578125 97.55272674560546875 97.55272674560546875 97.55272674560546875 97.55272674560546875 86.62305450439453125 86.62305450439453125 86.62305450439453125 76.19239044189453125 76.19239044189453125 76.19239044189453125 80.15303802490234375 80.15303802490234375 80.15303802490234375 77.039337158203125 77.039337158203125 77.039337158203125 77.039337158203125 209.7040557861328125 209.7040557861328125 209.7040557861328125 105.90875244140625 105.90875244140625 105.90875244140625 83.31805419921875 83.31805419921875 83.31805419921875 83.31805419921875 86.8878173828125 86.8878173828125 86.8878173828125 0 0 0 0 0 0 0 0 0 0 0 0 0 0 0 0 0 0 0 0 0 0 0 0 0 0
153.1212005615234375 96.42108154296875 96.42108154296875 96.42108154296875 86.50910186767578125 86.50910186767578125 86.50910186767578125 97.55272674560546875 97.55272674560546875 97.55272674560546875 97.55272674560546875 86.62305450439453125 86.62305450439453125 86.62305450439453125 76.19239044189453125 76.19239044189453125 76.19239044189453125 80.15303802490234375 80.15303802490234375 80.15303802490234375 77.039337158203125 77.039337158203125 77.039337158203125 77.039337158203125 209.7040557861328125 209.7040557861328125 209.7040557861328125 105.90875244140625 105.90875244140625 105.90875244140625 83.31805419921875 83.31805419921875 83.31805419921875 83.31805419921875 86.8878173828125 86.8878173828125 86.8878173828125 0 0 0 0 0 0 0 0 0 0 0 0 0 0 0 0 0 0 0 0 0 0 0 0 0 0
153.1212005615234375 96.42108154296875 96.42108154296875 96.42108154296875 86.50910186767578125 86.50910186767578125 86.50910186767578125 97.55272674560546875 97.55272674560546875 97.55272674560546875 97.55272674560546875 86.62305450439453125 86.62305450439453125 86.62305450439453125 76.19239044189453125 76.19239044189453125 76.19239044189453125 80.15303802490234375 80.15303802490234375 80.15303802490234375 77.039337158203125 77.039337158203125 77.039337158203125 77.039337158203125 209.7040557861328125 209.7040557861328125 209.7040557861328125 105.90875244140625 105.90875244140625 105.90875244140625 83.31805419921875 83.31805419921875 83.31805419921875 83.31805419921875 86.8878173828125 86.8878173828125 86.8878173828125 0 0 0 0 0 0 0 0 0 0 0 0 0 0 0 0 0 0 0 0 0 0 0 0 0 0
336.924163818359375 99.38232421875 99.38232421875 99.38232421875 132.062744140625 132.062744140625 132.062744140625 96.09671783447265625 96.09671783447265625 96.09671783447265625 96.09671783447265625 88.30291748046875 88.30291748046875 88.30291748046875 85.3638916015625 85.3638916015625 85.3638916015625 93.43831634521484375 93.43831634521484375 93.43831634521484375 83.97937774658203125 83.97937774658203125 83.97937774658203125 83.97937774658203125 93.77538299560546875 93.77538299560546875 93.77538299560546875 88.98271942138671875 88.98271942138671875 88.98271942138671875 81.7176055908203125 81.7176055908203125 81.7176055908203125 81.7176055908203125 118.70758819580078125 118.70758819580078125 118.70758819580078125 0 0 0 0 0 0 0 0 0 0 0 0 0 0 0 0 0 0 0 0 0 0 0 0 0 0
336.924163818359375 99.38232421875 99.38232421875 99.38232421875 132.062744140625 132.062744140625 132.062744140625 96.09671783447265625 96.09671783447265625 96.09671783447265625 96.09671783447265625 88.30291748046875 88.30291748046875 88.30291748046875 85.3638916015625 85.3638916015625 85.3638916015625 93.43831634521484375 93.43831634521484375 93.43831634521484375 83.97937774658203125 83.97937774658203125 83.97937774658203125 83.97937774658203125 93.77538299560546875 93.77538299560546875 93.77538299560546875 88.98271942138671875 88.98271942138671875 88.98271942138671875 81.7176055908203125 81.7176055908203125 81.7176055908203125 81.7176055908203125 118.70758819580078125 118.70758819580078125 118.70758819580078125 0 0 0 0 0 0 0 0 0 0 0 0 0 0 0 0 0 0 0 0 0 0 0 0 0 0
336.924163818359375 99.38232421875 99.38232421875 99.38232421875 132.062744140625 132.062744140625 132.062744140625 96.09671783447265625 96.09671783447265625 96.09671783447265625 96.09671783447265625 88.30291748046875 88.30291748046875 88.30291748046875 85.3638916015625 85.3638916015625 85.3638916015625 93.43831634521484375 93.43831634521484375 93.43831634521484375 83.97937774658203125 83.97937774658203125 83.97937774658203125 83.97937774658203125 93.77538299560546875 93.77538299560546875 93.77538299560546875 88.98271942138671875 88.98271942138671875 88.98271942138671875 81.7176055908203125 81.7176055908203125 81.7176055908203125 81.7176055908203125 118.70758819580078125 118.70758819580078125 118.70758819580078125 0 0 0 0 0 0 0 0 0 0 0 0 0 0 0 0 0 0 0 0 0 0 0 0 0 0
336.924163818359375 99.38232421875 99.38232421875 99.38232421875 132.062744140625 132.062744140625 132.062744140625 96.09671783447265625 96.09671783447265625 96.09671783447265625 96.09671783447265625 88.30291748046875 88.30291748046875 88.30291748046875 85.3638916015625 85.3638916015625 85.3638916015625 93.43831634521484375 93.43831634521484375 93.43831634521484375 83.97937774658203125 83.97937774658203125 83.97937774658203125 83.97937774658203125 93.77538299560546875 93.77538299560546875 93.77538299560546875 88.98271942138671875 88.98271942138671875 88.98271942138671875 81.7176055908203125 81.7176055908203125 81.7176055908203125 81.7176055908203125 118.70758819580078125 118.70758819580078125 118.70758819580078125 0 0 0 0 0 0 0 0 0 0 0 0 0 0 0 0 0 0 0 0 0 0 0 0 0 0
309.389251708984375 112.46209716796875 112.46209716796875 112.46209716796875 98.47441864013671875 98.47441864013671875 98.47441864013671875 96.38121795654296875 96.38121795654296875 96.38121795654296875 96.38121795654296875 100.49371337890625 100.49371337890625 100.49371337890625 95.34590911865234375 95.34590911865234375 95.34590911865234375 91.81787109375 91.81787109375 91.81787109375 128.10174560546875 128.10174560546875 128.10174560546875 128.10174560546875 77.55799102783203125 77.55799102783203125 77.55799102783203125 79.90746307373046875 79.90746307373046875 79.90746307373046875 78.5129241943359375 78.5129241943359375 78.5129241943359375 78.5129241943359375 0 0 0 0 0 0 0 0 0 0 0 0 0 0 0 0 0 0 0 0 0 0 0 0 0 0 0 0 0
309.389251708984375 112.46209716796875 112.46209716796875 112.46209716796875 98.47441864013671875 98.47441864013671875 98.47441864013671875 96.38121795654296875 96.38121795654296875 96.38121795654296875 96.38121795654296875 100.49371337890625 100.49371337890625 100.49371337890625 95.34590911865234375 95.34590911865234375 95.34590911865234375 91.81787109375 91.81787109375 91.81787109375 128.10174560546875 128.10174560546875 128.10174560546875 128.10174560546875 77.55799102783203125 77.55799102783203125 77.55799102783203125 79.90746307373046875 79.90746307373046875 79.90746307373046875 78.5129241943359375 78.5129241943359375 78.5129241943359375 78.5129241943359375 0 0 0 0 0 0 0 0 0 0 0 0 0 0 0 0 0 0 0 0 0 0 0 0 0 0 0 0 0
309.389251708984375 112.46209716796875 112.46209716796875 112.46209716796875 98.47441864013671875 98.47441864013671875 98.47441864013671875 96.38121795654296875 96.38121795654296875 96.38121795654296875 96.38121795654296875 100.49371337890625 100.49371337890625 100.49371337890625 95.34590911865234375 95.34590911865234375 95.34590911865234375 91.81787109375 91.81787109375 91.81787109375 128.10174560546875 128.10174560546875 128.10174560546875 128.10174560546875 77.55799102783203125 77.55799102783203125 77.55799102783203125 79.90746307373046875 79.90746307373046875 79.90746307373046875 78.5129241943359375 78.5129241943359375 78.5129241943359375 78.5129241943359375 0 0 0 0 0 0 0 0 0 0 0 0 0 0 0 0 0 0 0 0 0 0 0 0 0 0 0 0 0
122.107208251953125 101.47503662109375 101.47503662109375 101.47503662109375 139.3992462158203125 139.3992462158203125 139.3992462158203125 96.86712646484375 96.86712646484375 96.86712646484375 96.86712646484375 90.61586761474609375 90.61586761474609375 90.61586761474609375 85.82855987548828125 85.82855987548828125 85.82855987548828125 88.99852752685546875 88.99852752685546875 88.99852752685546875 88.43651580810546875 88.43651580810546875 88.43651580810546875 88.43651580810546875 83.05448150634765625 83.05448150634765625 83.05448150634765625 78.99115753173828125 78.99115753173828125 78.99115753173828125 110.602386474609375 110.602386474609375 110.602386474609375 110.602386474609375 0 0 0 0 0 0 0 0 0 0 0 0 0 0 0 0 0 0 0 0 0 0 0 0 0 0 0 0 0
122.107208251953125 101.47503662109375 101.47503662109375 101.47503662109375 139.3992462158203125 139.3992462158203125 139.3992462158203125 96.86712646484375 96.86712646484375 96.86712646484375 96.86712646484375 90.61586761474609375 90.61586761474609375 90.61586761474609375 85.82855987548828125 85.82855987548828125 85.82855987548828125 88.99852752685546875 88.99852752685546875 88.99852752685546875 88.43651580810546875 88.43651580810546875 88.43651580810546875 88.43651580810546875 83.05448150634765625 83.05448150634765625 83.05448150634765625 78.99115753173828125 78.99115753173828125 78.99115753173828125 110.602386474609375 110.602386474609375 110.602386474609375 110.602386474609375 0 0 0 0 0 0 0 0 0 0 0 0 0 0 0 0 0 0 0 0 0 0 0 0 0 0 0 0 0
122.107208251953125 101.47503662109375 101.47503662109375 101.47503662109375 139.3992462158203125 139.3992462158203125 139.3992462158203125 96.86712646484375 96.86712646484375 96.86712646484375 96.86712646484375 90.61586761474609375 90.61586761474609375 90.61586761474609375 85.82855987548828125 85.82855987548828125 85.82855987548828125 88.99852752685546875 88.99852752685546875 88.99852752685546875 88.43651580810546875 88.43651580810546875 88.43651580810546875 88.43651580810546875 83.05448150634765625 83.05448150634765625 83.05448150634765625 78.99115753173828125 78.99115753173828125 78.99115753173828125 110.602386474609375 110.602386474609375 110.602386474609375 110.602386474609375 0 0 0 0 0 0 0 0 0 0 0 0 0 0 0 0 0 0 0 0 0 0 0 0 0 0 0 0 0
117.10045623779296875 101.69384002685546875 101.69384002685546875 101.69384002685546875 154.5023193359375 154.5023193359375 154.5023193359375 96.42304229736328125 96.42304229736328125 96.42304229736328125 96.42304229736328125 95.24933624267578125 95.24933624267578125 95.24933624267578125 90.12212371826171875 90.12212371826171875 90.12212371826171875 94.8077392578125 94.8077392578125 94.8077392578125 90.51056671142578125 90.51056671142578125 90.51056671142578125 90.51056671142578125 116.03369903564453125 116.03369903564453125 116.03369903564453125 78.52651214599609375 78.52651214599609375 78.52651214599609375 82.59912109375 82.59912109375 82.59912109375 82.59912109375 0 0 0 0 0 0 0 0 0 0 0 0 0 0 0 0 0 0 0 0 0 0 0 0 0 0 0 0 0
117.10045623779296875 101.69384002685546875 101.69384002685546875 101.69384002685546875 154.5023193359375 154.5023193359375 154.5023193359375 96.42304229736328125 96.42304229736328125 96.42304229736328125 96.42304229736328125 95.24933624267578125 95.24933624267578125 95.24933624267578125 90.12212371826171875 90.12212371826171875 90.12212371826171875 94.8077392578125 94.8077392578125 94.8077392578125 90.51056671142578125 90.51056671142578125 90.51056671142578125 90.51056671142578125 116.03369903564453125 116.03369903564453125 116.03369903564453125 78.52651214599609375 78.52651214599609375 78.52651214599609375 82.59912109375 82.59912109375 82.59912109375 82.59912109375 0 0 0 0 0 0 0 0 0 0 0 0 0 0 0 0 0 0 0 0 0 0 0 0 0 0 0 0 0
117.10045623779296875 101.69384002685546875 101.69384002685546875 101.69384002685546875 154.5023193359375 154.5023193359375 154.5023193359375 96.42304229736328125 96.42304229736328125 96.42304229736328125 96.42304229736328125 95.24933624267578125 95.24933624267578125 95.24933624267578125 90.12212371826171875 90.12212371826171875 90.12212371826171875 94.8077392578125 94.8077392578125 94.8077392578125 90.51056671142578125 90.51056671142578125 90.51056671142578125 90.51056671142578125 116.03369903564453125 116.03369903564453125 116.03369903564453125 78.52651214599609375 78.52651214599609375 78.52651214599609375 82.59912109375 82.59912109375 82.59912109375 82.59912109375 0 0 0 0 0 0 0 0 0 0 0 0 0 0 0 0 0 0 0 0 0 0 0 0 0 0 0 0 0
117.10045623779296875 101.69384002685546875 101.69384002685546875 101.69384002685546875 154.5023193359375 154.5023193359375 154.5023193359375 96.42304229736328125 96.42304229736328125 96.42304229736328125 96.42304229736328125 95.24933624267578125 95.24933624267578125 95.24933624267578125 90.12212371826171875 90.12212371826171875 90.12212371826171875 94.8077392578125 94.8077392578125 94.8077392578125 90.51056671142578125 90.51056671142578125 90.51056671142578125 90.51056671142578125 116.03369903564453125 116.03369903564453125 116.03369903564453125 78.52651214599609375 78.52651214599609375 78.52651214599609375 82.59912109375 82.59912109375 82.59912109375 82.59912109375 0 0 0 0 0 0 0 0 0 0 0 0 0 0 0 0 0 0 0 0 0 0 0 0 0 0 0 0 0
158.49078369140625 109.90367889404296875 109.90367889404296875 109.90367889404296875 109.80983734130859375 109.80983734130859375 109.80983734130859375 101.848419189453125 101.848419189453125 101.848419189453125 101.848419189453125 92.35079193115234375 92.35079193115234375 92.35079193115234375 92.70973968505859375 92.70973968505859375 92.70973968505859375 141.3265838623046875 141.3265838623046875 141.3265838623046875 87.247772216796875 87.247772216796875 87.247772216796875 87.247772216796875 89.50452423095703125 89.50452423095703125 89.50452423095703125 90.95795440673828125 90.95795440673828125 90.95795440673828125 87.77553558349609375 87.77553558349609375 87.77553558349609375 87.77553558349609375 0 0 0 0 0 0 0 0 0 0 0 0 0 0 0 0 0 0 0 0 0 0 0 0 0 0 0 0 0
158.49078369140625 109.90367889404296875 109.90367889404296875 109.90367889404296875 109.80983734130859375 109.80983734130859375 109.80983734130859375 101.848419189453125 101.848419189453125 101.848419189453125 101.848419189453125 92.35079193115234375 92.35079193115234375 92.35079193115234375 92.70973968505859375 92.70973968505859375 92.70973968505859375 141.3265838623046875 141.3265838623046875 141.3265838623046875 87.247772216796875 87.247772216796875 87.247772216796875 87.247772216796875 89.50452423095703125 89.50452423095703125 89.50452423095703125 90.95795440673828125 90.95795440673828125 90.95795440673828125 87.77553558349609375 87.77553558349609375 87.77553558349609375 87.77553558349609375 0 0 0 0 0 0 0 0 0 0 0 0 0 0 0 0 0 0 0 0 0 0 0 0 0 0 0 0 0
158.49078369140625 109.90367889404296875 109.90367889404296875 109.90367889404296875 109.80983734130859375 109.80983734130859375 109.80983734130859375 101.848419189453125 101.848419189453125 101.848419189453125 101.848419189453125 92.35079193115234375 92.35079193115234375 92.35079193115234375 92.70973968505859375 92.70973968505859375 92.70973968505859375 141.3265838623046875 141.3265838623046875 141.3265838623046875 87.247772216796875 87.247772216796875 87.247772216796875 87.247772216796875 89.50452423095703125 89.50452423095703125 89.50452423095703125 90.95795440673828125 90.95795440673828125 90.95795440673828125 87.77553558349609375 87.77553558349609375 87.77553558349609375 87.77553558349609375 0 0 0 0 0 0 0 0 0 0 0 0 0 0 0 0 0 0 0 0 0 0 0 0 0 0 0 0 0
