Big_Beef/DataInputs30m/o_10_ChemistryPools/SOLUS_HumusN/layer3_humusN_gm2_BigBeef.asc
ncols        345
nrows        426
xllcorner    508562.338426187926
yllcorner    5265656.272683421150
cellsize     30.000000000000
NODATA_value -9999
[rows 224 to 251 of 426, columns 63 to 125 of 345]
0 0 0 0 0 0 0 0 0 0 0 0 0 0 0 0 0 0 0 0 0 0 0 0 0 0 0 0 0 0 0 0 0 0 0 0 0 0 0 0 142.8100128173828125 142.8100128173828125 142.8100128173828125 142.8100128173828125 125.1723480224609375 125.1723480224609375 125.1723480224609375 238.33612060546875 238.33612060546875 238.33612060546875 116.678466796875 116.678466796875 116.678466796875 116.678466796875 104.91626739501953125 104.91626739501953125 104.91626739501953125 137.1796722412109375 137.1796722412109375 137.1796722412109375 124.77358245849609375 124.77358245849609375 124.77358245849609375
0 0 0 0 0 0 0 0 0 0 0 0 0 0 0 0 0 0 0 0 0 0 0 0 0 0 0 0 0 0 0 0 0 0 0 0 0 143.8990020751953125 143.8990020751953125 143.8990020751953125 132.907623291015625 132.907623291015625 132.907623291015625 132.907623291015625 129.6456756591796875 129.6456756591796875 129.6456756591796875 126.289581298828125 126.289581298828125 126.289581298828125 84.5574951171875 84.5574951171875 84.5574951171875 84.5574951171875 104.23284912109375 104.23284912109375 104.23284912109375 88.48236846923828125 88.48236846923828125 88.48236846923828125 124.941436767578125 124.941436767578125 124.941436767578125
0 0 0 0 0 0 0 0 0 0 0 0 0 0 0 0 0 0 0 0 0 0 0 0 0 0 0 0 0 0 0 0 0 0 0 0 0 143.8990020751953125 143.8990020751953125 143.8990020751953125 132.907623291015625 132.907623291015625 132.907623291015625 132.907623291015625 129.6456756591796875 129.6456756591796875 129.6456756591796875 126.289581298828125 126.289581298828125 126.289581298828125 84.5574951171875 84.5574951171875 84.5574951171875 84.5574951171875 104.23284912109375 104.23284912109375 104.23284912109375 88.48236846923828125 88.48236846923828125 88.48236846923828125 124.941436767578125 124.941436767578125 124.941436767578125
0 0 0 0 0 0 0 0 0 0 0 0 0 0 0 0 0 0 0 0 0 0 0 0 0 0 0 0 0 0 0 0 0 0 0 0 0 143.8990020751953125 143.8990020751953125 143.8990020751953125 132.907623291015625 132.907623291015625 132.907623291015625 132.907623291015625 129.6456756591796875 129.6456756591796875 129.6456756591796875 126.289581298828125 126.289581298828125 126.289581298828125 84.5574951171875 84.5574951171875 84.5574951171875 84.5574951171875 104.23284912109375 104.23284912109375 104.23284912109375 88.48236846923828125 88.48236846923828125 88.48236846923828125 124.941436767578125 124.941436767578125 124.941436767578125
0 0 0 0 0 0 0 0 0 0 0 0 0 0 0 0 0 0 0 0 0 0 0 0 0 0 0 0 0 0 0 0 0 0 0 0 0 99.32091522216796875 99.32091522216796875 99.32091522216796875 132.756591796875 132.756591796875 132.756591796875 132.756591796875 112.597198486328125 112.597198486328125 112.597198486328125 75.732177734375 75.732177734375 75.732177734375 115.75020599365234375 115.75020599365234375 115.75020599365234375 115.75020599365234375 113.00260162353515625 113.00260162353515625 113.00260162353515625 87.684112548828125 87.684112548828125 87.684112548828125 104.7052001953125 104.7052001953125 104.7052001953125
0 0 0 0 0 0 0 0 0 0 0 0 0 0 0 0 0 0 0 0 0 0 0 0 0 0 0 0 0 0 0 0 0 0 0 0 0 99.32091522216796875 99.32091522216796875 99.32091522216796875 132.756591796875 132.756591796875 132.756591796875 132.756591796875 112.597198486328125 112.597198486328125 112.597198486328125 75.732177734375 75.732177734375 75.732177734375 115.75020599365234375 115.75020599365234375 115.75020599365234375 115.75020599365234375 113.00260162353515625 113.00260162353515625 113.00260162353515625 87.684112548828125 87.684112548828125 87.684112548828125 104.7052001953125 104.7052001953125 104.7052001953125
0 0 0 0 0 0 0 0 0 0 0 0 0 0 0 0 0 0 0 0 0 0 0 0 0 0 0 0 0 0 0 0 0 0 0 0 0 99.32091522216796875 99.32091522216796875 99.32091522216796875 132.756591796875 132.756591796875 132.756591796875 132.756591796875 112.597198486328125 112.597198486328125 112.597198486328125 75.732177734375 75.732177734375 75.732177734375 115.75020599365234375 115.75020599365234375 115.75020599365234375 115.75020599365234375 113.00260162353515625 113.00260162353515625 113.00260162353515625 87.684112548828125 87.684112548828125 87.684112548828125 104.7052001953125 104.7052001953125 104.7052001953125
0 0 0 0 0 0 0 0 0 0 0 0 0 0 0 0 0 0 0 0 0 0 0 0 0 0 0 0 0 0 121.59928131103515625 121.59928131103515625 121.59928131103515625 121.59928131103515625 96.3038330078125 96.3038330078125 96.3038330078125 88.95880889892578125 88.95880889892578125 88.95880889892578125 108.28759765625 108.28759765625 108.28759765625 108.28759765625 101.70838165283203125 101.70838165283203125 101.70838165283203125 80.3315582275390625 80.3315582275390625 80.3315582275390625 92.53165435791015625 92.53165435791015625 92.53165435791015625 92.53165435791015625 137.2855224609375 137.2855224609375 137.2855224609375 103.8502197265625 103.8502197265625 103.8502197265625 102.46923065185546875 102.46923065185546875 102.46923065185546875
0 0 0 0 0 0 0 0 0 0 0 0 0 0 0 0 0 0 0 0 0 0 0 0 0 0 0 0 0 0 121.59928131103515625 121.59928131103515625 121.59928131103515625 121.59928131103515625 96.3038330078125 96.3038330078125 96.3038330078125 88.95880889892578125 88.95880889892578125 88.95880889892578125 108.28759765625 108.28759765625 108.28759765625 108.28759765625 101.70838165283203125 101.70838165283203125 101.70838165283203125 80.3315582275390625 80.3315582275390625 80.3315582275390625 92.53165435791015625 92.53165435791015625 92.53165435791015625 92.53165435791015625 137.2855224609375 137.2855224609375 137.2855224609375 103.8502197265625 103.8502197265625 103.8502197265625 102.46923065185546875 102.46923065185546875 102.46923065185546875
0 0 0 0 0 0 0 0 0 0 0 0 0 0 0 0 0 0 0 0 0 0 0 0 0 0 0 0 0 0 121.59928131103515625 121.59928131103515625 121.59928131103515625 121.59928131103515625 96.3038330078125 96.3038330078125 96.3038330078125 88.95880889892578125 88.95880889892578125 88.95880889892578125 108.28759765625 108.28759765625 108.28759765625 108.28759765625 101.70838165283203125 101.70838165283203125 101.70838165283203125 80.3315582275390625 80.3315582275390625 80.3315582275390625 92.53165435791015625 92.53165435791015625 92.53165435791015625 92.53165435791015625 137.2855224609375 137.2855224609375 137.2855224609375 103.8502197265625 103.8502197265625 103.8502197265625 102.46923065185546875 102.46923065185546875 102.46923065185546875
0 0 0 0 0 0 0 0 0 0 0 0 0 0 0 0 0 0 0 0 0 0 0 0 0 0 0 0 0 0 121.59928131103515625 121.59928131103515625 121.59928131103515625 121.59928131103515625 96.3038330078125 96.3038330078125 96.3038330078125 88.95880889892578125 88.95880889892578125 88.95880889892578125 108.28759765625 108.28759765625 108.28759765625 108.28759765625 101.70838165283203125 101.70838165283203125 101.70838165283203125 80.3315582275390625 80.3315582275390625 80.3315582275390625 92.53165435791015625 92.53165435791015625 92.53165435791015625 92.53165435791015625 137.2855224609375 137.2855224609375 137.2855224609375 103.8502197265625 103.8502197265625 103.8502197265625 102.46923065185546875 102.46923065185546875 102.46923065185546875
0 0 0 0 0 0 0 0 0 0 0 0 0 0 0 0 0 0 0 0 0 0 0 0 0 0 0 0 0 0 85.82689666748046875 85.82689666748046875 85.82689666748046875 85.82689666748046875 114.28205108642578125 114.28205108642578125 114.28205108642578125 86.75634765625 86.75634765625 86.75634765625 101.00716400146484375 101.00716400146484375 101.00716400146484375 101.00716400146484375 151.8397216796875 151.8397216796875 151.8397216796875 120.92034912109375 120.92034912109375 120.92034912109375 145.54205322265625 145.54205322265625 145.54205322265625 145.54205322265625 143.5676727294921875 143.5676727294921875 143.5676727294921875 147.6212158203125 147.6212158203125 147.6212158203125 190.4215087890625 190.4215087890625 190.4215087890625
0 0 0 0 0 0 0 0 0 0 0 0 0 0 0 0 0 0 0 0 0 0 0 0 0 0 0 0 0 0 85.82689666748046875 85.82689666748046875 85.82689666748046875 85.82689666748046875 114.28205108642578125 114.28205108642578125 114.28205108642578125 86.75634765625 86.75634765625 86.75634765625 101.00716400146484375 101.00716400146484375 101.00716400146484375 101.00716400146484375 151.8397216796875 151.8397216796875 151.8397216796875 120.92034912109375 120.92034912109375 120.92034912109375 145.54205322265625 145.54205322265625 145.54205322265625 145.54205322265625 143.5676727294921875 143.5676727294921875 143.5676727294921875 147.6212158203125 147.6212158203125 147.6212158203125 190.4215087890625 190.4215087890625 190.4215087890625
0 0 0 0 0 0 0 0 0 0 0 0 0 0 0 0 0 0 0 0 0 0 0 0 0 0 0 0 0 0 85.82689666748046875 85.82689666748046875 85.82689666748046875 85.82689666748046875 114.28205108642578125 114.28205108642578125 114.28205108642578125 86.75634765625 86.75634765625 86.75634765625 101.00716400146484375 101.00716400146484375 101.00716400146484375 101.00716400146484375 151.8397216796875 151.8397216796875 151.8397216796875 120.92034912109375 120.92034912109375 120.92034912109375 145.54205322265625 145.54205322265625 145.54205322265625 145.54205322265625 143.5676727294921875 143.5676727294921875 143.5676727294921875 147.6212158203125 147.6212158203125 147.6212158203125 190.4215087890625 190.4215087890625 190.4215087890625
0 0 0 0 0 0 0 0 0 0 0 0 0 0 0 0 0 0 0 0 0 0 0 0 0 0 0 91.36386871337890625 91.36386871337890625 91.36386871337890625 103.04590606689453125 103.04590606689453125 103.04590606689453125 103.04590606689453125 96.843292236328125 96.843292236328125 96.843292236328125 136.88580322265625 136.88580322265625 136.88580322265625 107.954254150390625 107.954254150390625 107.954254150390625 107.954254150390625 158.288299560546875 158.288299560546875 158.288299560546875 112.71623992919921875 112.71623992919921875 112.71623992919921875 167.201080322265625 167.201080322265625 167.201080322265625 167.201080322265625 116.494903564453125 116.494903564453125 116.494903564453125 190.4564208984375 190.4564208984375 190.4564208984375 395.003936767578125 395.003936767578125 395.003936767578125
0 0 0 0 0 0 0 0 0 0 0 0 0 0 0 0 0 0 0 0 0 0 0 0 0 0 0 91.36386871337890625 91.36386871337890625 91.36386871337890625 103.04590606689453125 103.04590606689453125 103.04590606689453125 103.04590606689453125 96.843292236328125 96.843292236328125 96.843292236328125 136.88580322265625 136.88580322265625 136.88580322265625 107.954254150390625 107.954254150390625 107.954254150390625 107.954254150390625 158.288299560546875 158.288299560546875 158.288299560546875 112.71623992919921875 112.71623992919921875 112.71623992919921875 167.201080322265625 167.201080322265625 167.201080322265625 167.201080322265625 116.494903564453125 116.494903564453125 116.494903564453125 190.4564208984375 190.4564208984375 190.4564208984375 395.003936767578125 395.003936767578125 395.003936767578125
0 0 0 0 0 0 0 0 0 0 0 0 0 0 0 0 0 0 0 0 0 0 0 0 0 0 0 91.36386871337890625 91.36386871337890625 91.36386871337890625 103.04590606689453125 103.04590606689453125 103.04590606689453125 103.04590606689453125 96.843292236328125 96.843292236328125 96.843292236328125 136.88580322265625 136.88580322265625 136.88580322265625 107.954254150390625 107.954254150390625 107.954254150390625 107.954254150390625 158.288299560546875 158.288299560546875 158.288299560546875 112.71623992919921875 112.71623992919921875 112.71623992919921875 167.201080322265625 167.201080322265625 167.201080322265625 167.201080322265625 116.494903564453125 116.494903564453125 116.494903564453125 190.4564208984375 190.4564208984375 190.4564208984375 395.003936767578125 395.003936767578125 395.003936767578125
0 0 0 0 108.609375 108.609375 108.609375 0 0 0 0 0 0 0 0 0 0 0 0 0 138.404541015625 138.404541015625 138.404541015625 138.404541015625 135.1320037841796875 135.1320037841796875 135.1320037841796875 96.40213775634765625 96.40213775634765625 96.40213775634765625 109.10033416748046875 109.10033416748046875 109.10033416748046875 109.10033416748046875 165.485137939453125 165.485137939453125 165.485137939453125 114.39299774169921875 114.39299774169921875 114.39299774169921875 162.837493896484375 162.837493896484375 162.837493896484375 162.837493896484375 167.9673004150390625 167.9673004150390625 167.9673004150390625 114.57270050048828125 114.57270050048828125 114.57270050048828125 234.1321563720703125 234.1321563720703125 234.1321563720703125 234.1321563720703125 161.6016845703125 161.6016845703125 161.6016845703125 200.8707427978515625 200.8707427978515625 200.8707427978515625 380.173858642578125 380.173858642578125 380.173858642578125
0 0 0 0 108.609375 108.609375 108.609375 0 0 0 0 0 0 0 0 0 0 0 0 0 138.404541015625 138.404541015625 138.404541015625 138.404541015625 135.1320037841796875 135.1320037841796875 135.1320037841796875 96.40213775634765625 96.40213775634765625 96.40213775634765625 109.10033416748046875 109.10033416748046875 109.10033416748046875 109.10033416748046875 165.485137939453125 165.485137939453125 165.485137939453125 114.39299774169921875 114.39299774169921875 114.39299774169921875 162.837493896484375 162.837493896484375 162.837493896484375 162.837493896484375 167.9673004150390625 167.9673004150390625 167.9673004150390625 114.57270050048828125 114.57270050048828125 114.57270050048828125 234.1321563720703125 234.1321563720703125 234.1321563720703125 234.1321563720703125 161.6016845703125 161.6016845703125 161.6016845703125 200.8707427978515625 200.8707427978515625 200.8707427978515625 380.173858642578125 380.173858642578125 380.173858642578125
0 0 0 0 108.609375 108.609375 108.609375 0 0 0 0 0 0 0 0 0 0 0 0 0 138.404541015625 138.404541015625 138.404541015625 138.404541015625 135.1320037841796875 135.1320037841796875 135.1320037841796875 96.40213775634765625 96.40213775634765625 96.40213775634765625 109.10033416748046875 109.10033416748046875 109.10033416748046875 109.10033416748046875 165.485137939453125 165.485137939453125 165.485137939453125 114.39299774169921875 114.39299774169921875 114.39299774169921875 162.837493896484375 162.837493896484375 162.837493896484375 162.837493896484375 167.9673004150390625 167.9673004150390625 167.9673004150390625 114.57270050048828125 114.57270050048828125 114.57270050048828125 234.1321563720703125 234.1321563720703125 234.1321563720703125 234.1321563720703125 161.6016845703125 161.6016845703125 161.6016845703125 200.8707427978515625 200.8707427978515625 200.8707427978515625 380.173858642578125 380.173858642578125 380.173858642578125
0 0 0 0 108.609375 108.609375 108.609375 0 0 0 0 0 0 0 0 0 0 0 0 0 138.404541015625 138.404541015625 138.404541015625 138.404541015625 135.1320037841796875 135.1320037841796875 135.1320037841796875 96.40213775634765625 96.40213775634765625 96.40213775634765625 109.10033416748046875 109.10033416748046875 109.10033416748046875 109.10033416748046875 165.485137939453125 165.485137939453125 165.485137939453125 114.39299774169921875 114.39299774169921875 114.39299774169921875 162.837493896484375 162.837493896484375 162.837493896484375 162.837493896484375 167.9673004150390625 167.9673004150390625 167.9673004150390625 114.57270050048828125 114.57270050048828125 114.57270050048828125 234.1321563720703125 234.1321563720703125 234.1321563720703125 234.1321563720703125 161.6016845703125 161.6016845703125 161.6016845703125 200.8707427978515625 200.8707427978515625 200.8707427978515625 380.173858642578125 380.173858642578125 380.173858642578125
0 0 0 0 110.06453704833984375 110.06453704833984375 110.06453704833984375 0 0 0 0 0 0 0 0 0 0 0 0 0 145.3785552978515625 145.3785552978515625 145.3785552978515625 145.3785552978515625 132.642181396484375 132.642181396484375 132.642181396484375 89.56136322021484375 89.56136322021484375 89.56136322021484375 147.199066162109375 147.199066162109375 147.199066162109375 147.199066162109375 101.248809814453125 101.248809814453125 101.248809814453125 141.4588165283203125 141.4588165283203125 141.4588165283203125 115.75659942626953125 115.75659942626953125 115.75659942626953125 115.75659942626953125 165.4170989990234375 165.4170989990234375 165.4170989990234375 125.687164306640625 125.687164306640625 125.687164306640625 127.49764251708984375 127.49764251708984375 127.49764251708984375 127.49764251708984375 217.388427734375 217.388427734375 217.388427734375 377.364715576171875 377.364715576171875 377.364715576171875 218.4801177978515625 218.4801177978515625 218.4801177978515625
0 0 0 0 110.06453704833984375 110.06453704833984375 110.06453704833984375 0 0 0 0 0 0 0 0 0 0 0 0 0 145.3785552978515625 145.3785552978515625 145.3785552978515625 145.3785552978515625 132.642181396484375 132.642181396484375 132.642181396484375 89.56136322021484375 89.56136322021484375 89.56136322021484375 147.199066162109375 147.199066162109375 147.199066162109375 147.199066162109375 101.248809814453125 101.248809814453125 101.248809814453125 141.4588165283203125 141.4588165283203125 141.4588165283203125 115.75659942626953125 115.75659942626953125 115.75659942626953125 115.75659942626953125 165.4170989990234375 165.4170989990234375 165.4170989990234375 125.687164306640625 125.687164306640625 125.687164306640625 127.49764251708984375 127.49764251708984375 127.49764251708984375 127.49764251708984375 217.388427734375 217.388427734375 217.388427734375 377.364715576171875 377.364715576171875 377.364715576171875 218.4801177978515625 218.4801177978515625 218.4801177978515625
0 0 0 0 110.06453704833984375 110.06453704833984375 110.06453704833984375 0 0 0 0 0 0 0 0 0 0 0 0 0 145.3785552978515625 145.3785552978515625 145.3785552978515625 145.3785552978515625 132.642181396484375 132.642181396484375 132.642181396484375 89.56136322021484375 89.56136322021484375 89.56136322021484375 147.199066162109375 147.199066162109375 147.199066162109375 147.199066162109375 101.248809814453125 101.248809814453125 101.248809814453125 141.4588165283203125 141.4588165283203125 141.4588165283203125 115.75659942626953125 115.75659942626953125 115.75659942626953125 115.75659942626953125 165.4170989990234375 165.4170989990234375 165.4170989990234375 125.687164306640625 125.687164306640625 125.687164306640625 127.49764251708984375 127.49764251708984375 127.49764251708984375 127.49764251708984375 217.388427734375 217.388427734375 217.388427734375 377.364715576171875 377.364715576171875 377.364715576171875 218.4801177978515625 218.4801177978515625 218.4801177978515625
0 0 0 0 97.87868499755859375 97.87868499755859375 97.87868499755859375 104.045928955078125 104.045928955078125 104.045928955078125 104.045928955078125 0 0 0 98.36298370361328125 98.36298370361328125 98.36298370361328125 0 0 0 110.51494598388671875 110.51494598388671875 110.51494598388671875 110.51494598388671875 95.34033203125 95.34033203125 95.34033203125 98.68115234375 98.68115234375 98.68115234375 144.540496826171875 144.540496826171875 144.540496826171875 144.540496826171875 100.96898651123046875 100.96898651123046875 100.96898651123046875 149.863250732421875 149.863250732421875 149.863250732421875 154.5443267822265625 154.5443267822265625 154.5443267822265625 154.5443267822265625 150.5445098876953125 150.5445098876953125 150.5445098876953125 196.8492431640625 196.8492431640625 196.8492431640625 196.1461334228515625 196.1461334228515625 196.1461334228515625 196.1461334228515625 202.485076904296875 202.485076904296875 202.485076904296875 144.5883636474609375 144.5883636474609375 144.5883636474609375 159.443817138671875 159.443817138671875 159.443817138671875
0 0 0 0 97.87868499755859375 97.87868499755859375 97.87868499755859375 104.045928955078125 104.045928955078125 104.045928955078125 104.045928955078125 0 0 0 98.36298370361328125 98.36298370361328125 98.36298370361328125 0 0 0 110.51494598388671875 110.51494598388671875 110.51494598388671875 110.51494598388671875 95.34033203125 95.34033203125 95.34033203125 98.68115234375 98.68115234375 98.68115234375 144.540496826171875 144.540496826171875 144.540496826171875 144.540496826171875 100.96898651123046875 100.96898651123046875 100.96898651123046875 149.863250732421875 149.863250732421875 149.863250732421875 154.5443267822265625 154.5443267822265625 154.5443267822265625 154.5443267822265625 150.5445098876953125 150.5445098876953125 150.5445098876953125 196.8492431640625 196.8492431640625 196.8492431640625 196.1461334228515625 196.1461334228515625 196.1461334228515625 196.1461334228515625 202.485076904296875 202.485076904296875 202.485076904296875 144.5883636474609375 144.5883636474609375 144.5883636474609375 159.443817138671875 159.443817138671875 159.443817138671875
0 0 0 0 97.87868499755859375 97.87868499755859375 97.87868499755859375 104.045928955078125 104.045928955078125 104.045928955078125 104.045928955078125 0 0 0 98.36298370361328125 98.36298370361328125 98.36298370361328125 0 0 0 110.51494598388671875 110.51494598388671875 110.51494598388671875 110.51494598388671875 95.34033203125 95.34033203125 95.34033203125 98.68115234375 98.68115234375 98.68115234375 144.540496826171875 144.540496826171875 144.540496826171875 144.540496826171875 100.96898651123046875 100.96898651123046875 100.96898651123046875 149.863250732421875 149.863250732421875 149.863250732421875 154.5443267822265625 154.5443267822265625 154.5443267822265625 154.5443267822265625 150.5445098876953125 150.5445098876953125 150.5445098876953125 196.8492431640625 196.8492431640625 196.8492431640625 196.1461334228515625 196.1461334228515625 196.1461334228515625 196.1461334228515625 202.485076904296875 202.485076904296875 202.485076904296875 144.5883636474609375 144.5883636474609375 144.5883636474609375 159.443817138671875 159.443817138671875 159.443817138671875
0 0 0 0 94.43891143798828125 94.43891143798828125 94.43891143798828125 86.77724456787109375 86.77724456787109375 86.77724456787109375 86.77724456787109375 96.19489288330078125 96.19489288330078125 96.19489288330078125 138.4618988037109375 138.4618988037109375 138.4618988037109375 95.61086273193359375 95.61086273193359375 95.61086273193359375 92.01703643798828125 92.01703643798828125 92.01703643798828125 92.01703643798828125 95.20241546630859375 95.20241546630859375 95.20241546630859375 90.47541046142578125 90.47541046142578125 90.47541046142578125 143.37109375 143.37109375 143.37109375 143.37109375 167.5392303466796875 167.5392303466796875 167.5392303466796875 283.7265625 283.7265625 283.7265625 145.9356842041015625 145.9356842041015625 145.9356842041015625 145.9356842041015625 128.5780792236328125 128.5780792236328125 128.5780792236328125 124.17423248291015625 124.17423248291015625 124.17423248291015625 149.8498077392578125 149.8498077392578125 149.8498077392578125 149.8498077392578125 135.0787353515625 135.0787353515625 135.0787353515625 150.5634765625 150.5634765625 150.5634765625 147.3443756103515625 147.3443756103515625 147.3443756103515625
