Big_Beef/DataInputs30m/o_10_ChemistryPools/SOLUS_HumusN/layer2_humusN_gm2_BigBeef_reduced.asc
ncols        345
nrows        426
xllcorner    508562.338426187926
yllcorner    5265656.272683421150
cellsize     30.000000000000
NODATA_value -9999
[rows 108 to 134 of 426, columns 180 to 239 of 345]
0.000000 0.000000 0.000000 0.000000 0.000000 0.000000 0.000000 0.000000 0.000000 0.000000 0.000000 0.000000 0.000000 0.000000 0.000000 0.000000 0.000000 0.000000 0.000000 0.000000 0.000000 0.000000 0.000000 0.000000 0.000000 0.000000 0.000000 0.000000 0.000000 0.000000 161.949539 161.949539 161.949539 173.703979 173.703979 173.703979 180.598022 180.598022 180.598022 175.594254 175.594254 175.594254 175.594254 187.257584 187.257584 187.257584 198.539200 198.539200 198.539200 262.364105 262.364105 262.364105 262.364105 285.826324 285.826324 285.826324 315.229156 315.229156 315.229156 262.979767
0.000000 0.000000 0.000000 0.000000 0.000000 0.000000 0.000000 0.000000 0.000000 0.000000 0.000000 0.000000 0.000000 0.000000 0.000000 0.000000 0.000000 0.000000 0.000000 0.000000 0.000000 0.000000 0.000000 0.000000 0.000000 0.000000 0.000000 0.000000 0.000000 0.000000 151.054550 151.054550 151.054550 169.888504 169.888504 169.888504 180.195816 180.195816 180.195816 179.415344 179.415344 179.415344 179.415344 189.412308 189.412308 189.412308 276.032166 276.032166 276.032166 275.051971 275.051971 275.051971 275.051971 397.443542 397.443542 397.443542 313.137543 313.137543 313.137543 279.454712
0.000000 0.000000 0.000000 0.000000 0.000000 0.000000 0.000000 0.000000 0.000000 0.000000 0.000000 0.000000 0.000000 0.000000 0.000000 0.000000 0.000000 0.000000 0.000000 0.000000 0.000000 0.000000 0.000000 0.000000 0.000000 0.000000 0.000000 0.000000 0.000000 0.000000 151.054550 151.054550 151.054550 169.888504 169.888504 169.888504 180.195816 180.195816 180.195816 179.415344 179.415344 179.415344 179.415344 189.412308 189.412308 189.412308 276.032166 276.032166 276.032166 275.051971 275.051971 275.051971 275.051971 397.443542 397.443542 397.443542 313.137543 313.137543 313.137543 279.454712
0.000000 0.000000 0.000000 0.000000 0.000000 0.000000 0.000000 0.000000 0.000000 0.000000 0.000000 0.000000 0.000000 0.000000 0.000000 0.000000 0.000000 0.000000 0.000000 0.000000 0.000000 0.000000 0.000000 0.000000 0.000000 0.000000 0.000000 0.000000 0.000000 0.000000 151.054550 151.054550 151.054550 169.888504 169.888504 169.888504 180.195816 180.195816 180.195816 179.415344 179.415344 179.415344 179.415344 189.412308 189.412308 189.412308 276.032166 276.032166 276.032166 275.051971 275.051971 275.051971 275.051971 397.443542 397.443542 397.443542 313.137543 313.137543 313.137543 279.454712
0.000000 0.000000 0.000000 0.000000 0.000000 0.000000 0.000000 0.000000 0.000000 0.000000 0.000000 0.000000 0.000000 0.000000 0.000000 0.000000 0.000000 0.000000 0.000000 0.000000 0.000000 0.000000 0.000000 0.000000 0.000000 0.000000 151.786911 151.786911 151.786911 151.786911 153.595352 153.595352 153.595352 221.736542 221.736542 221.736542 171.456116 171.456116 171.456116 179.468628 179.468628 179.468628 179.468628 179.904648 179.904648 179.904648 182.169449 182.169449 182.169449 237.422684 237.422684 237.422684 237.422684 280.461639 280.461639 280.461639 305.055481 305.055481 305.055481 282.018585
0.000000 0.000000 0.000000 0.000000 0.000000 0.000000 0.000000 0.000000 0.000000 0.000000 0.000000 0.000000 0.000000 0.000000 0.000000 0.000000 0.000000 0.000000 0.000000 0.000000 0.000000 0.000000 0.000000 0.000000 0.000000 0.000000 151.786911 151.786911 151.786911 151.786911 153.595352 153.595352 153.595352 221.736542 221.736542 221.736542 171.456116 171.456116 171.456116 179.468628 179.468628 179.468628 179.468628 179.904648 179.904648 179.904648 182.169449 182.169449 182.169449 237.422684 237.422684 237.422684 237.422684 280.461639 280.461639 280.461639 305.055481 305.055481 305.055481 282.018585
0.000000 0.000000 0.000000 0.000000 0.000000 0.000000 0.000000 0.000000 0.000000 0.000000 0.000000 0.000000 0.000000 0.000000 0.000000 0.000000 0.000000 0.000000 0.000000 0.000000 0.000000 0.000000 0.000000 0.000000 0.000000 0.000000 151.786911 151.786911 151.786911 151.786911 153.595352 153.595352 153.595352 221.736542 221.736542 221.736542 171.456116 171.456116 171.456116 179.468628 179.468628 179.468628 179.468628 179.904648 179.904648 179.904648 182.169449 182.169449 182.169449 237.422684 237.422684 237.422684 237.422684 280.461639 280.461639 280.461639 305.055481 305.055481 305.055481 282.018585
0.000000 0.000000 0.000000 0.000000 0.000000 0.000000 0.000000 0.000000 0.000000 0.000000 0.000000 0.000000 0.000000 0.000000 0.000000 0.000000 0.000000 0.000000 0.000000 0.000000 0.000000 0.000000 0.000000 0.000000 0.000000 0.000000 149.997696 149.997696 149.997696 149.997696 154.576126 154.576126 154.576126 147.985184 147.985184 147.985184 173.894669 173.894669 173.894669 184.294662 184.294662 184.294662 184.294662 182.840027 182.840027 182.840027 175.238220 175.238220 175.238220 235.017517 235.017517 235.017517 235.017517 391.387848 391.387848 391.387848 303.516479 303.516479 303.516479 261.146912
0.000000 0.000000 0.000000 0.000000 0.000000 0.000000 0.000000 0.000000 0.000000 0.000000 0.000000 0.000000 0.000000 0.000000 0.000000 0.000000 0.000000 0.000000 0.000000 0.000000 0.000000 0.000000 0.000000 0.000000 0.000000 0.000000 149.997696 149.997696 149.997696 149.997696 154.576126 154.576126 154.576126 147.985184 147.985184 147.985184 173.894669 173.894669 173.894669 184.294662 184.294662 184.294662 184.294662 182.840027 182.840027 182.840027 175.238220 175.238220 175.238220 235.017517 235.017517 235.017517 235.017517 391.387848 391.387848 391.387848 303.516479 303.516479 303.516479 261.146912
0.000000 0.000000 0.000000 0.000000 0.000000 0.000000 0.000000 0.000000 0.000000 0.000000 0.000000 0.000000 0.000000 0.000000 0.000000 0.000000 0.000000 0.000000 0.000000 0.000000 0.000000 0.000000 0.000000 0.000000 0.000000 0.000000 149.997696 149.997696 149.997696 149.997696 154.576126 154.576126 154.576126 147.985184 147.985184 147.985184 173.894669 173.894669 173.894669 184.294662 184.294662 184.294662 184.294662 182.840027 182.840027 182.840027 175.238220 175.238220 175.238220 235.017517 235.017517 235.017517 235.017517 391.387848 391.387848 391.387848 303.516479 303.516479 303.516479 261.146912
0.000000 0.000000 0.000000 0.000000 0.000000 0.000000 0.000000 0.000000 0.000000 0.000000 0.000000 0.000000 0.000000 0.000000 0.000000 0.000000 0.000000 0.000000 0.000000 0.000000 0.000000 0.000000 0.000000 0.000000 0.000000 0.000000 149.997696 149.997696 149.997696 149.997696 154.576126 154.576126 154.576126 147.985184 147.985184 147.985184 173.894669 173.894669 173.894669 184.294662 184.294662 184.294662 184.294662 182.840027 182.840027 182.840027 175.238220 175.238220 175.238220 235.017517 235.017517 235.017517 235.017517 391.387848 391.387848 391.387848 303.516479 303.516479 303.516479 261.146912
0.000000 0.000000 0.000000 0.000000 0.000000 0.000000 0.000000 0.000000 0.000000 0.000000 0.000000 0.000000 0.000000 0.000000 0.000000 0.000000 0.000000 0.000000 0.000000 0.000000 0.000000 0.000000 0.000000 135.697159 135.697159 135.697159 141.726852 141.726852 141.726852 141.726852 145.565659 145.565659 145.565659 150.596481 150.596481 150.596481 175.931320 175.931320 175.931320 166.443161 166.443161 166.443161 166.443161 168.146957 168.146957 168.146957 241.610367 241.610367 241.610367 246.853897 246.853897 246.853897 246.853897 397.624512 397.624512 397.624512 429.782837 429.782837 429.782837 261.371277
0.000000 0.000000 0.000000 0.000000 0.000000 0.000000 0.000000 0.000000 0.000000 0.000000 0.000000 0.000000 0.000000 0.000000 0.000000 0.000000 0.000000 0.000000 0.000000 0.000000 0.000000 0.000000 0.000000 135.697159 135.697159 135.697159 141.726852 141.726852 141.726852 141.726852 145.565659 145.565659 145.565659 150.596481 150.596481 150.596481 175.931320 175.931320 175.931320 166.443161 166.443161 166.443161 166.443161 168.146957 168.146957 168.146957 241.610367 241.610367 241.610367 246.853897 246.853897 246.853897 246.853897 397.624512 397.624512 397.624512 429.782837 429.782837 429.782837 261.371277
0.000000 0.000000 0.000000 0.000000 0.000000 0.000000 0.000000 0.000000 0.000000 0.000000 0.000000 0.000000 0.000000 0.000000 0.000000 0.000000 0.000000 0.000000 0.000000 0.000000 0.000000 0.000000 0.000000 135.697159 135.697159 135.697159 141.726852 141.726852 141.726852 141.726852 145.565659 145.565659 145.565659 150.596481 150.596481 150.596481 175.931320 175.931320 175.931320 166.443161 166.443161 166.443161 166.443161 168.146957 168.146957 168.146957 241.610367 241.610367 241.610367 246.853897 246.853897 246.853897 246.853897 397.624512 397.624512 397.624512 429.782837 429.782837 429.782837 261.371277
0.000000 0.000000 0.000000 0.000000 0.000000 0.000000 0.000000 0.000000 0.000000 0.000000 0.000000 0.000000 0.000000 140.523041 140.523041 140.523041 142.093918 142.093918 142.093918 142.093918 138.718399 138.718399 138.718399 133.856232 133.856232 133.856232 132.238937 132.238937 132.238937 132.238937 140.369873 140.369873 140.369873 154.779343 154.779343 154.779343 165.211594 165.211594 165.211594 176.698364 176.698364 176.698364 176.698364 182.151993 182.151993 182.151993 314.123749 314.123749 314.123749 227.627853 227.627853 227.627853 227.627853 243.604050 243.604050 243.604050 295.107605 295.107605 295.107605 383.266571
0.000000 0.000000 0.000000 0.000000 0.000000 0.000000 0.000000 0.000000 0.000000 0.000000 0.000000 0.000000 0.000000 140.523041 140.523041 140.523041 142.093918 142.093918 142.093918 142.093918 138.718399 138.718399 138.718399 133.856232 133.856232 133.856232 132.238937 132.238937 132.238937 132.238937 140.369873 140.369873 140.369873 154.779343 154.779343 154.779343 165.211594 165.211594 165.211594 176.698364 176.698364 176.698364 176.698364 182.151993 182.151993 182.151993 314.123749 314.123749 314.123749 227.627853 227.627853 227.627853 227.627853 243.604050 243.604050 243.604050 295.107605 295.107605 295.107605 383.266571
0.000000 0.000000 0.000000 0.000000 0.000000 0.000000 0.000000 0.000000 0.000000 0.000000 0.000000 0.000000 0.000000 140.523041 140.523041 140.523041 142.093918 142.093918 142.093918 142.093918 138.718399 138.718399 138.718399 133.856232 133.856232 133.856232 132.238937 132.238937 132.238937 132.238937 140.369873 140.369873 140.369873 154.779343 154.779343 154.779343 165.211594 165.211594 165.211594 176.698364 176.698364 176.698364 176.698364 182.151993 182.151993 182.151993 314.123749 314.123749 314.123749 227.627853 227.627853 227.627853 227.627853 243.604050 243.604050 243.604050 295.107605 295.107605 295.107605 383.266571
0.000000 0.000000 0.000000 0.000000 0.000000 0.000000 0.000000 0.000000 0.000000 0.000000 0.000000 0.000000 0.000000 138.240921 138.240921 138.240921 143.148590 143.148590 143.148590 143.148590 149.913712 149.913712 149.913712 132.498032 132.498032 132.498032 130.941223 130.941223 130.941223 130.941223 132.904526 132.904526 132.904526 162.851196 162.851196 162.851196 170.752884 170.752884 170.752884 168.119919 168.119919 168.119919 168.119919 172.435608 172.435608 172.435608 232.368713 232.368713 232.368713 368.400635 368.400635 368.400635 368.400635 396.076538 396.076538 396.076538 298.842560 298.842560 298.842560 251.982315
0.000000 0.000000 0.000000 0.000000 0.000000 0.000000 0.000000 0.000000 0.000000 0.000000 0.000000 0.000000 0.000000 138.240921 138.240921 138.240921 143.148590 143.148590 143.148590 143.148590 149.913712 149.913712 149.913712 132.498032 132.498032 132.498032 130.941223 130.941223 130.941223 130.941223 132.904526 132.904526 132.904526 162.851196 162.851196 162.851196 170.752884 170.752884 170.752884 168.119919 168.119919 168.119919 168.119919 172.435608 172.435608 172.435608 232.368713 232.368713 232.368713 368.400635 368.400635 368.400635 368.400635 396.076538 396.076538 396.076538 298.842560 298.842560 298.842560 251.982315
0.000000 0.000000 0.000000 0.000000 0.000000 0.000000 0.000000 0.000000 0.000000 0.000000 0.000000 0.000000 0.000000 138.240921 138.240921 138.240921 143.148590 143.148590 143.148590 143.148590 149.913712 149.913712 149.913712 132.498032 132.498032 132.498032 130.941223 130.941223 130.941223 130.941223 132.904526 132.904526 132.904526 162.851196 162.851196 162.851196 170.752884 170.752884 170.752884 168.119919 168.119919 168.119919 168.119919 172.435608 172.435608 172.435608 232.368713 232.368713 232.368713 368.400635 368.400635 368.400635 368.400635 396.076538 396.076538 396.076538 298.842560 298.842560 298.842560 251.982315
0.000000 0.000000 0.000000 0.000000 0.000000 0.000000 0.000000 0.000000 0.000000 0.000000 0.000000 0.000000 0.000000 138.240921 138.240921 138.240921 143.148590 143.148590 143.148590 143.148590 149.913712 149.913712 149.913712 132.498032 132.498032 132.498032 130.941223 130.941223 130.941223 130.941223 132.904526 132.904526 132.904526 162.851196 162.851196 162.851196 170.752884 170.752884 170.752884 168.119919 168.119919 168.119919 168.119919 172.435608 172.435608 172.435608 232.368713 232.368713 232.368713 368.400635 368.400635 368.400635 368.400635 396.076538 396.076538 396.076538 298.842560 298.842560 298.842560 251.982315
0.000000 0.000000 0.000000 0.000000 0.000000 0.000000 0.000000 0.000000 0.000000 0.000000 0.000000 0.000000 0.000000 141.344040 141.344040 141.344040 135.085922 135.085922 135.085922 135.085922 131.447952 131.447952 131.447952 132.145660 132.145660 132.145660 126.144035 126.144035 126.144035 126.144035 131.773483 131.773483 131.773483 148.825241 148.825241 148.825241 164.075851 164.075851 164.075851 172.949951 172.949951 172.949951 172.949951 167.781174 167.781174 167.781174 176.504532 176.504532 176.504532 269.216064 269.216064 269.216064 269.216064 296.237915 296.237915 296.237915 282.386078 282.386078 282.386078 169.904343
0.000000 0.000000 0.000000 0.000000 0.000000 0.000000 0.000000 0.000000 0.000000 0.000000 0.000000 0.000000 0.000000 141.344040 141.344040 141.344040 135.085922 135.085922 135.085922 135.085922 131.447952 131.447952 131.447952 132.145660 132.145660 132.145660 126.144035 126.144035 126.144035 126.144035 131.773483 131.773483 131.773483 148.825241 148.825241 148.825241 164.075851 164.075851 164.075851 172.949951 172.949951 172.949951 172.949951 167.781174 167.781174 167.781174 176.504532 176.504532 176.504532 269.216064 269.216064 269.216064 269.216064 296.237915 296.237915 296.237915 282.386078 282.386078 282.386078 169.904343
0.000000 0.000000 0.000000 0.000000 0.000000 0.000000 0.000000 0.000000 0.000000 0.000000 0.000000 0.000000 0.000000 141.344040 141.344040 141.344040 135.085922 135.085922 135.085922 135.085922 131.447952 131.447952 131.447952 132.145660 132.145660 132.145660 126.144035 126.144035 126.144035 126.144035 131.773483 131.773483 131.773483 148.825241 148.825241 148.825241 164.075851 164.075851 164.075851 172.949951 172.949951 172.949951 172.949951 167.781174 167.781174 167.781174 176.504532 176.504532 176.504532 269.216064 269.216064 269.216064 269.216064 296.237915 296.237915 296.237915 282.386078 282.386078 282.386078 169.904343
0.000000 0.000000 0.000000 0.000000 0.000000 0.000000 0.000000 0.000000 0.000000 0.000000 0.000000 0.000000 0.000000 137.293839 137.293839 137.293839 134.311996 134.311996 134.311996 134.311996 131.913437 131.913437 131.913437 132.325241 132.325241 132.325241 154.669144 154.669144 154.669144 154.669144 130.014145 130.014145 130.014145 143.365494 143.365494 143.365494 167.135880 167.135880 167.135880 162.986572 162.986572 162.986572 162.986572 171.539490 171.539490 171.539490 227.440796 227.440796 227.440796 276.289642 276.289642 276.289642 276.289642 297.339569 297.339569 297.339569 255.053040 255.053040 255.053040 177.697937
0.000000 0.000000 0.000000 0.000000 0.000000 0.000000 0.000000 0.000000 0.000000 0.000000 0.000000 0.000000 0.000000 137.293839 137.293839 137.293839 134.311996 134.311996 134.311996 134.311996 131.913437 131.913437 131.913437 132.325241 132.325241 132.325241 154.669144 154.669144 61.867658 154.669144 130.014145 130.014145 130.014145 143.365494 143.365494 143.365494 167.135880 167.135880 167.135880 162.986572 162.986572 162.986572 162.986572 171.539490 171.539490 171.539490 227.440796 227.440796 227.440796 276.289642 276.289642 276.289642 276.289642 297.339569 297.339569 297.339569 255.053040 255.053040 255.053040 177.697937
0.000000 0.000000 0.000000 0.000000 0.000000 0.000000 0.000000 0.000000 0.000000 0.000000 0.000000 0.000000 0.000000 137.293839 137.293839 137.293839 134.311996 134.311996 134.311996 134.311996 131.913437 131.913437 131.913437 132.325241 132.325241 132.325241 154.669144 154.669144 154.669144 154.669144 130.014145 130.014145 130.014145 143.365494 143.365494 143.365494 167.135880 167.135880 167.135880 162.986572 162.986572 162.986572 162.986572 171.539490 171.539490 171.539490 227.440796 227.440796 227.440796 276.289642 276.289642 276.289642 276.289642 297.339569 297.339569 297.339569 255.053040 255.053040 255.053040 177.697937
