Big_Beef/DataInputs30m/o_10_ChemistryPools/SOLUS_HumusN/layer4_humusN_gm2_BigBeef_reduced.asc
ncols        345
nrows        426
xllcorner    508562.338426187926
yllcorner    5265656.272683421150
cellsize     30.000000000000
NODATA_value -9999
[rows 297 to 323 of 426, columns 61 to 121 of 345]
74.381440 74.381440 185.953598 74.464302 74.464302 186.160751 25.814902 64.537254 64.537254 22.067180 55.167950 55.167950 22.067180 71.206619 14.241324 14.241324 15.960326 15.960326 15.960326 16.561138 55.203793 55.203793 113.127045 113.127045 113.127045 113.127045 53.897675 53.897675 53.897675 49.949047 49.949047 49.949047 51.985916 51.985916 51.985916 51.985916 56.072586 56.072586 56.072586 53.239441 53.239441 53.239441 53.192547 53.192547 53.192547 53.192547 52.264500 52.264500 52.264500 51.931751 51.931751 51.931751 113.367668 113.367668 113.367668 113.367668 122.492455 122.492455 122.492455 66.132210 66.132210
173.458633 69.383454 69.383454 81.605110 32.642045 32.642045 32.581861 32.581861 32.581861 72.998749 72.998749 29.199500 29.199500 71.018585 71.018585 71.018585 69.725174 69.725174 69.725174 15.148429 50.494762 50.494762 54.498188 54.498188 54.498188 54.498188 50.975311 50.975311 50.975311 50.386951 50.386951 50.386951 52.563229 52.563229 52.563229 52.563229 55.174923 55.174923 55.174923 58.965237 58.965237 58.965237 57.367008 57.367008 57.367008 57.367008 55.738312 55.738312 55.738312 57.939777 57.939777 57.939777 122.455803 122.455803 122.455803 122.455803 128.671494 128.671494 128.671494 88.265747 88.265747
173.458633 173.458633 173.458633 81.605110 32.642045 81.605110 32.581861 32.581861 32.581861 29.199500 29.199500 21.899626 21.899626 21.305576 28.407435 28.407435 27.890070 27.890070 27.890070 50.494762 50.494762 50.494762 54.498188 54.498188 54.498188 54.498188 50.975311 50.975311 50.975311 50.386951 50.386951 50.386951 52.563229 52.563229 52.563229 52.563229 55.174923 55.174923 55.174923 58.965237 58.965237 58.965237 57.367008 57.367008 57.367008 57.367008 55.738312 55.738312 55.738312 57.939777 57.939777 57.939777 122.455803 122.455803 122.455803 122.455803 128.671494 128.671494 128.671494 88.265747 88.265747
173.458633 173.458633 173.458633 81.605110 81.605110 81.605110 81.454651 81.454651 81.454651 72.998749 72.998749 72.998749 72.998749 28.407435 71.018585 71.018585 27.890070 69.725174 27.890070 50.494762 50.494762 50.494762 54.498188 54.498188 54.498188 54.498188 50.975311 50.975311 50.975311 50.386951 50.386951 50.386951 52.563229 52.563229 52.563229 52.563229 55.174923 55.174923 55.174923 58.965237 58.965237 58.965237 57.367008 57.367008 57.367008 57.367008 55.738312 55.738312 55.738312 57.939777 57.939777 57.939777 122.455803 122.455803 122.455803 122.455803 128.671494 128.671494 128.671494 88.265747 88.265747
53.525434 133.813583 133.813583 67.226189 26.890476 67.226189 57.335720 57.335720 57.335720 49.446915 49.446915 49.446915 14.834075 13.600969 45.336563 13.600969 41.808399 41.808399 41.808399 46.917007 46.917007 46.917007 52.615978 52.615978 52.615978 52.615978 51.111599 51.111599 51.111599 48.736507 48.736507 48.736507 50.031353 50.031353 50.031353 50.031353 56.986248 56.986248 56.986248 59.246490 59.246490 59.246490 66.450584 66.450584 66.450584 66.450584 61.076221 61.076221 61.076221 61.583832 61.583832 61.583832 128.490555 128.490555 128.490555 128.490555 128.742386 128.742386 128.742386 95.201843 95.201843
133.813583 133.813583 133.813583 67.226189 67.226189 67.226189 57.335720 57.335720 57.335720 49.446915 49.446915 49.446915 19.778766 45.336563 45.336563 45.336563 41.808399 41.808399 41.808399 14.075103 46.917007 46.917007 52.615978 52.615978 52.615978 52.615978 51.111599 51.111599 51.111599 48.736507 48.736507 48.736507 50.031353 50.031353 50.031353 50.031353 56.986248 56.986248 56.986248 59.246490 59.246490 59.246490 66.450584 66.450584 66.450584 66.450584 61.076221 61.076221 61.076221 61.583832 61.583832 61.583832 128.490555 128.490555 128.490555 128.490555 128.742386 128.742386 128.742386 95.201843 95.201843
133.813583 133.813583 133.813583 67.226189 67.226189 67.226189 57.335720 57.335720 57.335720 19.778766 19.778766 49.446915 49.446915 13.600969 18.134626 45.336563 41.808399 41.808399 41.808399 46.917007 46.917007 46.917007 52.615978 52.615978 52.615978 52.615978 51.111599 51.111599 51.111599 48.736507 48.736507 48.736507 50.031353 50.031353 50.031353 50.031353 56.986248 56.986248 56.986248 59.246490 59.246490 59.246490 66.450584 66.450584 66.450584 66.450584 61.076221 61.076221 61.076221 61.583832 61.583832 61.583832 128.490555 128.490555 128.490555 128.490555 128.742386 128.742386 128.742386 95.201843 95.201843
102.030579 102.030579 102.030579 18.666491 62.221634 24.888654 52.545193 52.545193 52.545193 44.633312 13.389994 44.633312 44.633312 17.262034 57.540112 17.262034 39.238285 39.238285 39.238285 46.597492 46.597492 46.597492 52.652073 52.652073 52.652073 52.652073 103.617760 103.617760 103.617760 48.256931 48.256931 48.256931 51.983917 51.983917 51.983917 51.983917 58.463272 58.463272 58.463272 56.331772 56.331772 56.331772 64.247406 64.247406 64.247406 64.247406 63.962833 63.962833 63.962833 130.082703 130.082703 130.082703 128.475723 128.475723 128.475723 128.475723 73.762810 73.762810 73.762810 80.033974 80.033974
102.030579 102.030579 102.030579 62.221634 62.221634 62.221634 52.545193 52.545193 52.545193 44.633312 44.633312 44.633312 13.389994 17.262034 57.540112 57.540112 39.238285 39.238285 39.238285 46.597492 46.597492 46.597492 52.652073 52.652073 52.652073 52.652073 103.617760 103.617760 103.617760 48.256931 48.256931 48.256931 51.983917 51.983917 51.983917 51.983917 58.463272 58.463272 58.463272 56.331772 56.331772 56.331772 64.247406 64.247406 64.247406 64.247406 63.962833 63.962833 63.962833 130.082703 130.082703 130.082703 128.475723 128.475723 128.475723 128.475723 73.762810 73.762810 73.762810 80.033974 80.033974
102.030579 102.030579 102.030579 62.221634 62.221634 62.221634 52.545193 52.545193 52.545193 44.633312 44.633312 44.633312 13.389994 57.540112 57.540112 57.540112 39.238285 39.238285 39.238285 46.597492 46.597492 46.597492 52.652073 52.652073 52.652073 52.652073 103.617760 103.617760 103.617760 48.256931 48.256931 48.256931 51.983917 51.983917 51.983917 51.983917 58.463272 58.463272 58.463272 56.331772 56.331772 56.331772 64.247406 64.247406 64.247406 64.247406 63.962833 63.962833 63.962833 130.082703 130.082703 130.082703 128.475723 128.475723 128.475723 128.475723 73.762810 73.762810 73.762810 80.033974 80.033974
102.030579 102.030579 102.030579 62.221634 18.666491 62.221634 52.545193 52.545193 52.545193 44.633312 13.389994 13.389994 44.633312 17.262034 57.540112 23.016045 39.238285 39.238285 39.238285 46.597492 46.597492 46.597492 52.652073 52.652073 52.652073 52.652073 103.617760 103.617760 103.617760 48.256931 48.256931 48.256931 51.983917 51.983917 51.983917 51.983917 58.463272 58.463272 58.463272 56.331772 56.331772 56.331772 64.247406 64.247406 64.247406 64.247406 63.962833 63.962833 63.962833 130.082703 130.082703 130.082703 128.475723 128.475723 128.475723 128.475723 73.762810 73.762810 73.762810 80.033974 80.033974
214.742355 214.742355 214.742355 63.047501 63.047501 63.047501 45.526047 45.526047 45.526047 42.895824 12.868748 12.868748 42.895824 17.065079 22.753438 56.883595 57.237926 57.237926 57.237926 18.524530 46.311325 46.311325 45.932266 45.932266 45.932266 45.932266 48.557384 48.557384 48.557384 45.579895 45.579895 45.579895 50.761978 50.761978 50.761978 50.761978 54.654491 54.654491 54.654491 59.059650 59.059650 59.059650 59.079010 59.079010 59.079010 59.079010 58.822964 58.822964 58.822964 132.346802 132.346802 132.346802 75.354424 75.354424 75.354424 75.354424 76.259010 76.259010 76.259010 0.000000 0.000000
214.742355 214.742355 214.742355 63.047501 63.047501 63.047501 45.526047 45.526047 45.526047 42.895824 42.895824 12.868748 42.895824 17.065079 17.065079 22.753438 17.171379 22.895171 57.237926 46.311325 46.311325 46.311325 45.932266 45.932266 45.932266 45.932266 48.557384 48.557384 48.557384 45.579895 45.579895 45.579895 50.761978 50.761978 50.761978 50.761978 54.654491 54.654491 54.654491 59.059650 59.059650 59.059650 59.079010 59.079010 59.079010 59.079010 58.822964 58.822964 58.822964 132.346802 132.346802 132.346802 75.354424 75.354424 75.354424 75.354424 76.259010 76.259010 76.259010 0.000000 0.000000
214.742355 64.422709 214.742355 25.219001 63.047501 63.047501 45.526047 45.526047 45.526047 42.895824 42.895824 42.895824 42.895824 56.883595 56.883595 56.883595 57.237926 22.895171 22.895171 46.311325 46.311325 46.311325 45.932266 45.932266 45.932266 45.932266 48.557384 48.557384 48.557384 45.579895 45.579895 45.579895 50.761978 50.761978 50.761978 50.761978 54.654491 54.654491 54.654491 59.059650 59.059650 59.059650 59.079010 59.079010 59.079010 59.079010 58.822964 58.822964 58.822964 132.346802 132.346802 132.346802 75.354424 75.354424 75.354424 75.354424 76.259010 76.259010 76.259010 0.000000 0.000000
173.958618 173.958618 173.958618 54.322292 54.322292 54.322292 50.225948 50.225948 50.225948 37.458454 37.458454 37.458454 37.458454 39.092682 39.092682 39.092682 23.750026 59.375065 23.750026 17.974611 44.936527 44.936527 46.535511 46.535511 46.535511 46.535511 49.802425 49.802425 49.802425 62.362579 62.362579 62.362579 46.820332 46.820332 46.820332 46.820332 53.418106 53.418106 53.418106 60.189480 60.189480 60.189480 58.783478 58.783478 58.783478 58.783478 60.313786 60.313786 60.313786 61.459763 61.459763 61.459763 75.166862 75.166862 75.166862 75.166862 92.090309 92.090309 36.836124 0.000000 0.000000
173.958618 173.958618 173.958618 54.322292 54.322292 54.322292 50.225948 50.225948 50.225948 37.458454 37.458454 37.458454 37.458454 39.092682 39.092682 39.092682 59.375065 17.812520 23.750026 44.936527 44.936527 44.936527 46.535511 46.535511 46.535511 46.535511 49.802425 49.802425 49.802425 62.362579 62.362579 62.362579 46.820332 46.820332 46.820332 46.820332 53.418106 53.418106 53.418106 60.189480 60.189480 60.189480 58.783478 58.783478 58.783478 58.783478 60.313786 60.313786 60.313786 61.459763 61.459763 61.459763 75.166862 75.166862 75.166862 75.166862 92.090309 36.836124 92.090309 0.000000 0.000000
173.958618 173.958618 173.958618 54.322292 54.322292 54.322292 50.225948 50.225948 50.225948 37.458454 37.458454 37.458454 37.458454 39.092682 39.092682 39.092682 59.375065 59.375065 23.750026 44.936527 44.936527 44.936527 46.535511 46.535511 46.535511 46.535511 49.802425 49.802425 49.802425 62.362579 62.362579 62.362579 46.820332 46.820332 46.820332 46.820332 53.418106 53.418106 53.418106 60.189480 60.189480 60.189480 58.783478 58.783478 58.783478 58.783478 60.313786 60.313786 60.313786 61.459763 61.459763 61.459763 75.166862 75.166862 75.166862 75.166862 36.836124 36.836124 92.090309 0.000000 0.000000
214.147537 214.147537 214.147537 84.838310 84.838310 84.838310 49.496277 49.496277 49.496277 44.222610 44.222610 44.222610 44.222610 40.274952 40.274952 40.274952 42.941929 17.176772 17.176772 48.667328 48.667328 48.667328 51.850529 51.850529 51.850529 51.850529 68.593086 68.593086 68.593086 48.080082 48.080082 48.080082 53.236012 53.236012 53.236012 53.236012 57.893417 57.893417 57.893417 59.629776 59.629776 59.629776 57.928967 57.928967 57.928967 57.928967 61.700241 61.700241 61.700241 60.225925 60.225925 60.225925 90.565804 90.565804 90.565804 36.226322 0.000000 0.000000 0.000000 0.000000 0.000000
214.147537 214.147537 214.147537 84.838310 84.838310 84.838310 49.496277 49.496277 49.496277 44.222610 44.222610 44.222610 44.222610 40.274952 40.274952 40.274952 42.941929 42.941929 12.882579 19.466931 48.667328 48.667328 51.850529 51.850529 51.850529 51.850529 68.593086 68.593086 68.593086 48.080082 48.080082 48.080082 53.236012 53.236012 53.236012 53.236012 57.893417 57.893417 57.893417 59.629776 59.629776 59.629776 57.928967 57.928967 57.928967 57.928967 61.700241 61.700241 61.700241 60.225925 60.225925 60.225925 90.565804 90.565804 90.565804 36.226322 0.000000 0.000000 0.000000 0.000000 0.000000
214.147537 214.147537 214.147537 84.838310 84.838310 84.838310 49.496277 49.496277 49.496277 44.222610 44.222610 44.222610 44.222610 40.274952 40.274952 40.274952 42.941929 17.176772 17.176772 48.667328 48.667328 48.667328 51.850529 51.850529 51.850529 51.850529 68.593086 68.593086 68.593086 48.080082 48.080082 48.080082 53.236012 53.236012 53.236012 53.236012 57.893417 57.893417 57.893417 59.629776 59.629776 59.629776 57.928967 57.928967 57.928967 57.928967 61.700241 61.700241 61.700241 60.225925 60.225925 60.225925 90.565804 90.565804 90.565804 36.226322 0.000000 0.000000 0.000000 0.000000 0.000000
214.147537 214.147537 214.147537 84.838310 84.838310 84.838310 49.496277 49.496277 49.496277 44.222610 44.222610 44.222610 44.222610 40.274952 40.274952 40.274952 42.941929 42.941929 42.941929 48.667328 48.667328 48.667328 51.850529 51.850529 51.850529 51.850529 68.593086 68.593086 68.593086 48.080082 48.080082 48.080082 53.236012 53.236012 53.236012 53.236012 57.893417 57.893417 57.893417 59.629776 59.629776 59.629776 57.928967 57.928967 57.928967 57.928967 61.700241 61.700241 61.700241 60.225925 60.225925 60.225925 90.565804 36.226322 36.226322 90.565804 0.000000 0.000000 0.000000 0.000000 0.000000
246.941177 246.941177 246.941177 92.693901 92.693901 92.693901 46.769119 46.769119 46.769119 44.461380 44.461380 44.461380 13.338415 60.318798 60.318798 60.318798 44.267792 44.267792 13.280338 49.564457 49.564457 49.564457 49.987011 49.987011 49.987011 49.987011 52.189068 52.189068 52.189068 54.128128 54.128128 54.128128 60.382568 60.382568 60.382568 60.382568 61.938847 61.938847 61.938847 61.896656 61.896656 61.896656 57.596710 57.596710 57.596710 57.596710 82.433441 82.433441 82.433441 115.795494 115.795494 115.795494 0.000000 0.000000 0.000000 0.000000 0.000000 0.000000 0.000000 0.000000 0.000000
246.941177 246.941177 246.941177 92.693901 92.693901 92.693901 46.769119 46.769119 46.769119 44.461380 44.461380 44.461380 44.461380 60.318798 60.318798 60.318798 44.267792 44.267792 44.267792 49.564457 49.564457 49.564457 49.987011 49.987011 49.987011 49.987011 52.189068 52.189068 52.189068 54.128128 54.128128 54.128128 60.382568 60.382568 60.382568 60.382568 61.938847 61.938847 61.938847 61.896656 61.896656 61.896656 57.596710 57.596710 57.596710 57.596710 82.433441 82.433441 82.433441 115.795494 115.795494 115.795494 0.000000 0.000000 0.000000 0.000000 0.000000 0.000000 0.000000 0.000000 0.000000
246.941177 246.941177 246.941177 92.693901 92.693901 92.693901 46.769119 46.769119 46.769119 44.461380 44.461380 44.461380 44.461380 60.318798 60.318798 60.318798 44.267792 44.267792 44.267792 49.564457 49.564457 49.564457 49.987011 49.987011 49.987011 49.987011 52.189068 52.189068 52.189068 54.128128 54.128128 54.128128 60.382568 60.382568 60.382568 60.382568 61.938847 61.938847 61.938847 61.896656 61.896656 61.896656 57.596710 57.596710 57.596710 57.596710 82.433441 82.433441 82.433441 115.795494 115.795494 115.795494 0.000000 0.000000 0.000000 0.000000 0.000000 0.000000 0.000000 0.000000 0.000000
170.689453 170.689453 170.689453 90.156975 90.156975 90.156975 55.336624 55.336624 55.336624 49.355137 49.355137 49.355137 49.355137 48.474705 48.474705 48.474705 48.732952 48.732952 48.732952 49.935406 49.935406 49.935406 72.053932 72.053932 72.053932 72.053932 51.853008 51.853008 51.853008 53.483505 53.483505 53.483505 60.958908 60.958908 60.958908 60.958908 67.343323 67.343323 67.343323 60.879673 60.879673 60.879673 68.712662 68.712662 68.712662 68.712662 76.586792 76.586792 76.586792 76.263283 76.263283 76.263283 0.000000 0.000000 0.000000 0.000000 0.000000 0.000000 0.000000 0.000000 0.000000
170.689453 170.689453 170.689453 90.156975 90.156975 90.156975 55.336624 55.336624 55.336624 49.355137 49.355137 49.355137 49.355137 48.474705 48.474705 48.474705 48.732952 48.732952 48.732952 49.935406 49.935406 49.935406 72.053932 72.053932 72.053932 72.053932 51.853008 51.853008 51.853008 53.483505 53.483505 53.483505 60.958908 60.958908 60.958908 60.958908 67.343323 67.343323 67.343323 60.879673 60.879673 60.879673 68.712662 68.712662 68.712662 68.712662 76.586792 76.586792 76.586792 76.263283 76.263283 76.263283 0.000000 0.000000 0.000000 0.000000 0.000000 0.000000 0.000000 0.000000 0.000000
170.689453 170.689453 170.689453 90.156975 90.156975 90.156975 55.336624 55.336624 55.336624 49.355137 49.355137 49.355137 49.355137 48.474705 48.474705 48.474705 48.732952 48.732952 48.732952 49.935406 49.935406 49.935406 72.053932 72.053932 72.053932 72.053932 51.853008 51.853008 51.853008 53.483505 53.483505 53.483505 60.958908 60.958908 60.958908 60.958908 67.343323 67.343323 67.343323 60.879673 60.879673 60.879673 68.712662 68.712662 68.712662 68.712662 76.586792 76.586792 76.586792 76.263283 76.263283 76.263283 0.000000 0.000000 0.000000 0.000000 0.000000 0.000000 0.000000 0.000000 0.000000
