Big_Beef/DataInputs30m/o_10_ChemistryPools/SOLUS_HumusN/layer1_humusN_gm2_BigBeef.asc
ncols        345
nrows        426
xllcorner    508562.338426187926
yllcorner    5265656.272683421150
cellsize     30.000000000000
NODATA_value -9999
[rows 336 to 363 of 426, columns 0 to 61 of 345]
0 0 0 0 0 0 0 0 0 0 0 0 0 0 0 0 0 0 0 0 252.0946197509765625 252.0946197509765625 252.0946197509765625 252.0946197509765625 255.052734375 255.052734375 255.052734375 265.780548095703125 265.780548095703125 265.780548095703125 316.889373779296875 316.889373779296875 316.889373779296875 316.889373779296875 392.9573974609375 392.9573974609375 392.9573974609375 266.34783935546875 266.34783935546875 266.34783935546875 380.51800537109375 380.51800537109375 380.51800537109375 380.51800537109375 753.432373046875 753.432373046875 753.432373046875 297.807861328125 297.807861328125 297.807861328125 367.651336669921875 367.651336669921875 367.651336669921875 367.651336669921875 241.4873504638671875 241.4873504638671875 241.4873504638671875 706.90765380859375 706.90765380859375 706.90765380859375 272.40191650390625 272.40191650390625
0 0 0 0 0 0 0 0 0 0 0 0 0 0 0 0 0 0 0 0 252.0946197509765625 252.0946197509765625 252.0946197509765625 252.0946197509765625 255.052734375 255.052734375 255.052734375 265.780548095703125 265.780548095703125 265.780548095703125 316.889373779296875 316.889373779296875 316.889373779296875 316.889373779296875 392.9573974609375 392.9573974609375 392.9573974609375 266.34783935546875 266.34783935546875 266.34783935546875 380.51800537109375 380.51800537109375 380.51800537109375 380.51800537109375 753.432373046875 753.432373046875 753.432373046875 297.807861328125 297.807861328125 297.807861328125 367.651336669921875 367.651336669921875 367.651336669921875 367.651336669921875 241.4873504638671875 241.4873504638671875 241.4873504638671875 706.90765380859375 706.90765380859375 706.90765380859375 272.40191650390625 272.40191650390625
0 0 0 0 0 0 0 0 0 0 0 0 0 0 0 0 0 0 0 0 241.7032318115234375 241.7032318115234375 241.7032318115234375 241.7032318115234375 225.7168121337890625 225.7168121337890625 225.7168121337890625 379.330902099609375 379.330902099609375 379.330902099609375 274.448822021484375 274.448822021484375 274.448822021484375 274.448822021484375 354.118865966796875 354.118865966796875 354.118865966796875 340.24749755859375 340.24749755859375 340.24749755859375 296.884368896484375 296.884368896484375 296.884368896484375 296.884368896484375 658.62200927734375 658.62200927734375 658.62200927734375 423.37457275390625 423.37457275390625 423.37457275390625 372.905120849609375 372.905120849609375 372.905120849609375 372.905120849609375 536.5950927734375 536.5950927734375 536.5950927734375 443.2332763671875 443.2332763671875 443.2332763671875 288.487152099609375 288.487152099609375
0 0 0 0 0 0 0 0 0 0 0 0 0 0 0 0 0 0 0 0 241.7032318115234375 241.7032318115234375 241.7032318115234375 241.7032318115234375 225.7168121337890625 225.7168121337890625 225.7168121337890625 379.330902099609375 379.330902099609375 379.330902099609375 274.448822021484375 274.448822021484375 274.448822021484375 274.448822021484375 354.118865966796875 354.118865966796875 354.118865966796875 340.24749755859375 340.24749755859375 340.24749755859375 296.884368896484375 296.884368896484375 296.884368896484375 296.884368896484375 658.62200927734375 658.62200927734375 658.62200927734375 423.37457275390625 423.37457275390625 423.37457275390625 372.905120849609375 372.905120849609375 372.905120849609375 372.905120849609375 536.5950927734375 536.5950927734375 536.5950927734375 443.2332763671875 443.2332763671875 443.2332763671875 288.487152099609375 288.487152099609375
0 0 0 0 0 0 0 0 0 0 0 0 0 0 0 0 0 0 0 0 241.7032318115234375 241.7032318115234375 241.7032318115234375 241.7032318115234375 225.7168121337890625 225.7168121337890625 225.7168121337890625 379.330902099609375 379.330902099609375 379.330902099609375 274.448822021484375 274.448822021484375 274.448822021484375 274.448822021484375 354.118865966796875 354.118865966796875 354.118865966796875 340.24749755859375 340.24749755859375 340.24749755859375 296.884368896484375 296.884368896484375 296.884368896484375 296.884368896484375 658.62200927734375 658.62200927734375 658.62200927734375 423.37457275390625 423.37457275390625 423.37457275390625 372.905120849609375 372.905120849609375 372.905120849609375 372.905120849609375 536.5950927734375 536.5950927734375 536.5950927734375 443.2332763671875 443.2332763671875 443.2332763671875 288.487152099609375 288.487152099609375
0 0 0 0 0 0 0 0 0 0 0 0 0 0 0 0 0 0 0 0 199.5766448974609375 199.5766448974609375 199.5766448974609375 199.5766448974609375 229.4969940185546875 229.4969940185546875 229.4969940185546875 317.4083251953125 317.4083251953125 317.4083251953125 348.9329833984375 348.9329833984375 348.9329833984375 348.9329833984375 240.8907012939453125 240.8907012939453125 240.8907012939453125 345.632537841796875 345.632537841796875 345.632537841796875 333.74005126953125 333.74005126953125 333.74005126953125 333.74005126953125 528.83935546875 528.83935546875 528.83935546875 499.579437255859375 499.579437255859375 499.579437255859375 427.279693603515625 427.279693603515625 427.279693603515625 427.279693603515625 718.56561279296875 718.56561279296875 718.56561279296875 923.54925537109375 923.54925537109375 923.54925537109375 314.958343505859375 314.958343505859375
0 0 0 0 0 0 0 0 0 0 0 0 0 0 0 0 0 0 0 0 199.5766448974609375 199.5766448974609375 199.5766448974609375 199.5766448974609375 229.4969940185546875 229.4969940185546875 229.4969940185546875 317.4083251953125 317.4083251953125 317.4083251953125 348.9329833984375 348.9329833984375 348.9329833984375 348.9329833984375 240.8907012939453125 240.8907012939453125 240.8907012939453125 345.632537841796875 345.632537841796875 345.632537841796875 333.74005126953125 333.74005126953125 333.74005126953125 333.74005126953125 528.83935546875 528.83935546875 528.83935546875 499.579437255859375 499.579437255859375 499.579437255859375 427.279693603515625 427.279693603515625 427.279693603515625 427.279693603515625 718.56561279296875 718.56561279296875 718.56561279296875 923.54925537109375 923.54925537109375 923.54925537109375 314.958343505859375 314.958343505859375
0 0 0 0 0 0 0 0 0 0 0 0 0 0 0 0 0 0 0 0 199.5766448974609375 199.5766448974609375 199.5766448974609375 199.5766448974609375 229.4969940185546875 229.4969940185546875 229.4969940185546875 317.4083251953125 317.4083251953125 317.4083251953125 348.9329833984375 348.9329833984375 348.9329833984375 348.9329833984375 240.8907012939453125 240.8907012939453125 240.8907012939453125 345.632537841796875 345.632537841796875 345.632537841796875 333.74005126953125 333.74005126953125 333.74005126953125 333.74005126953125 528.83935546875 528.83935546875 528.83935546875 499.579437255859375 499.579437255859375 499.579437255859375 427.279693603515625 427.279693603515625 427.279693603515625 427.279693603515625 718.56561279296875 718.56561279296875 718.56561279296875 923.54925537109375 923.54925537109375 923.54925537109375 314.958343505859375 314.958343505859375
0 0 0 0 0 0 0 0 0 0 0 0 0 0 0 0 0 0 0 0 203.22430419921875 203.22430419921875 203.22430419921875 203.22430419921875 214.5769195556640625 214.5769195556640625 214.5769195556640625 325.868499755859375 325.868499755859375 325.868499755859375 309.82330322265625 309.82330322265625 309.82330322265625 309.82330322265625 243.9068145751953125 243.9068145751953125 243.9068145751953125 249.9733734130859375 249.9733734130859375 249.9733734130859375 380.61553955078125 380.61553955078125 380.61553955078125 380.61553955078125 686.98480224609375 686.98480224609375 686.98480224609375 552.63568115234375 552.63568115234375 552.63568115234375 568.994140625 568.994140625 568.994140625 568.994140625 656.36175537109375 656.36175537109375 656.36175537109375 970.17041015625 970.17041015625 970.17041015625 353.2755126953125 353.2755126953125
0 0 0 0 0 0 0 0 0 0 0 0 0 0 0 0 0 0 0 0 203.22430419921875 203.22430419921875 203.22430419921875 203.22430419921875 214.5769195556640625 214.5769195556640625 214.5769195556640625 325.868499755859375 325.868499755859375 325.868499755859375 309.82330322265625 309.82330322265625 309.82330322265625 309.82330322265625 243.9068145751953125 243.9068145751953125 243.9068145751953125 249.9733734130859375 249.9733734130859375 249.9733734130859375 380.61553955078125 380.61553955078125 380.61553955078125 380.61553955078125 686.98480224609375 686.98480224609375 686.98480224609375 552.63568115234375 552.63568115234375 552.63568115234375 568.994140625 568.994140625 568.994140625 568.994140625 656.36175537109375 656.36175537109375 656.36175537109375 970.17041015625 970.17041015625 970.17041015625 353.2755126953125 353.2755126953125
0 0 0 0 0 0 0 0 0 0 0 0 0 0 0 0 0 0 0 0 203.22430419921875 203.22430419921875 203.22430419921875 203.22430419921875 214.5769195556640625 214.5769195556640625 214.5769195556640625 325.868499755859375 325.868499755859375 325.868499755859375 309.82330322265625 309.82330322265625 309.82330322265625 309.82330322265625 243.9068145751953125 243.9068145751953125 243.9068145751953125 249.9733734130859375 249.9733734130859375 249.9733734130859375 380.61553955078125 380.61553955078125 380.61553955078125 380.61553955078125 686.98480224609375 686.98480224609375 686.98480224609375 552.63568115234375 552.63568115234375 552.63568115234375 568.994140625 568.994140625 568.994140625 568.994140625 656.36175537109375 656.36175537109375 656.36175537109375 970.17041015625 970.17041015625 970.17041015625 353.2755126953125 353.2755126953125
0 0 0 0 0 0 0 0 0 0 0 0 0 0 0 0 0 0 0 0 296.826416015625 296.826416015625 296.826416015625 296.826416015625 216.7306365966796875 216.7306365966796875 216.7306365966796875 242.4585723876953125 242.4585723876953125 242.4585723876953125 247.3905181884765625 247.3905181884765625 247.3905181884765625 247.3905181884765625 229.0011444091796875 229.0011444091796875 229.0011444091796875 236.6721038818359375 236.6721038818359375 236.6721038818359375 248.9217376708984375 248.9217376708984375 248.9217376708984375 248.9217376708984375 295.5982666015625 295.5982666015625 295.5982666015625 415.699432373046875 415.699432373046875 415.699432373046875 390.7911376953125 390.7911376953125 390.7911376953125 390.7911376953125 457.744873046875 457.744873046875 457.744873046875 875.75689697265625 875.75689697265625 875.75689697265625 794.20269775390625 794.20269775390625
0 0 0 0 0 0 0 0 0 0 0 0 0 0 0 0 0 0 0 0 296.826416015625 296.826416015625 296.826416015625 296.826416015625 216.7306365966796875 216.7306365966796875 216.7306365966796875 242.4585723876953125 242.4585723876953125 242.4585723876953125 247.3905181884765625 247.3905181884765625 247.3905181884765625 247.3905181884765625 229.0011444091796875 229.0011444091796875 229.0011444091796875 236.6721038818359375 236.6721038818359375 236.6721038818359375 248.9217376708984375 248.9217376708984375 248.9217376708984375 248.9217376708984375 295.5982666015625 295.5982666015625 295.5982666015625 415.699432373046875 415.699432373046875 415.699432373046875 390.7911376953125 390.7911376953125 390.7911376953125 390.7911376953125 457.744873046875 457.744873046875 457.744873046875 875.75689697265625 875.75689697265625 875.75689697265625 794.20269775390625 794.20269775390625
0 0 0 0 0 0 0 0 0 0 0 0 0 0 0 0 0 0 0 0 296.826416015625 296.826416015625 296.826416015625 296.826416015625 216.7306365966796875 216.7306365966796875 216.7306365966796875 242.4585723876953125 242.4585723876953125 242.4585723876953125 247.3905181884765625 247.3905181884765625 247.3905181884765625 247.3905181884765625 229.0011444091796875 229.0011444091796875 229.0011444091796875 236.6721038818359375 236.6721038818359375 236.6721038818359375 248.9217376708984375 248.9217376708984375 248.9217376708984375 248.9217376708984375 295.5982666015625 295.5982666015625 295.5982666015625 415.699432373046875 415.699432373046875 415.699432373046875 390.7911376953125 390.7911376953125 390.7911376953125 390.7911376953125 457.744873046875 457.744873046875 457.744873046875 875.75689697265625 875.75689697265625 875.75689697265625 794.20269775390625 794.20269775390625
0 0 0 0 0 0 0 0 0 0 0 0 0 0 0 0 0 0 0 0 296.826416015625 296.826416015625 296.826416015625 296.826416015625 216.7306365966796875 216.7306365966796875 216.7306365966796875 242.4585723876953125 242.4585723876953125 242.4585723876953125 247.3905181884765625 247.3905181884765625 247.3905181884765625 247.3905181884765625 229.0011444091796875 229.0011444091796875 229.0011444091796875 236.6721038818359375 236.6721038818359375 236.6721038818359375 248.9217376708984375 248.9217376708984375 248.9217376708984375 248.9217376708984375 295.5982666015625 295.5982666015625 295.5982666015625 415.699432373046875 415.699432373046875 415.699432373046875 390.7911376953125 390.7911376953125 390.7911376953125 390.7911376953125 457.744873046875 457.744873046875 457.744873046875 875.75689697265625 875.75689697265625 875.75689697265625 794.20269775390625 794.20269775390625
0 0 0 0 0 0 0 0 0 0 0 0 0 0 0 0 0 0 0 0 221.3765106201171875 221.3765106201171875 221.3765106201171875 221.3765106201171875 220.25616455078125 220.25616455078125 220.25616455078125 357.434234619140625 357.434234619140625 357.434234619140625 349.18865966796875 349.18865966796875 349.18865966796875 349.18865966796875 231.5836639404296875 231.5836639404296875 231.5836639404296875 223.76055908203125 223.76055908203125 223.76055908203125 342.68231201171875 342.68231201171875 342.68231201171875 342.68231201171875 339.47802734375 339.47802734375 339.47802734375 924.25689697265625 924.25689697265625 924.25689697265625 926.40679931640625 926.40679931640625 926.40679931640625 926.40679931640625 313.4869384765625 313.4869384765625 313.4869384765625 740.87310791015625 740.87310791015625 740.87310791015625 732.2158203125 732.2158203125
0 0 0 0 0 0 0 0 0 0 0 0 0 0 0 0 0 0 0 0 221.3765106201171875 221.3765106201171875 221.3765106201171875 221.3765106201171875 220.25616455078125 220.25616455078125 220.25616455078125 357.434234619140625 357.434234619140625 357.434234619140625 349.18865966796875 349.18865966796875 349.18865966796875 349.18865966796875 231.5836639404296875 231.5836639404296875 231.5836639404296875 223.76055908203125 223.76055908203125 223.76055908203125 342.68231201171875 342.68231201171875 342.68231201171875 342.68231201171875 339.47802734375 339.47802734375 339.47802734375 924.25689697265625 924.25689697265625 924.25689697265625 926.40679931640625 926.40679931640625 926.40679931640625 926.40679931640625 313.4869384765625 313.4869384765625 313.4869384765625 740.87310791015625 740.87310791015625 740.87310791015625 732.2158203125 732.2158203125
0 0 0 0 0 0 0 0 0 0 0 0 0 0 0 0 0 0 0 0 221.3765106201171875 221.3765106201171875 221.3765106201171875 221.3765106201171875 220.25616455078125 220.25616455078125 220.25616455078125 357.434234619140625 357.434234619140625 357.434234619140625 349.18865966796875 349.18865966796875 349.18865966796875 349.18865966796875 231.5836639404296875 231.5836639404296875 231.5836639404296875 223.76055908203125 223.76055908203125 223.76055908203125 342.68231201171875 342.68231201171875 342.68231201171875 342.68231201171875 339.47802734375 339.47802734375 339.47802734375 924.25689697265625 924.25689697265625 924.25689697265625 926.40679931640625 926.40679931640625 926.40679931640625 926.40679931640625 313.4869384765625 313.4869384765625 313.4869384765625 740.87310791015625 740.87310791015625 740.87310791015625 732.2158203125 732.2158203125
0 0 0 0 0 0 0 0 0 0 0 0 0 0 0 0 0 0 0 0 230.3170928955078125 230.3170928955078125 230.3170928955078125 230.3170928955078125 336.97998046875 336.97998046875 336.97998046875 345.74969482421875 345.74969482421875 345.74969482421875 239.33721923828125 239.33721923828125 239.33721923828125 239.33721923828125 233.000732421875 233.000732421875 233.000732421875 309.5184326171875 309.5184326171875 309.5184326171875 348.91571044921875 348.91571044921875 348.91571044921875 348.91571044921875 295.107818603515625 295.107818603515625 295.107818603515625 934.99224853515625 934.99224853515625 934.99224853515625 993.90582275390625 993.90582275390625 993.90582275390625 993.90582275390625 504.789764404296875 504.789764404296875 504.789764404296875 648.3740234375 648.3740234375 648.3740234375 314.317596435546875 314.317596435546875
0 0 0 0 0 0 0 0 0 0 0 0 0 0 0 0 0 0 0 0 230.3170928955078125 230.3170928955078125 230.3170928955078125 230.3170928955078125 336.97998046875 336.97998046875 336.97998046875 345.74969482421875 345.74969482421875 345.74969482421875 239.33721923828125 239.33721923828125 239.33721923828125 239.33721923828125 233.000732421875 233.000732421875 233.000732421875 309.5184326171875 309.5184326171875 309.5184326171875 348.91571044921875 348.91571044921875 348.91571044921875 348.91571044921875 295.107818603515625 295.107818603515625 295.107818603515625 934.99224853515625 934.99224853515625 934.99224853515625 993.90582275390625 993.90582275390625 993.90582275390625 993.90582275390625 504.789764404296875 504.789764404296875 504.789764404296875 648.3740234375 648.3740234375 648.3740234375 314.317596435546875 314.317596435546875
0 0 0 0 0 0 0 0 0 0 0 0 0 0 0 0 0 0 0 0 230.3170928955078125 230.3170928955078125 230.3170928955078125 230.3170928955078125 336.97998046875 336.97998046875 336.97998046875 345.74969482421875 345.74969482421875 345.74969482421875 239.33721923828125 239.33721923828125 239.33721923828125 239.33721923828125 233.000732421875 233.000732421875 233.000732421875 309.5184326171875 309.5184326171875 309.5184326171875 348.91571044921875 348.91571044921875 348.91571044921875 348.91571044921875 295.107818603515625 295.107818603515625 295.107818603515625 934.99224853515625 934.99224853515625 934.99224853515625 993.90582275390625 993.90582275390625 993.90582275390625 993.90582275390625 504.789764404296875 504.789764404296875 504.789764404296875 648.3740234375 648.3740234375 648.3740234375 314.317596435546875 314.317596435546875
0 0 0 0 0 0 0 0 0 0 0 0 0 0 0 0 0 0 0 0 0 0 0 0 0 0 0 331.940399169921875 331.940399169921875 331.940399169921875 226.2801971435546875 226.2801971435546875 226.2801971435546875 226.2801971435546875 236.11846923828125 236.11846923828125 236.11846923828125 338.258026123046875 338.258026123046875 338.258026123046875 228.3003082275390625 228.3003082275390625 228.3003082275390625 228.3003082275390625 344.148406982421875 344.148406982421875 344.148406982421875 924.25848388671875 924.25848388671875 924.25848388671875 1085.3126220703125 1085.3126220703125 1085.3126220703125 1085.3126220703125 870.33673095703125 870.33673095703125 870.33673095703125 659.15887451171875 659.15887451171875 659.15887451171875 297.170562744140625 297.170562744140625
0 0 0 0 0 0 0 0 0 0 0 0 0 0 0 0 0 0 0 0 0 0 0 0 0 0 0 331.940399169921875 331.940399169921875 331.940399169921875 226.2801971435546875 226.2801971435546875 226.2801971435546875 226.2801971435546875 236.11846923828125 236.11846923828125 236.11846923828125 338.258026123046875 338.258026123046875 338.258026123046875 228.3003082275390625 228.3003082275390625 228.3003082275390625 228.3003082275390625 344.148406982421875 344.148406982421875 344.148406982421875 924.25848388671875 924.25848388671875 924.25848388671875 1085.3126220703125 1085.3126220703125 1085.3126220703125 1085.3126220703125 870.33673095703125 870.33673095703125 870.33673095703125 659.15887451171875 659.15887451171875 659.15887451171875 297.170562744140625 297.170562744140625
0 0 0 0 0 0 0 0 0 0 0 0 0 0 0 0 0 0 0 0 0 0 0 0 0 0 0 331.940399169921875 331.940399169921875 331.940399169921875 226.2801971435546875 226.2801971435546875 226.2801971435546875 226.2801971435546875 236.11846923828125 236.11846923828125 236.11846923828125 338.258026123046875 338.258026123046875 338.258026123046875 228.3003082275390625 228.3003082275390625 228.3003082275390625 228.3003082275390625 344.148406982421875 344.148406982421875 344.148406982421875 924.25848388671875 924.25848388671875 924.25848388671875 1085.3126220703125 1085.3126220703125 1085.3126220703125 1085.3126220703125 870.33673095703125 870.33673095703125 870.33673095703125 659.15887451171875 659.15887451171875 659.15887451171875 297.170562744140625 297.170562744140625
0 0 0 0 0 0 0 0 0 0 0 0 0 0 0 0 0 0 0 0 0 0 0 0 0 0 0 331.940399169921875 331.940399169921875 331.940399169921875 226.2801971435546875 226.2801971435546875 226.2801971435546875 226.2801971435546875 236.11846923828125 236.11846923828125 236.11846923828125 338.258026123046875 338.258026123046875 338.258026123046875 228.3003082275390625 228.3003082275390625 228.3003082275390625 228.3003082275390625 344.148406982421875 344.148406982421875 344.148406982421875 924.25848388671875 924.25848388671875 924.25848388671875 1085.3126220703125 1085.3126220703125 1085.3126220703125 1085.3126220703125 870.33673095703125 870.33673095703125 870.33673095703125 659.15887451171875 659.15887451171875 659.15887451171875 297.170562744140625 297.170562744140625
0 0 0 0 0 0 0 0 0 0 0 0 0 0 0 0 0 0 0 0 0 0 0 0 0 0 0 0 0 0 0 0 0 0 239.5458526611328125 239.5458526611328125 239.5458526611328125 239.2890625 239.2890625 239.2890625 247.0159454345703125 247.0159454345703125 247.0159454345703125 247.0159454345703125 327.823974609375 327.823974609375 327.823974609375 843.97314453125 843.97314453125 843.97314453125 1023.146484375 1023.146484375 1023.146484375 1023.146484375 367.828826904296875 367.828826904296875 367.828826904296875 656.49346923828125 656.49346923828125 656.49346923828125 397.183197021484375 397.183197021484375
0 0 0 0 0 0 0 0 0 0 0 0 0 0 0 0 0 0 0 0 0 0 0 0 0 0 0 0 0 0 0 0 0 0 239.5458526611328125 239.5458526611328125 239.5458526611328125 239.2890625 239.2890625 239.2890625 247.0159454345703125 247.0159454345703125 247.0159454345703125 247.0159454345703125 327.823974609375 327.823974609375 327.823974609375 843.97314453125 843.97314453125 843.97314453125 1023.146484375 1023.146484375 1023.146484375 1023.146484375 367.828826904296875 367.828826904296875 367.828826904296875 656.49346923828125 656.49346923828125 656.49346923828125 397.183197021484375 397.183197021484375
0 0 0 0 0 0 0 0 0 0 0 0 0 0 0 0 0 0 0 0 0 0 0 0 0 0 0 0 0 0 0 0 0 0 239.5458526611328125 239.5458526611328125 239.5458526611328125 239.2890625 239.2890625 239.2890625 247.0159454345703125 247.0159454345703125 247.0159454345703125 247.0159454345703125 327.823974609375 327.823974609375 327.823974609375 843.97314453125 843.97314453125 843.97314453125 1023.146484375 1023.146484375 1023.146484375 1023.146484375 367.828826904296875 367.828826904296875 367.828826904296875 656.49346923828125 656.49346923828125 656.49346923828125 397.183197021484375 397.183197021484375
