Big_Beef/DataInputs30m/o_10_ChemistryPools/SOLUS_HumusN/layer3_humusN_gm2_BigBeef_reduced.asc
ncols        345
nrows        426
xllcorner    508562.338426187926
yllcorner    5265656.272683421150
cellsize     30.000000000000
NODATA_value -9999
[rows 297 to 323 of 426, columns 0 to 60 of 345]
0.000000 0.000000 0.000000 0.000000 0.000000 0.000000 0.000000 0.000000 0.000000 0.000000 0.000000 0.000000 0.000000 0.000000 0.000000 0.000000 0.000000 0.000000 0.000000 0.000000 0.000000 0.000000 0.000000 0.000000 0.000000 0.000000 0.000000 48.345618 24.172809 36.259215 35.857635 35.857635 119.525444 119.525444 49.268430 123.171074 123.171074 90.665314 90.665314 27.199595 43.422511 43.422511 144.741699 144.741699 156.911987 156.911987 156.911987 50.085981 50.085981 50.085981 124.541530 124.541530 93.406150 124.541530 179.576651 134.682491 448.941620 219.594339 219.594339 548.985840 91.865120
0.000000 0.000000 0.000000 0.000000 0.000000 0.000000 0.000000 0.000000 0.000000 0.000000 0.000000 0.000000 0.000000 0.000000 0.000000 0.000000 0.000000 0.000000 0.000000 0.000000 0.000000 0.000000 0.000000 0.000000 120.433006 36.129903 36.129903 37.593399 37.593399 50.124531 35.253757 88.134392 88.134392 88.134392 86.919647 86.919647 86.919647 128.129166 128.129166 128.129166 102.714333 102.714333 102.714333 102.714333 108.992645 108.992645 108.992645 49.221352 49.221352 49.221352 73.379835 97.839778 97.839778 244.599442 530.903442 530.903442 159.271039 581.227966 581.227966 232.491190 197.911377
0.000000 0.000000 0.000000 0.000000 0.000000 0.000000 0.000000 0.000000 0.000000 0.000000 0.000000 0.000000 0.000000 0.000000 0.000000 0.000000 0.000000 0.000000 0.000000 0.000000 0.000000 0.000000 0.000000 0.000000 36.129903 36.129903 36.129903 37.593399 37.593399 125.311325 88.134392 88.134392 88.134392 88.134392 86.919647 86.919647 86.919647 128.129166 25.625834 128.129166 102.714333 102.714333 102.714333 102.714333 108.992645 108.992645 43.597059 65.628468 49.221352 65.628468 244.599442 73.379835 244.599442 244.599442 530.903442 530.903442 530.903442 581.227966 581.227966 581.227966 197.911377
0.000000 0.000000 0.000000 0.000000 0.000000 0.000000 0.000000 0.000000 0.000000 0.000000 0.000000 0.000000 0.000000 0.000000 0.000000 0.000000 0.000000 0.000000 0.000000 0.000000 0.000000 0.000000 0.000000 0.000000 24.086602 48.173203 48.173203 50.124531 125.311325 125.311325 88.134392 88.134392 88.134392 88.134392 86.919647 86.919647 86.919647 128.129166 128.129166 128.129166 102.714333 102.714333 102.714333 30.814301 108.992645 43.597059 108.992645 65.628468 49.221352 49.221352 244.599442 244.599442 244.599442 244.599442 530.903442 530.903442 530.903442 581.227966 581.227966 581.227966 197.911377
0.000000 0.000000 0.000000 0.000000 0.000000 0.000000 0.000000 0.000000 0.000000 0.000000 0.000000 0.000000 0.000000 0.000000 0.000000 0.000000 0.000000 0.000000 0.000000 0.000000 0.000000 0.000000 0.000000 0.000000 38.063213 126.877373 50.750950 88.262810 88.262810 88.262810 97.953514 97.953514 97.953514 97.953514 90.705986 90.705986 90.705986 27.091341 90.304466 90.304466 150.281082 150.281082 150.281082 30.056217 106.591347 106.591347 266.478363 347.728973 347.728973 69.545796 464.786224 464.786224 464.786224 464.786224 613.614807 613.614807 613.614807 477.624512 477.624512 191.049808 146.561768
0.000000 0.000000 0.000000 0.000000 0.000000 0.000000 0.000000 0.000000 0.000000 0.000000 0.000000 0.000000 0.000000 0.000000 0.000000 0.000000 0.000000 0.000000 0.000000 0.000000 0.000000 0.000000 0.000000 0.000000 38.063213 126.877373 38.063213 35.305124 88.262810 88.262810 97.953514 97.953514 97.953514 97.953514 90.705986 90.705986 90.705986 90.304466 90.304466 90.304466 150.281082 45.084326 150.281082 60.112434 266.478363 266.478363 266.478363 347.728973 347.728973 347.728973 464.786224 464.786224 464.786224 464.786224 613.614807 613.614807 613.614807 477.624512 477.624512 477.624512 58.624708
0.000000 0.000000 0.000000 0.000000 0.000000 0.000000 0.000000 0.000000 0.000000 0.000000 0.000000 0.000000 0.000000 0.000000 0.000000 0.000000 0.000000 0.000000 0.000000 0.000000 0.000000 0.000000 0.000000 0.000000 126.877373 38.063213 126.877373 35.305124 88.262810 88.262810 97.953514 97.953514 97.953514 97.953514 90.705986 90.705986 90.705986 90.304466 90.304466 90.304466 150.281082 150.281082 150.281082 60.112434 266.478363 266.478363 266.478363 347.728973 347.728973 347.728973 464.786224 464.786224 464.786224 464.786224 613.614807 613.614807 613.614807 477.624512 477.624512 477.624512 146.561768
0.000000 0.000000 0.000000 0.000000 0.000000 0.000000 0.000000 0.000000 0.000000 0.000000 0.000000 0.000000 0.000000 0.000000 0.000000 0.000000 0.000000 0.000000 0.000000 0.000000 0.000000 0.000000 0.000000 0.000000 40.981981 136.606598 54.642640 86.506355 216.265884 216.265884 110.197121 110.197121 110.197121 110.197121 87.604103 87.604103 87.604103 97.579033 97.579033 97.579033 159.223618 159.223618 63.689448 63.689448 389.319183 389.319183 389.319183 561.145813 561.145813 561.145813 585.165039 585.165039 585.165039 585.165039 564.148376 564.148376 564.148376 398.371368 398.371368 398.371368 121.718048
0.000000 0.000000 0.000000 0.000000 0.000000 0.000000 0.000000 0.000000 0.000000 0.000000 0.000000 0.000000 0.000000 0.000000 0.000000 0.000000 0.000000 0.000000 0.000000 0.000000 0.000000 0.000000 0.000000 0.000000 40.981981 40.981981 136.606598 86.506355 216.265884 216.265884 110.197121 110.197121 110.197121 110.197121 87.604103 87.604103 87.604103 97.579033 97.579033 97.579033 159.223618 47.767087 47.767087 47.767087 389.319183 389.319183 389.319183 561.145813 561.145813 561.145813 585.165039 585.165039 585.165039 585.165039 564.148376 564.148376 564.148376 398.371368 398.371368 398.371368 121.718048
0.000000 0.000000 0.000000 0.000000 0.000000 0.000000 0.000000 0.000000 0.000000 0.000000 0.000000 0.000000 0.000000 0.000000 0.000000 0.000000 0.000000 0.000000 0.000000 0.000000 0.000000 0.000000 0.000000 0.000000 40.981981 40.981981 136.606598 86.506355 216.265884 216.265884 110.197121 110.197121 110.197121 110.197121 87.604103 87.604103 87.604103 39.031614 97.579033 39.031614 63.689448 63.689448 159.223618 63.689448 389.319183 389.319183 389.319183 561.145813 561.145813 561.145813 585.165039 585.165039 585.165039 585.165039 564.148376 564.148376 564.148376 398.371368 398.371368 398.371368 121.718048
0.000000 0.000000 0.000000 0.000000 0.000000 0.000000 0.000000 0.000000 0.000000 0.000000 0.000000 0.000000 0.000000 0.000000 0.000000 0.000000 0.000000 0.000000 0.000000 0.000000 0.000000 0.000000 0.000000 0.000000 136.606598 136.606598 136.606598 216.265884 216.265884 216.265884 110.197121 110.197121 110.197121 110.197121 87.604103 87.604103 87.604103 97.579033 97.579033 97.579033 63.689448 159.223618 159.223618 63.689448 389.319183 389.319183 389.319183 561.145813 561.145813 561.145813 585.165039 585.165039 585.165039 585.165039 564.148376 564.148376 564.148376 398.371368 398.371368 398.371368 121.718048
0.000000 0.000000 0.000000 0.000000 0.000000 0.000000 0.000000 0.000000 0.000000 0.000000 0.000000 0.000000 0.000000 0.000000 0.000000 0.000000 0.000000 0.000000 0.000000 0.000000 0.000000 0.000000 0.000000 0.000000 106.666512 106.666512 106.666512 117.467979 117.467979 117.467979 109.571320 109.571320 109.571320 109.571320 91.816872 91.816872 91.816872 139.278946 139.278946 55.711579 117.607460 294.018646 294.018646 294.018646 455.763062 455.763062 455.763062 572.608093 572.608093 572.608093 573.713074 573.713074 573.713074 573.713074 557.322937 557.322937 557.322937 400.414886 400.414886 400.414886 265.883728
0.000000 0.000000 0.000000 0.000000 0.000000 0.000000 0.000000 0.000000 0.000000 0.000000 0.000000 0.000000 0.000000 0.000000 0.000000 0.000000 0.000000 0.000000 0.000000 0.000000 0.000000 0.000000 0.000000 0.000000 106.666512 106.666512 106.666512 117.467979 117.467979 117.467979 109.571320 109.571320 109.571320 109.571320 91.816872 91.816872 36.726749 139.278946 55.711579 55.711579 294.018646 294.018646 294.018646 294.018646 455.763062 455.763062 455.763062 572.608093 572.608093 572.608093 573.713074 573.713074 573.713074 573.713074 557.322937 557.322937 557.322937 400.414886 400.414886 400.414886 265.883728
0.000000 0.000000 0.000000 0.000000 0.000000 0.000000 0.000000 0.000000 0.000000 0.000000 0.000000 0.000000 0.000000 0.000000 0.000000 0.000000 0.000000 0.000000 0.000000 0.000000 0.000000 0.000000 0.000000 0.000000 106.666512 106.666512 106.666512 117.467979 117.467979 117.467979 109.571320 109.571320 32.871397 109.571320 91.816872 91.816872 91.816872 55.711579 55.711579 139.278946 88.205597 294.018646 294.018646 294.018646 455.763062 455.763062 455.763062 572.608093 572.608093 572.608093 573.713074 573.713074 573.713074 573.713074 557.322937 557.322937 557.322937 400.414886 400.414886 400.414886 265.883728
0.000000 0.000000 0.000000 0.000000 0.000000 0.000000 0.000000 0.000000 0.000000 0.000000 0.000000 0.000000 0.000000 0.000000 0.000000 0.000000 0.000000 0.000000 0.000000 0.000000 0.000000 0.000000 0.000000 0.000000 141.430908 141.430908 141.430908 99.860512 99.860512 99.860512 128.510803 128.510803 38.553242 128.510803 93.001190 93.001190 93.001190 204.853989 81.941597 204.853989 394.206818 394.206818 394.206818 394.206818 565.445007 565.445007 565.445007 599.147095 599.147095 599.147095 525.385803 525.385803 525.385803 525.385803 525.036438 525.036438 525.036438 360.653839 360.653839 360.653839 218.639938
0.000000 0.000000 0.000000 0.000000 0.000000 0.000000 0.000000 0.000000 0.000000 0.000000 0.000000 0.000000 0.000000 0.000000 0.000000 0.000000 0.000000 0.000000 0.000000 0.000000 0.000000 0.000000 0.000000 0.000000 141.430908 141.430908 141.430908 99.860512 99.860512 99.860512 128.510803 51.404322 128.510803 128.510803 93.001190 93.001190 93.001190 81.941597 204.853989 204.853989 394.206818 394.206818 394.206818 394.206818 565.445007 565.445007 565.445007 599.147095 599.147095 599.147095 525.385803 525.385803 525.385803 525.385803 525.036438 525.036438 525.036438 360.653839 360.653839 360.653839 218.639938
0.000000 0.000000 0.000000 0.000000 0.000000 0.000000 0.000000 0.000000 0.000000 0.000000 0.000000 0.000000 0.000000 0.000000 0.000000 0.000000 0.000000 0.000000 0.000000 0.000000 0.000000 0.000000 0.000000 0.000000 141.430908 141.430908 141.430908 99.860512 99.860512 99.860512 128.510803 128.510803 128.510803 128.510803 93.001190 93.001190 37.200477 81.941597 204.853989 204.853989 394.206818 394.206818 394.206818 394.206818 565.445007 565.445007 565.445007 599.147095 599.147095 599.147095 525.385803 525.385803 525.385803 525.385803 525.036438 525.036438 525.036438 360.653839 360.653839 360.653839 218.639938
0.000000 0.000000 0.000000 0.000000 0.000000 0.000000 0.000000 0.000000 0.000000 0.000000 0.000000 0.000000 0.000000 0.000000 0.000000 0.000000 0.000000 0.000000 0.000000 0.000000 0.000000 0.000000 0.000000 0.000000 110.861031 110.861031 110.861031 127.856102 127.856102 127.856102 96.737610 96.737610 96.737610 96.737610 105.447990 42.179197 42.179197 328.801178 328.801178 328.801178 495.779510 495.779510 495.779510 495.779510 576.826172 576.826172 576.826172 280.171722 280.171722 280.171722 451.909271 451.909271 451.909271 451.909271 502.351898 502.351898 502.351898 399.029633 399.029633 399.029633 245.369202
0.000000 0.000000 0.000000 0.000000 0.000000 0.000000 0.000000 0.000000 0.000000 0.000000 0.000000 0.000000 0.000000 0.000000 0.000000 0.000000 0.000000 0.000000 0.000000 0.000000 0.000000 0.000000 0.000000 0.000000 110.861031 110.861031 110.861031 25.571221 38.356832 38.356832 29.021284 96.737610 96.737610 96.737610 105.447990 42.179197 42.179197 328.801178 328.801178 328.801178 495.779510 495.779510 495.779510 495.779510 576.826172 576.826172 576.826172 280.171722 280.171722 280.171722 451.909271 451.909271 451.909271 451.909271 502.351898 502.351898 502.351898 399.029633 399.029633 399.029633 245.369202
0.000000 0.000000 0.000000 0.000000 0.000000 0.000000 0.000000 0.000000 0.000000 0.000000 0.000000 0.000000 0.000000 0.000000 0.000000 0.000000 0.000000 0.000000 0.000000 0.000000 0.000000 0.000000 0.000000 0.000000 110.861031 110.861031 110.861031 127.856102 127.856102 127.856102 96.737610 29.021284 96.737610 96.737610 105.447990 42.179197 105.447990 328.801178 328.801178 328.801178 495.779510 495.779510 495.779510 495.779510 576.826172 576.826172 576.826172 280.171722 280.171722 280.171722 451.909271 451.909271 451.909271 451.909271 502.351898 502.351898 502.351898 399.029633 399.029633 399.029633 245.369202
0.000000 0.000000 0.000000 0.000000 0.000000 0.000000 0.000000 0.000000 0.000000 0.000000 0.000000 0.000000 0.000000 0.000000 0.000000 0.000000 0.000000 0.000000 0.000000 0.000000 0.000000 0.000000 0.000000 0.000000 110.861031 110.861031 110.861031 127.856102 38.356832 38.356832 29.021284 29.021284 96.737610 96.737610 105.447990 42.179197 105.447990 328.801178 328.801178 328.801178 495.779510 495.779510 495.779510 495.779510 576.826172 576.826172 576.826172 280.171722 280.171722 280.171722 451.909271 451.909271 451.909271 451.909271 502.351898 502.351898 502.351898 399.029633 399.029633 399.029633 245.369202
0.000000 0.000000 0.000000 0.000000 0.000000 0.000000 0.000000 0.000000 0.000000 0.000000 0.000000 0.000000 0.000000 0.000000 0.000000 0.000000 0.000000 0.000000 0.000000 0.000000 0.000000 0.000000 0.000000 0.000000 93.390045 93.390045 93.390045 138.795807 138.795807 138.795807 28.790205 28.790205 95.967346 95.967346 75.194166 75.194166 187.985413 423.079865 423.079865 423.079865 555.377380 555.377380 555.377380 555.377380 579.961487 579.961487 579.961487 483.972900 483.972900 483.972900 374.732147 374.732147 374.732147 374.732147 426.386719 426.386719 426.386719 406.959076 406.959076 406.959076 275.769775
0.000000 0.000000 0.000000 0.000000 0.000000 0.000000 0.000000 0.000000 0.000000 0.000000 0.000000 0.000000 0.000000 0.000000 0.000000 0.000000 0.000000 0.000000 0.000000 0.000000 0.000000 0.000000 0.000000 0.000000 93.390045 93.390045 93.390045 138.795807 27.759162 138.795807 95.967346 95.967346 95.967346 95.967346 75.194166 187.985413 187.985413 423.079865 423.079865 423.079865 555.377380 555.377380 555.377380 555.377380 579.961487 579.961487 579.961487 483.972900 483.972900 483.972900 374.732147 374.732147 374.732147 374.732147 426.386719 426.386719 426.386719 406.959076 406.959076 406.959076 275.769775
0.000000 0.000000 0.000000 0.000000 0.000000 0.000000 0.000000 0.000000 0.000000 0.000000 0.000000 0.000000 0.000000 0.000000 0.000000 0.000000 0.000000 0.000000 0.000000 0.000000 0.000000 0.000000 0.000000 0.000000 93.390045 93.390045 93.390045 138.795807 138.795807 138.795807 95.967346 95.967346 95.967346 38.386939 75.194166 187.985413 187.985413 423.079865 423.079865 423.079865 555.377380 555.377380 555.377380 555.377380 579.961487 579.961487 579.961487 483.972900 483.972900 483.972900 374.732147 374.732147 374.732147 374.732147 426.386719 426.386719 426.386719 406.959076 406.959076 406.959076 275.769775
0.000000 0.000000 0.000000 0.000000 0.000000 0.000000 0.000000 0.000000 0.000000 0.000000 0.000000 0.000000 0.000000 0.000000 0.000000 0.000000 0.000000 0.000000 0.000000 0.000000 0.000000 0.000000 0.000000 0.000000 0.000000 0.000000 0.000000 143.783569 143.783569 143.783569 101.645172 101.645172 30.493553 40.658069 256.438416 102.575368 256.438416 510.368683 510.368683 510.368683 547.603882 547.603882 547.603882 547.603882 470.318695 470.318695 470.318695 187.122864 187.122864 187.122864 270.903870 270.903870 270.903870 270.903870 291.705658 291.705658 291.705658 330.624451 330.624451 330.624451 185.035522
0.000000 0.000000 0.000000 0.000000 0.000000 0.000000 0.000000 0.000000 0.000000 0.000000 0.000000 0.000000 0.000000 0.000000 0.000000 0.000000 0.000000 0.000000 0.000000 0.000000 0.000000 0.000000 0.000000 0.000000 0.000000 0.000000 0.000000 143.783569 43.135073 143.783569 101.645172 101.645172 30.493553 30.493553 76.931528 256.438416 76.931528 510.368683 510.368683 510.368683 547.603882 547.603882 547.603882 547.603882 470.318695 470.318695 470.318695 187.122864 187.122864 187.122864 270.903870 270.903870 270.903870 270.903870 291.705658 291.705658 291.705658 330.624451 330.624451 330.624451 185.035522
0.000000 0.000000 0.000000 0.000000 0.000000 0.000000 0.000000 0.000000 0.000000 0.000000 0.000000 0.000000 0.000000 0.000000 0.000000 0.000000 0.000000 0.000000 0.000000 0.000000 0.000000 0.000000 0.000000 0.000000 0.000000 0.000000 0.000000 143.783569 43.135073 143.783569 101.645172 101.645172 30.493553 101.645172 76.931528 76.931528 76.931528 510.368683 510.368683 510.368683 547.603882 547.603882 547.603882 547.603882 470.318695 470.318695 470.318695 187.122864 187.122864 187.122864 81.271164 270.903870 270.903870 270.903870 291.705658 291.705658 291.705658 330.624451 330.624451 330.624451 185.035522
