Big_Beef/DataInputs30m/o_10_ChemistryPools/SOLUS_HumusN/layer4_humusN_gm2_BigBeef_reduced.asc
ncols        345
nrows        426
xllcorner    508562.338426187926
yllcorner    5265656.272683421150
cellsize     30.000000000000
NODATA_value -9999
[rows 189 to 215 of 426, columns 183 to 243 of 345]
110.028603 110.028603 110.028603 116.955971 116.955971 116.955971 116.955971 123.036201 123.036201 123.036201 61.731247 61.731247 61.731247 60.676239 60.676239 60.676239 60.676239 65.944450 65.944450 65.944450 68.628769 68.628769 68.628769 58.555893 58.555893 58.555893 58.555893 57.515385 57.515385 57.515385 68.735092 68.735092 68.735092 70.946632 70.946632 70.946632 78.259422 78.259422 78.259422 78.259422 85.587090 85.587090 85.587090 89.501678 89.501678 89.501678 95.915215 95.915215 95.915215 95.915215 140.742844 140.742844 140.742844 213.532349 213.532349 213.532349 89.435905 89.435905 89.435905 89.435905 76.985023
110.028603 110.028603 110.028603 116.955971 116.955971 116.955971 116.955971 123.036201 123.036201 123.036201 61.731247 61.731247 61.731247 60.676239 60.676239 60.676239 60.676239 65.944450 65.944450 65.944450 68.628769 68.628769 68.628769 58.555893 58.555893 58.555893 58.555893 57.515385 57.515385 57.515385 68.735092 68.735092 68.735092 70.946632 70.946632 70.946632 78.259422 78.259422 78.259422 78.259422 85.587090 85.587090 85.587090 89.501678 89.501678 89.501678 95.915215 95.915215 95.915215 95.915215 140.742844 140.742844 140.742844 213.532349 213.532349 213.532349 89.435905 89.435905 89.435905 89.435905 76.985023
110.028603 110.028603 110.028603 116.955971 116.955971 116.955971 116.955971 123.036201 123.036201 123.036201 61.731247 61.731247 61.731247 60.676239 60.676239 60.676239 60.676239 65.944450 65.944450 65.944450 68.628769 68.628769 68.628769 58.555893 58.555893 58.555893 58.555893 57.515385 57.515385 57.515385 68.735092 68.735092 68.735092 70.946632 70.946632 70.946632 78.259422 78.259422 78.259422 78.259422 85.587090 85.587090 85.587090 89.501678 89.501678 89.501678 95.915215 95.915215 95.915215 95.915215 140.742844 140.742844 140.742844 213.532349 213.532349 213.532349 89.435905 89.435905 89.435905 89.435905 76.985023
53.869694 53.869694 53.869694 109.428802 109.428802 109.428802 109.428802 58.155460 58.155460 58.155460 63.630596 63.630596 63.630596 70.069130 70.069130 70.069130 70.069130 72.519638 72.519638 72.519638 73.501778 73.501778 73.501778 64.336098 64.336098 64.336098 64.336098 59.084194 59.084194 59.084194 72.657219 72.657219 72.657219 94.609886 94.609886 94.609886 73.944359 73.944359 73.944359 73.944359 82.109306 82.109306 82.109306 100.868896 100.868896 100.868896 107.440247 107.440247 107.440247 107.440247 193.398392 193.398392 193.398392 139.274170 139.274170 139.274170 92.545937 92.545937 92.545937 92.545937 78.208076
53.869694 53.869694 53.869694 109.428802 109.428802 109.428802 109.428802 58.155460 58.155460 58.155460 63.630596 63.630596 63.630596 70.069130 70.069130 70.069130 70.069130 72.519638 72.519638 72.519638 73.501778 73.501778 73.501778 64.336098 64.336098 64.336098 64.336098 59.084194 59.084194 59.084194 72.657219 72.657219 72.657219 94.609886 94.609886 94.609886 73.944359 73.944359 73.944359 73.944359 82.109306 82.109306 82.109306 100.868896 100.868896 100.868896 107.440247 107.440247 107.440247 107.440247 193.398392 193.398392 193.398392 139.274170 139.274170 139.274170 92.545937 92.545937 27.763782 92.545937 78.208076
53.869694 53.869694 53.869694 109.428802 109.428802 109.428802 109.428802 58.155460 58.155460 58.155460 63.630596 63.630596 63.630596 70.069130 70.069130 70.069130 70.069130 72.519638 72.519638 72.519638 73.501778 73.501778 73.501778 64.336098 64.336098 64.336098 64.336098 59.084194 59.084194 59.084194 72.657219 72.657219 72.657219 94.609886 94.609886 94.609886 73.944359 73.944359 73.944359 73.944359 82.109306 82.109306 82.109306 100.868896 100.868896 40.347559 107.440247 107.440247 107.440247 107.440247 193.398392 193.398392 58.019520 139.274170 139.274170 139.274170 92.545937 92.545937 27.763782 27.763782 78.208076
56.792377 56.792377 56.792377 60.546024 60.546024 60.546024 60.546024 57.153698 57.153698 57.153698 62.289841 62.289841 62.289841 70.067070 70.067070 70.067070 70.067070 78.276405 78.276405 78.276405 73.654961 73.654961 73.654961 64.979645 64.979645 64.979645 64.979645 66.020180 66.020180 66.020180 67.985489 67.985489 67.985489 69.633492 69.633492 69.633492 102.206238 102.206238 102.206238 102.206238 109.893677 109.893677 109.893677 100.190887 100.190887 100.190887 117.440247 117.440247 117.440247 117.440247 188.050369 188.050369 188.050369 97.351715 97.351715 97.351715 107.703682 107.703682 32.311106 32.311106 71.783485
56.792377 56.792377 56.792377 60.546024 60.546024 60.546024 60.546024 57.153698 57.153698 57.153698 62.289841 62.289841 62.289841 70.067070 70.067070 70.067070 70.067070 78.276405 78.276405 78.276405 73.654961 73.654961 73.654961 64.979645 64.979645 64.979645 64.979645 66.020180 66.020180 66.020180 67.985489 67.985489 67.985489 69.633492 69.633492 69.633492 102.206238 102.206238 102.206238 102.206238 109.893677 43.957471 109.893677 100.190887 100.190887 100.190887 117.440247 117.440247 46.976099 46.976099 75.220149 188.050369 188.050369 97.351715 97.351715 97.351715 32.311106 32.311106 107.703682 32.311106 71.783485
56.792377 56.792377 56.792377 60.546024 60.546024 60.546024 60.546024 57.153698 57.153698 57.153698 62.289841 62.289841 62.289841 70.067070 70.067070 70.067070 70.067070 78.276405 78.276405 78.276405 73.654961 73.654961 73.654961 64.979645 64.979645 64.979645 64.979645 66.020180 66.020180 66.020180 67.985489 67.985489 67.985489 69.633492 69.633492 69.633492 102.206238 102.206238 102.206238 102.206238 109.893677 109.893677 43.957471 100.190887 100.190887 100.190887 46.976099 35.232075 46.976099 117.440247 75.220149 75.220149 75.220149 97.351715 97.351715 97.351715 107.703682 107.703682 107.703682 32.311106 21.535046
58.452442 58.452442 58.452442 57.188416 57.188416 57.188416 57.188416 59.247654 59.247654 59.247654 65.084488 65.084488 65.084488 69.588829 69.588829 69.588829 69.588829 65.720863 65.720863 65.720863 65.135216 65.135216 65.135216 66.085602 66.085602 66.085602 66.085602 66.423538 66.423538 66.423538 67.378937 67.378937 67.378937 75.689735 75.689735 75.689735 115.597809 115.597809 115.597809 115.597809 107.004219 107.004219 107.004219 123.228065 123.228065 49.291227 72.228761 54.171572 54.171572 180.571899 121.849113 121.849113 121.849113 46.039146 115.097862 115.097862 70.020721 21.006217 21.006217 21.006217 35.748734
58.452442 58.452442 58.452442 57.188416 57.188416 57.188416 57.188416 59.247654 59.247654 59.247654 65.084488 65.084488 65.084488 69.588829 69.588829 69.588829 69.588829 65.720863 65.720863 65.720863 65.135216 65.135216 65.135216 66.085602 66.085602 66.085602 66.085602 66.423538 66.423538 66.423538 67.378937 67.378937 67.378937 75.689735 75.689735 75.689735 115.597809 115.597809 115.597809 115.597809 107.004219 107.004219 107.004219 123.228065 123.228065 36.968421 180.571899 54.171572 54.171572 180.571899 121.849113 121.849113 121.849113 46.039146 46.039146 115.097862 28.008289 70.020721 21.006217 70.020721 35.748734
58.452442 58.452442 58.452442 57.188416 57.188416 57.188416 57.188416 59.247654 59.247654 59.247654 65.084488 65.084488 65.084488 69.588829 69.588829 69.588829 69.588829 65.720863 65.720863 65.720863 65.135216 65.135216 65.135216 66.085602 66.085602 66.085602 66.085602 66.423538 66.423538 66.423538 67.378937 67.378937 67.378937 75.689735 75.689735 75.689735 115.597809 115.597809 115.597809 115.597809 107.004219 107.004219 42.801688 49.291227 49.291227 123.228065 180.571899 180.571899 180.571899 180.571899 121.849113 121.849113 121.849113 115.097862 46.039146 46.039146 28.008289 70.020721 70.020721 70.020721 89.371834
58.452442 58.452442 58.452442 57.188416 57.188416 57.188416 57.188416 59.247654 59.247654 59.247654 65.084488 65.084488 65.084488 69.588829 69.588829 69.588829 69.588829 65.720863 65.720863 65.720863 65.135216 65.135216 65.135216 66.085602 66.085602 66.085602 66.085602 66.423538 66.423538 66.423538 67.378937 26.951575 20.213682 22.706922 22.706922 75.689735 115.597809 115.597809 115.597809 115.597809 107.004219 42.801688 42.801688 123.228065 123.228065 123.228065 180.571899 180.571899 180.571899 180.571899 121.849113 121.849113 121.849113 115.097862 115.097862 115.097862 70.020721 28.008289 28.008289 70.020721 89.371834
66.231903 66.231903 66.231903 59.579006 59.579006 59.579006 59.579006 61.955185 61.955185 61.955185 69.417778 69.417778 69.417778 72.978485 72.978485 72.978485 72.978485 74.237816 74.237816 74.237816 64.101463 64.101463 64.101463 69.462044 69.462044 69.462044 69.462044 81.625702 81.625702 81.625702 173.237930 34.647587 34.647587 60.884379 202.947922 202.947922 139.072891 139.072891 55.629157 55.629157 54.642506 54.642506 136.606262 97.223824 97.223824 97.223824 89.244423 89.244423 89.244423 89.244423 110.645439 110.645439 110.645439 69.849564 69.849564 69.849564 64.930626 25.972251 25.972251 25.972251 55.132114
66.231903 66.231903 66.231903 59.579006 59.579006 59.579006 59.579006 61.955185 61.955185 61.955185 69.417778 69.417778 69.417778 72.978485 72.978485 72.978485 72.978485 74.237816 74.237816 74.237816 64.101463 64.101463 64.101463 69.462044 69.462044 69.462044 69.462044 81.625702 81.625702 81.625702 173.237930 34.647587 51.971381 202.947922 202.947922 202.947922 139.072891 139.072891 55.629157 139.072891 40.981880 136.606262 136.606262 97.223824 97.223824 97.223824 89.244423 89.244423 89.244423 89.244423 110.645439 110.645439 110.645439 69.849564 69.849564 27.939826 64.930626 64.930626 64.930626 25.972251 55.132114
66.231903 66.231903 66.231903 59.579006 59.579006 59.579006 59.579006 61.955185 61.955185 61.955185 69.417778 69.417778 69.417778 72.978485 72.978485 72.978485 72.978485 74.237816 74.237816 74.237816 64.101463 64.101463 64.101463 69.462044 69.462044 69.462044 69.462044 81.625702 81.625702 81.625702 173.237930 173.237930 173.237930 202.947922 202.947922 202.947922 55.629157 41.721869 139.072891 139.072891 136.606262 136.606262 136.606262 97.223824 97.223824 97.223824 89.244423 89.244423 89.244423 89.244423 110.645439 110.645439 110.645439 69.849564 69.849564 20.954870 19.479189 64.930626 64.930626 25.972251 22.052846
113.701813 113.701813 113.701813 72.795761 72.795761 72.795761 72.795761 98.722404 98.722404 98.722404 101.373299 101.373299 101.373299 80.030022 80.030022 80.030022 80.030022 74.604256 74.604256 74.604256 78.021332 78.021332 78.021332 113.815208 113.815208 113.815208 113.815208 133.007645 133.007645 133.007645 132.003876 132.003876 132.003876 131.541351 131.541351 52.616541 125.773804 125.773804 125.773804 125.773804 92.162018 92.162018 92.162018 87.537132 87.537132 87.537132 65.409660 65.409660 65.409660 65.409660 79.167152 79.167152 79.167152 99.625099 99.625099 19.925020 31.672697 105.575653 105.575653 105.575653 35.772748
113.701813 113.701813 113.701813 72.795761 72.795761 72.795761 72.795761 98.722404 98.722404 98.722404 101.373299 101.373299 101.373299 80.030022 80.030022 80.030022 80.030022 74.604256 74.604256 74.604256 78.021332 78.021332 78.021332 113.815208 113.815208 113.815208 113.815208 133.007645 133.007645 133.007645 132.003876 132.003876 132.003876 131.541351 131.541351 52.616541 125.773804 125.773804 125.773804 125.773804 92.162018 92.162018 92.162018 87.537132 87.537132 35.014853 65.409660 65.409660 65.409660 65.409660 79.167152 79.167152 79.167152 99.625099 29.887531 99.625099 105.575653 42.230262 105.575653 105.575653 35.772748
113.701813 113.701813 113.701813 72.795761 72.795761 72.795761 72.795761 98.722404 98.722404 98.722404 101.373299 101.373299 101.373299 80.030022 80.030022 80.030022 80.030022 74.604256 74.604256 74.604256 78.021332 78.021332 78.021332 113.815208 113.815208 113.815208 113.815208 133.007645 133.007645 133.007645 132.003876 132.003876 132.003876 131.541351 131.541351 131.541351 125.773804 125.773804 125.773804 125.773804 92.162018 92.162018 92.162018 87.537132 87.537132 35.014853 65.409660 65.409660 65.409660 65.409660 79.167152 79.167152 79.167152 99.625099 39.850040 39.850040 42.230262 42.230262 42.230262 42.230262 35.772748
114.036873 114.036873 114.036873 120.761192 120.761192 120.761192 120.761192 113.830605 113.830605 113.830605 107.369232 107.369232 107.369232 103.596611 103.596611 103.596611 103.596611 98.397400 98.397400 98.397400 99.599762 99.599762 99.599762 127.222260 127.222260 127.222260 127.222260 130.237350 130.237350 130.237350 100.482048 100.482048 100.482048 96.616302 96.616302 96.616302 86.754295 86.754295 86.754295 86.754295 78.141640 78.141640 78.141640 106.624664 31.987401 31.987401 63.142544 63.142544 63.142544 63.142544 98.977081 98.977081 98.977081 114.913712 45.965485 45.965485 70.361282 70.361282 70.361282 70.361282 28.475443
114.036873 114.036873 114.036873 120.761192 120.761192 120.761192 120.761192 113.830605 113.830605 113.830605 107.369232 107.369232 107.369232 103.596611 103.596611 103.596611 103.596611 98.397400 98.397400 98.397400 99.599762 99.599762 99.599762 127.222260 127.222260 127.222260 127.222260 130.237350 130.237350 130.237350 100.482048 100.482048 100.482048 28.984892 96.616302 96.616302 86.754295 86.754295 86.754295 86.754295 78.141640 78.141640 31.256656 42.649866 42.649866 31.987401 63.142544 63.142544 63.142544 63.142544 98.977081 98.977081 98.977081 114.913712 45.965485 45.965485 70.361282 70.361282 70.361282 70.361282 71.188606
114.036873 114.036873 114.036873 120.761192 120.761192 120.761192 120.761192 113.830605 113.830605 113.830605 107.369232 107.369232 107.369232 103.596611 103.596611 103.596611 103.596611 98.397400 98.397400 98.397400 99.599762 99.599762 99.599762 127.222260 127.222260 127.222260 127.222260 130.237350 130.237350 130.237350 100.482048 100.482048 40.192820 96.616302 96.616302 96.616302 86.754295 86.754295 34.701719 86.754295 23.442493 78.141640 78.141640 42.649866 106.624664 106.624664 63.142544 63.142544 63.142544 63.142544 98.977081 98.977081 98.977081 114.913712 114.913712 45.965485 70.361282 70.361282 28.144513 70.361282 71.188606
77.467239 77.467239 77.467239 102.965096 102.965096 102.965096 102.965096 113.965569 113.965569 113.965569 96.404083 96.404083 96.404083 106.422493 106.422493 106.422493 106.422493 108.861694 108.861694 108.861694 108.527313 108.527313 108.527313 84.146706 84.146706 84.146706 84.146706 80.678757 80.678757 80.678757 76.807289 76.807289 76.807289 32.656038 32.656038 108.853455 70.499428 70.499428 21.149829 14.099886 27.823188 27.823188 27.823188 24.387487 60.968716 60.968716 57.662945 57.662945 57.662945 57.662945 91.114143 91.114143 91.114143 99.077171 29.723153 29.723153 39.026102 97.565254 39.026102 97.565254 145.943893
77.467239 77.467239 77.467239 102.965096 102.965096 102.965096 102.965096 113.965569 113.965569 113.965569 96.404083 96.404083 96.404083 106.422493 106.422493 106.422493 106.422493 108.861694 108.861694 108.861694 108.527313 108.527313 108.527313 84.146706 84.146706 84.146706 84.146706 80.678757 80.678757 80.678757 76.807289 76.807289 76.807289 32.656038 32.656038 43.541382 70.499428 70.499428 21.149829 21.149829 37.097584 37.097584 92.743958 24.387487 60.968716 60.968716 57.662945 57.662945 57.662945 57.662945 91.114143 91.114143 91.114143 99.077171 99.077171 39.630869 97.565254 39.026102 39.026102 39.026102 145.943893
77.467239 77.467239 77.467239 102.965096 102.965096 102.965096 102.965096 113.965569 113.965569 113.965569 96.404083 96.404083 96.404083 106.422493 106.422493 106.422493 106.422493 108.861694 108.861694 108.861694 108.527313 108.527313 108.527313 84.146706 84.146706 84.146706 84.146706 80.678757 80.678757 80.678757 76.807289 76.807289 76.807289 108.853455 108.853455 43.541382 70.499428 70.499428 70.499428 70.499428 37.097584 37.097584 92.743958 60.968716 60.968716 60.968716 57.662945 57.662945 57.662945 57.662945 91.114143 91.114143 91.114143 99.077171 99.077171 29.723153 29.269577 97.565254 97.565254 39.026102 58.377558
77.467239 77.467239 77.467239 102.965096 102.965096 102.965096 102.965096 113.965569 113.965569 113.965569 96.404083 96.404083 96.404083 106.422493 106.422493 106.422493 106.422493 108.861694 108.861694 108.861694 108.527313 108.527313 108.527313 84.146706 84.146706 84.146706 84.146706 80.678757 80.678757 80.678757 76.807289 76.807289 76.807289 108.853455 108.853455 108.853455 70.499428 70.499428 70.499428 70.499428 37.097584 92.743958 92.743958 60.968716 60.968716 60.968716 57.662945 57.662945 57.662945 57.662945 91.114143 91.114143 91.114143 99.077171 99.077171 99.077171 29.269577 97.565254 97.565254 97.565254 145.943893
66.782623 66.782623 66.782623 70.018089 70.018089 70.018089 70.018089 95.974266 95.974266 95.974266 70.540718 70.540718 70.540718 70.852303 70.852303 70.852303 70.852303 79.310188 79.310188 79.310188 80.895638 80.895638 80.895638 72.574112 72.574112 72.574112 72.574112 61.771667 61.771667 61.771667 83.042572 83.042572 83.042572 85.732925 85.732925 85.732925 55.346233 55.346233 55.346233 22.138494 22.316108 22.316108 55.790268 55.676884 55.676884 55.676884 56.287952 56.287952 56.287952 56.287952 58.891376 58.891376 58.891376 85.652496 85.652496 85.652496 58.975525 58.975525 58.975525 58.975525 84.728630
