Big_Beef/DataInputs30m/o_10_ChemistryPools/SOLUS_HumusN/layer1_humusN_gm2_BigBeef.asc
ncols        345
nrows        426
xllcorner    508562.338426187926
yllcorner    5265656.272683421150
cellsize     30.000000000000
NODATA_value -9999
[rows 280 to 307 of 426, columns 0 to 61 of 345]
0 0 0 0 0 0 0 0 0 0 0 0 0 0 0 0 0 0 0 0 0 0 0 0 0 0 0 0 0 0 273.7799072265625 273.7799072265625 273.7799072265625 273.7799072265625 283.752471923828125 283.752471923828125 283.752471923828125 294.754547119140625 294.754547119140625 294.754547119140625 267.6712646484375 267.6712646484375 267.6712646484375 267.6712646484375 266.56829833984375 266.56829833984375 266.56829833984375 396.056610107421875 396.056610107421875 396.056610107421875 346.939483642578125 346.939483642578125 346.939483642578125 346.939483642578125 423.08526611328125 423.08526611328125 423.08526611328125 807.396728515625 807.396728515625 807.396728515625 977.43365478515625 977.43365478515625
0 0 0 0 0 0 0 0 0 0 0 0 0 0 0 0 0 0 0 0 0 0 0 0 0 0 0 0 0 0 281.259857177734375 281.259857177734375 281.259857177734375 281.259857177734375 276.390533447265625 276.390533447265625 276.390533447265625 555.29833984375 555.29833984375 555.29833984375 581.701904296875 581.701904296875 581.701904296875 581.701904296875 584.67608642578125 584.67608642578125 584.67608642578125 288.751556396484375 288.751556396484375 288.751556396484375 415.628692626953125 415.628692626953125 415.628692626953125 415.628692626953125 537.17510986328125 537.17510986328125 537.17510986328125 913.13055419921875 913.13055419921875 913.13055419921875 989.01873779296875 989.01873779296875
0 0 0 0 0 0 0 0 0 0 0 0 0 0 0 0 0 0 0 0 0 0 0 0 0 0 0 0 0 0 281.259857177734375 281.259857177734375 281.259857177734375 281.259857177734375 276.390533447265625 276.390533447265625 276.390533447265625 555.29833984375 555.29833984375 555.29833984375 581.701904296875 581.701904296875 581.701904296875 581.701904296875 584.67608642578125 584.67608642578125 584.67608642578125 288.751556396484375 288.751556396484375 288.751556396484375 415.628692626953125 415.628692626953125 415.628692626953125 415.628692626953125 537.17510986328125 537.17510986328125 537.17510986328125 913.13055419921875 913.13055419921875 913.13055419921875 989.01873779296875 989.01873779296875
0 0 0 0 0 0 0 0 0 0 0 0 0 0 0 0 0 0 0 0 0 0 0 0 0 0 0 0 0 0 281.259857177734375 281.259857177734375 281.259857177734375 281.259857177734375 276.390533447265625 276.390533447265625 276.390533447265625 555.29833984375 555.29833984375 555.29833984375 581.701904296875 581.701904296875 581.701904296875 581.701904296875 584.67608642578125 584.67608642578125 584.67608642578125 288.751556396484375 288.751556396484375 288.751556396484375 415.628692626953125 415.628692626953125 415.628692626953125 415.628692626953125 537.17510986328125 537.17510986328125 537.17510986328125 913.13055419921875 913.13055419921875 913.13055419921875 989.01873779296875 989.01873779296875
0 0 0 0 0 0 0 0 0 0 0 0 0 0 0 0 0 0 0 0 0 0 0 0 0 0 0 0 0 0 404.339508056640625 404.339508056640625 404.339508056640625 404.339508056640625 410.369140625 410.369140625 410.369140625 418.692779541015625 418.692779541015625 418.692779541015625 401.395294189453125 401.395294189453125 401.395294189453125 401.395294189453125 399.9710693359375 399.9710693359375 399.9710693359375 396.215484619140625 396.215484619140625 396.215484619140625 301.873382568359375 301.873382568359375 301.873382568359375 301.873382568359375 501.7286376953125 501.7286376953125 501.7286376953125 953.52056884765625 953.52056884765625 953.52056884765625 977.996337890625 977.996337890625
0 0 0 0 0 0 0 0 0 0 0 0 0 0 0 0 0 0 0 0 0 0 0 0 0 0 0 0 0 0 404.339508056640625 404.339508056640625 404.339508056640625 404.339508056640625 410.369140625 410.369140625 410.369140625 418.692779541015625 418.692779541015625 418.692779541015625 401.395294189453125 401.395294189453125 401.395294189453125 401.395294189453125 399.9710693359375 399.9710693359375 399.9710693359375 396.215484619140625 396.215484619140625 396.215484619140625 301.873382568359375 301.873382568359375 301.873382568359375 301.873382568359375 501.7286376953125 501.7286376953125 501.7286376953125 953.52056884765625 953.52056884765625 953.52056884765625 977.996337890625 977.996337890625
0 0 0 0 0 0 0 0 0 0 0 0 0 0 0 0 0 0 0 0 0 0 0 0 0 0 0 0 0 0 404.339508056640625 404.339508056640625 404.339508056640625 404.339508056640625 410.369140625 410.369140625 410.369140625 418.692779541015625 418.692779541015625 418.692779541015625 401.395294189453125 401.395294189453125 401.395294189453125 401.395294189453125 399.9710693359375 399.9710693359375 399.9710693359375 396.215484619140625 396.215484619140625 396.215484619140625 301.873382568359375 301.873382568359375 301.873382568359375 301.873382568359375 501.7286376953125 501.7286376953125 501.7286376953125 953.52056884765625 953.52056884765625 953.52056884765625 977.996337890625 977.996337890625
0 0 0 0 0 0 0 0 0 0 0 0 0 0 0 0 0 0 0 0 0 0 0 0 0 0 0 0 0 0 404.339508056640625 404.339508056640625 404.339508056640625 404.339508056640625 410.369140625 410.369140625 410.369140625 418.692779541015625 418.692779541015625 418.692779541015625 401.395294189453125 401.395294189453125 401.395294189453125 401.395294189453125 399.9710693359375 399.9710693359375 399.9710693359375 396.215484619140625 396.215484619140625 396.215484619140625 301.873382568359375 301.873382568359375 301.873382568359375 301.873382568359375 501.7286376953125 501.7286376953125 501.7286376953125 953.52056884765625 953.52056884765625 953.52056884765625 977.996337890625 977.996337890625
0 0 0 0 0 0 0 0 0 0 0 0 0 0 0 0 0 0 0 0 0 0 0 0 0 0 0 264.052764892578125 264.052764892578125 264.052764892578125 266.290252685546875 266.290252685546875 266.290252685546875 266.290252685546875 270.536529541015625 270.536529541015625 270.536529541015625 388.958648681640625 388.958648681640625 388.958648681640625 245.32958984375 245.32958984375 245.32958984375 245.32958984375 375.513824462890625 375.513824462890625 375.513824462890625 272.527496337890625 272.527496337890625 272.527496337890625 475.8924560546875 475.8924560546875 475.8924560546875 475.8924560546875 617.18682861328125 617.18682861328125 617.18682861328125 402.723663330078125 402.723663330078125 402.723663330078125 841.7333984375 841.7333984375
0 0 0 0 0 0 0 0 0 0 0 0 0 0 0 0 0 0 0 0 0 0 0 0 0 0 0 264.052764892578125 264.052764892578125 264.052764892578125 266.290252685546875 266.290252685546875 266.290252685546875 266.290252685546875 270.536529541015625 270.536529541015625 270.536529541015625 388.958648681640625 388.958648681640625 388.958648681640625 245.32958984375 245.32958984375 245.32958984375 245.32958984375 375.513824462890625 375.513824462890625 375.513824462890625 272.527496337890625 272.527496337890625 272.527496337890625 475.8924560546875 475.8924560546875 475.8924560546875 475.8924560546875 617.18682861328125 617.18682861328125 617.18682861328125 402.723663330078125 402.723663330078125 402.723663330078125 841.7333984375 841.7333984375
0 0 0 0 0 0 0 0 0 0 0 0 0 0 0 0 0 0 0 0 0 0 0 0 0 0 0 264.052764892578125 264.052764892578125 264.052764892578125 266.290252685546875 266.290252685546875 266.290252685546875 266.290252685546875 270.536529541015625 270.536529541015625 270.536529541015625 388.958648681640625 388.958648681640625 388.958648681640625 245.32958984375 245.32958984375 245.32958984375 245.32958984375 375.513824462890625 375.513824462890625 375.513824462890625 272.527496337890625 272.527496337890625 272.527496337890625 475.8924560546875 475.8924560546875 475.8924560546875 475.8924560546875 617.18682861328125 617.18682861328125 617.18682861328125 402.723663330078125 402.723663330078125 402.723663330078125 841.7333984375 841.7333984375
0 0 0 0 0 0 0 0 0 0 0 0 0 0 0 0 0 0 0 0 0 0 0 0 0 0 0 273.359466552734375 273.359466552734375 273.359466552734375 278.578765869140625 278.578765869140625 278.578765869140625 278.578765869140625 290.093048095703125 290.093048095703125 290.093048095703125 358.04339599609375 358.04339599609375 358.04339599609375 249.7935638427734375 249.7935638427734375 249.7935638427734375 249.7935638427734375 374.426727294921875 374.426727294921875 374.426727294921875 414.62200927734375 414.62200927734375 414.62200927734375 538.143310546875 538.143310546875 538.143310546875 538.143310546875 920.03106689453125 920.03106689453125 920.03106689453125 439.703765869140625 439.703765869140625 439.703765869140625 805.87384033203125 805.87384033203125
0 0 0 0 0 0 0 0 0 0 0 0 0 0 0 0 0 0 0 0 0 0 0 0 0 0 0 273.359466552734375 273.359466552734375 273.359466552734375 278.578765869140625 278.578765869140625 278.578765869140625 278.578765869140625 290.093048095703125 290.093048095703125 290.093048095703125 358.04339599609375 358.04339599609375 358.04339599609375 249.7935638427734375 249.7935638427734375 249.7935638427734375 249.7935638427734375 374.426727294921875 374.426727294921875 374.426727294921875 414.62200927734375 414.62200927734375 414.62200927734375 538.143310546875 538.143310546875 538.143310546875 538.143310546875 920.03106689453125 920.03106689453125 920.03106689453125 439.703765869140625 439.703765869140625 439.703765869140625 805.87384033203125 805.87384033203125
0 0 0 0 0 0 0 0 0 0 0 0 0 0 0 0 0 0 0 0 0 0 0 0 0 0 0 273.359466552734375 273.359466552734375 273.359466552734375 278.578765869140625 278.578765869140625 278.578765869140625 278.578765869140625 290.093048095703125 290.093048095703125 290.093048095703125 358.04339599609375 358.04339599609375 358.04339599609375 249.7935638427734375 249.7935638427734375 249.7935638427734375 249.7935638427734375 374.426727294921875 374.426727294921875 374.426727294921875 414.62200927734375 414.62200927734375 414.62200927734375 538.143310546875 538.143310546875 538.143310546875 538.143310546875 920.03106689453125 920.03106689453125 920.03106689453125 439.703765869140625 439.703765869140625 439.703765869140625 805.87384033203125 805.87384033203125
0 0 0 0 0 0 0 0 0 0 0 0 0 0 0 0 0 0 0 0 0 0 0 0 378.281402587890625 378.281402587890625 378.281402587890625 389.637481689453125 389.637481689453125 389.637481689453125 379.3707275390625 379.3707275390625 379.3707275390625 379.3707275390625 416.270477294921875 416.270477294921875 416.270477294921875 273.234832763671875 273.234832763671875 273.234832763671875 385.50823974609375 385.50823974609375 385.50823974609375 385.50823974609375 410.710113525390625 410.710113525390625 410.710113525390625 435.241424560546875 435.241424560546875 435.241424560546875 731.2763671875 731.2763671875 731.2763671875 731.2763671875 769.04559326171875 769.04559326171875 769.04559326171875 995.126953125 995.126953125 995.126953125 402.670135498046875 402.670135498046875
0 0 0 0 0 0 0 0 0 0 0 0 0 0 0 0 0 0 0 0 0 0 0 0 378.281402587890625 378.281402587890625 378.281402587890625 389.637481689453125 389.637481689453125 389.637481689453125 379.3707275390625 379.3707275390625 379.3707275390625 379.3707275390625 416.270477294921875 416.270477294921875 416.270477294921875 273.234832763671875 273.234832763671875 273.234832763671875 385.50823974609375 385.50823974609375 385.50823974609375 385.50823974609375 410.710113525390625 410.710113525390625 410.710113525390625 435.241424560546875 435.241424560546875 435.241424560546875 731.2763671875 731.2763671875 731.2763671875 731.2763671875 769.04559326171875 769.04559326171875 769.04559326171875 995.126953125 995.126953125 995.126953125 402.670135498046875 402.670135498046875
0 0 0 0 0 0 0 0 0 0 0 0 0 0 0 0 0 0 0 0 0 0 0 0 378.281402587890625 378.281402587890625 378.281402587890625 389.637481689453125 389.637481689453125 389.637481689453125 379.3707275390625 379.3707275390625 379.3707275390625 379.3707275390625 416.270477294921875 416.270477294921875 416.270477294921875 273.234832763671875 273.234832763671875 273.234832763671875 385.50823974609375 385.50823974609375 385.50823974609375 385.50823974609375 410.710113525390625 410.710113525390625 410.710113525390625 435.241424560546875 435.241424560546875 435.241424560546875 731.2763671875 731.2763671875 731.2763671875 731.2763671875 769.04559326171875 769.04559326171875 769.04559326171875 995.126953125 995.126953125 995.126953125 402.670135498046875 402.670135498046875
0 0 0 0 0 0 0 0 0 0 0 0 0 0 0 0 0 0 0 0 0 0 0 0 378.281402587890625 378.281402587890625 378.281402587890625 389.637481689453125 389.637481689453125 389.637481689453125 379.3707275390625 379.3707275390625 379.3707275390625 379.3707275390625 416.270477294921875 416.270477294921875 416.270477294921875 273.234832763671875 273.234832763671875 273.234832763671875 385.50823974609375 385.50823974609375 385.50823974609375 385.50823974609375 410.710113525390625 410.710113525390625 410.710113525390625 435.241424560546875 435.241424560546875 435.241424560546875 731.2763671875 731.2763671875 731.2763671875 731.2763671875 769.04559326171875 769.04559326171875 769.04559326171875 995.126953125 995.126953125 995.126953125 402.670135498046875 402.670135498046875
0 0 0 0 0 0 0 0 0 0 0 0 0 0 0 0 0 0 0 0 0 0 0 0 354.700653076171875 354.700653076171875 354.700653076171875 375.531341552734375 375.531341552734375 375.531341552734375 234.3883209228515625 234.3883209228515625 234.3883209228515625 234.3883209228515625 238.4082794189453125 238.4082794189453125 238.4082794189453125 385.076812744140625 385.076812744140625 385.076812744140625 270.707366943359375 270.707366943359375 270.707366943359375 270.707366943359375 254.7565765380859375 254.7565765380859375 254.7565765380859375 392.24652099609375 392.24652099609375 392.24652099609375 504.6837158203125 504.6837158203125 504.6837158203125 504.6837158203125 922 922 922 1108.7652587890625 1108.7652587890625 1108.7652587890625 379.8011474609375 379.8011474609375
0 0 0 0 0 0 0 0 0 0 0 0 0 0 0 0 0 0 0 0 0 0 0 0 354.700653076171875 354.700653076171875 354.700653076171875 375.531341552734375 375.531341552734375 375.531341552734375 234.3883209228515625 234.3883209228515625 234.3883209228515625 234.3883209228515625 238.4082794189453125 238.4082794189453125 238.4082794189453125 385.076812744140625 385.076812744140625 385.076812744140625 270.707366943359375 270.707366943359375 270.707366943359375 270.707366943359375 254.7565765380859375 254.7565765380859375 254.7565765380859375 392.24652099609375 392.24652099609375 392.24652099609375 504.6837158203125 504.6837158203125 504.6837158203125 504.6837158203125 922 922 922 1108.7652587890625 1108.7652587890625 1108.7652587890625 379.8011474609375 379.8011474609375
0 0 0 0 0 0 0 0 0 0 0 0 0 0 0 0 0 0 0 0 0 0 0 0 354.700653076171875 354.700653076171875 354.700653076171875 375.531341552734375 375.531341552734375 375.531341552734375 234.3883209228515625 234.3883209228515625 234.3883209228515625 234.3883209228515625 238.4082794189453125 238.4082794189453125 238.4082794189453125 385.076812744140625 385.076812744140625 385.076812744140625 270.707366943359375 270.707366943359375 270.707366943359375 270.707366943359375 254.7565765380859375 254.7565765380859375 254.7565765380859375 392.24652099609375 392.24652099609375 392.24652099609375 504.6837158203125 504.6837158203125 504.6837158203125 504.6837158203125 922 922 922 1108.7652587890625 1108.7652587890625 1108.7652587890625 379.8011474609375 379.8011474609375
0 0 0 0 0 0 0 0 0 0 0 0 0 0 0 0 0 0 0 0 0 0 0 0 394.0693359375 394.0693359375 394.0693359375 258.2838134765625 258.2838134765625 258.2838134765625 244.42938232421875 244.42938232421875 244.42938232421875 244.42938232421875 225.37823486328125 225.37823486328125 225.37823486328125 278.052398681640625 278.052398681640625 278.052398681640625 369.50079345703125 369.50079345703125 369.50079345703125 369.50079345703125 680.98126220703125 680.98126220703125 680.98126220703125 816.660888671875 816.660888671875 816.660888671875 925.68536376953125 925.68536376953125 925.68536376953125 925.68536376953125 1062.3604736328125 1062.3604736328125 1062.3604736328125 944.17633056640625 944.17633056640625 944.17633056640625 295.612823486328125 295.612823486328125
0 0 0 0 0 0 0 0 0 0 0 0 0 0 0 0 0 0 0 0 0 0 0 0 394.0693359375 394.0693359375 394.0693359375 258.2838134765625 258.2838134765625 258.2838134765625 244.42938232421875 244.42938232421875 244.42938232421875 244.42938232421875 225.37823486328125 225.37823486328125 225.37823486328125 278.052398681640625 278.052398681640625 278.052398681640625 369.50079345703125 369.50079345703125 369.50079345703125 369.50079345703125 680.98126220703125 680.98126220703125 680.98126220703125 816.660888671875 816.660888671875 816.660888671875 925.68536376953125 925.68536376953125 925.68536376953125 925.68536376953125 1062.3604736328125 1062.3604736328125 1062.3604736328125 944.17633056640625 944.17633056640625 944.17633056640625 295.612823486328125 295.612823486328125
0 0 0 0 0 0 0 0 0 0 0 0 0 0 0 0 0 0 0 0 0 0 0 0 394.0693359375 394.0693359375 394.0693359375 258.2838134765625 258.2838134765625 258.2838134765625 244.42938232421875 244.42938232421875 244.42938232421875 244.42938232421875 225.37823486328125 225.37823486328125 225.37823486328125 278.052398681640625 278.052398681640625 278.052398681640625 369.50079345703125 369.50079345703125 369.50079345703125 369.50079345703125 680.98126220703125 680.98126220703125 680.98126220703125 816.660888671875 816.660888671875 816.660888671875 925.68536376953125 925.68536376953125 925.68536376953125 925.68536376953125 1062.3604736328125 1062.3604736328125 1062.3604736328125 944.17633056640625 944.17633056640625 944.17633056640625 295.612823486328125 295.612823486328125
0 0 0 0 0 0 0 0 0 0 0 0 0 0 0 0 0 0 0 0 383.5845947265625 383.5845947265625 383.5845947265625 383.5845947265625 343.523681640625 343.523681640625 343.523681640625 587.96868896484375 587.96868896484375 587.96868896484375 261.249298095703125 261.249298095703125 261.249298095703125 261.249298095703125 254.09283447265625 254.09283447265625 254.09283447265625 269.31890869140625 269.31890869140625 269.31890869140625 408.29925537109375 408.29925537109375 408.29925537109375 408.29925537109375 935.53289794921875 935.53289794921875 935.53289794921875 1067.5784912109375 1067.5784912109375 1067.5784912109375 1065.72705078125 1065.72705078125 1065.72705078125 1065.72705078125 1049.9954833984375 1049.9954833984375 1049.9954833984375 795.89849853515625 795.89849853515625 795.89849853515625 290.57342529296875 290.57342529296875
0 0 0 0 0 0 0 0 0 0 0 0 0 0 0 0 0 0 0 0 383.5845947265625 383.5845947265625 383.5845947265625 383.5845947265625 343.523681640625 343.523681640625 343.523681640625 587.96868896484375 587.96868896484375 587.96868896484375 261.249298095703125 261.249298095703125 261.249298095703125 261.249298095703125 254.09283447265625 254.09283447265625 254.09283447265625 269.31890869140625 269.31890869140625 269.31890869140625 408.29925537109375 408.29925537109375 408.29925537109375 408.29925537109375 935.53289794921875 935.53289794921875 935.53289794921875 1067.5784912109375 1067.5784912109375 1067.5784912109375 1065.72705078125 1065.72705078125 1065.72705078125 1065.72705078125 1049.9954833984375 1049.9954833984375 1049.9954833984375 795.89849853515625 795.89849853515625 795.89849853515625 290.57342529296875 290.57342529296875
0 0 0 0 0 0 0 0 0 0 0 0 0 0 0 0 0 0 0 0 383.5845947265625 383.5845947265625 383.5845947265625 383.5845947265625 343.523681640625 343.523681640625 343.523681640625 587.96868896484375 587.96868896484375 587.96868896484375 261.249298095703125 261.249298095703125 261.249298095703125 261.249298095703125 254.09283447265625 254.09283447265625 254.09283447265625 269.31890869140625 269.31890869140625 269.31890869140625 408.29925537109375 408.29925537109375 408.29925537109375 408.29925537109375 935.53289794921875 935.53289794921875 935.53289794921875 1067.5784912109375 1067.5784912109375 1067.5784912109375 1065.72705078125 1065.72705078125 1065.72705078125 1065.72705078125 1049.9954833984375 1049.9954833984375 1049.9954833984375 795.89849853515625 795.89849853515625 795.89849853515625 290.57342529296875 290.57342529296875
0 0 0 0 0 0 0 0 0 0 0 0 0 0 0 0 0 0 0 0 383.5845947265625 383.5845947265625 383.5845947265625 383.5845947265625 343.523681640625 343.523681640625 343.523681640625 587.96868896484375 587.96868896484375 587.96868896484375 261.249298095703125 261.249298095703125 261.249298095703125 261.249298095703125 254.09283447265625 254.09283447265625 254.09283447265625 269.31890869140625 269.31890869140625 269.31890869140625 408.29925537109375 408.29925537109375 408.29925537109375 408.29925537109375 935.53289794921875 935.53289794921875 935.53289794921875 1067.5784912109375 1067.5784912109375 1067.5784912109375 1065.72705078125 1065.72705078125 1065.72705078125 1065.72705078125 1049.9954833984375 1049.9954833984375 1049.9954833984375 795.89849853515625 795.89849853515625 795.89849853515625 290.57342529296875 290.57342529296875
