Big_Beef/DataInputs30m/o_10_ChemistryPools/SOLUS_HumusN/layer2_humusN_gm2_BigBeef.asc
ncols        345
nrows        426
xllcorner    508562.338426187926
yllcorner    5265656.272683421150
cellsize     30.000000000000
NODATA_value -9999
[rows 243 to 269 of 426, columns 183 to 243 of 345]
136.5281219482421875 136.5281219482421875 136.5281219482421875 198.8225555419921875 198.8225555419921875 198.8225555419921875 198.8225555419921875 193.85986328125 193.85986328125 193.85986328125 187.2950897216796875 187.2950897216796875 187.2950897216796875 194.164306640625 194.164306640625 194.164306640625 194.164306640625 195.4107818603515625 195.4107818603515625 195.4107818603515625 193.3704071044921875 193.3704071044921875 193.3704071044921875 155.82098388671875 155.82098388671875 155.82098388671875 155.82098388671875 167.5165252685546875 167.5165252685546875 167.5165252685546875 171.1022491455078125 171.1022491455078125 171.1022491455078125 178.0550994873046875 178.0550994873046875 178.0550994873046875 182.0070343017578125 182.0070343017578125 182.0070343017578125 182.0070343017578125 180.1048126220703125 180.1048126220703125 180.1048126220703125 165.9703216552734375 165.9703216552734375 165.9703216552734375 148.22369384765625 148.22369384765625 148.22369384765625 148.22369384765625 132.7755279541015625 132.7755279541015625 132.7755279541015625 291.361968994140625 291.361968994140625 291.361968994140625 136.7538604736328125 136.7538604736328125 136.7538604736328125 136.7538604736328125 122.30768585205078125
136.5281219482421875 136.5281219482421875 136.5281219482421875 198.8225555419921875 198.8225555419921875 198.8225555419921875 198.8225555419921875 193.85986328125 193.85986328125 193.85986328125 187.2950897216796875 187.2950897216796875 187.2950897216796875 194.164306640625 194.164306640625 194.164306640625 194.164306640625 195.4107818603515625 195.4107818603515625 195.4107818603515625 193.3704071044921875 193.3704071044921875 193.3704071044921875 155.82098388671875 155.82098388671875 155.82098388671875 155.82098388671875 167.5165252685546875 167.5165252685546875 167.5165252685546875 171.1022491455078125 171.1022491455078125 171.1022491455078125 178.0550994873046875 178.0550994873046875 178.0550994873046875 182.0070343017578125 182.0070343017578125 182.0070343017578125 182.0070343017578125 180.1048126220703125 180.1048126220703125 180.1048126220703125 165.9703216552734375 165.9703216552734375 165.9703216552734375 148.22369384765625 148.22369384765625 148.22369384765625 148.22369384765625 132.7755279541015625 132.7755279541015625 132.7755279541015625 291.361968994140625 291.361968994140625 291.361968994140625 136.7538604736328125 136.7538604736328125 136.7538604736328125 136.7538604736328125 122.30768585205078125
187.8177642822265625 187.8177642822265625 187.8177642822265625 186.45843505859375 186.45843505859375 186.45843505859375 186.45843505859375 182.4357452392578125 182.4357452392578125 182.4357452392578125 200.5072784423828125 200.5072784423828125 200.5072784423828125 211.3149566650390625 211.3149566650390625 211.3149566650390625 211.3149566650390625 207.2904205322265625 207.2904205322265625 207.2904205322265625 297.93377685546875 297.93377685546875 297.93377685546875 156.07421875 156.07421875 156.07421875 156.07421875 173.1898193359375 173.1898193359375 173.1898193359375 181.3997802734375 181.3997802734375 181.3997802734375 180.7512054443359375 180.7512054443359375 180.7512054443359375 188.1315765380859375 188.1315765380859375 188.1315765380859375 188.1315765380859375 191.1678466796875 191.1678466796875 191.1678466796875 175.81884765625 175.81884765625 175.81884765625 166.0667724609375 166.0667724609375 166.0667724609375 166.0667724609375 167.078704833984375 167.078704833984375 167.078704833984375 154.866943359375 154.866943359375 154.866943359375 142.5004425048828125 142.5004425048828125 142.5004425048828125 142.5004425048828125 126.99983978271484375
187.8177642822265625 187.8177642822265625 187.8177642822265625 186.45843505859375 186.45843505859375 186.45843505859375 186.45843505859375 182.4357452392578125 182.4357452392578125 182.4357452392578125 200.5072784423828125 200.5072784423828125 200.5072784423828125 211.3149566650390625 211.3149566650390625 211.3149566650390625 211.3149566650390625 207.2904205322265625 207.2904205322265625 207.2904205322265625 297.93377685546875 297.93377685546875 297.93377685546875 156.07421875 156.07421875 156.07421875 156.07421875 173.1898193359375 173.1898193359375 173.1898193359375 181.3997802734375 181.3997802734375 181.3997802734375 180.7512054443359375 180.7512054443359375 180.7512054443359375 188.1315765380859375 188.1315765380859375 188.1315765380859375 188.1315765380859375 191.1678466796875 191.1678466796875 191.1678466796875 175.81884765625 175.81884765625 175.81884765625 166.0667724609375 166.0667724609375 166.0667724609375 166.0667724609375 167.078704833984375 167.078704833984375 167.078704833984375 154.866943359375 154.866943359375 154.866943359375 142.5004425048828125 142.5004425048828125 142.5004425048828125 142.5004425048828125 126.99983978271484375
187.8177642822265625 187.8177642822265625 187.8177642822265625 186.45843505859375 186.45843505859375 186.45843505859375 186.45843505859375 182.4357452392578125 182.4357452392578125 182.4357452392578125 200.5072784423828125 200.5072784423828125 200.5072784423828125 211.3149566650390625 211.3149566650390625 211.3149566650390625 211.3149566650390625 207.2904205322265625 207.2904205322265625 207.2904205322265625 297.93377685546875 297.93377685546875 297.93377685546875 156.07421875 156.07421875 156.07421875 156.07421875 173.1898193359375 173.1898193359375 173.1898193359375 181.3997802734375 181.3997802734375 181.3997802734375 180.7512054443359375 180.7512054443359375 180.7512054443359375 188.1315765380859375 188.1315765380859375 188.1315765380859375 188.1315765380859375 191.1678466796875 191.1678466796875 191.1678466796875 175.81884765625 175.81884765625 175.81884765625 166.0667724609375 166.0667724609375 166.0667724609375 166.0667724609375 167.078704833984375 167.078704833984375 167.078704833984375 154.866943359375 154.866943359375 154.866943359375 142.5004425048828125 142.5004425048828125 142.5004425048828125 142.5004425048828125 126.99983978271484375
177.9206390380859375 177.9206390380859375 177.9206390380859375 184.4955902099609375 184.4955902099609375 184.4955902099609375 184.4955902099609375 202.1045379638671875 202.1045379638671875 202.1045379638671875 212.6522674560546875 212.6522674560546875 212.6522674560546875 173.7642974853515625 173.7642974853515625 173.7642974853515625 173.7642974853515625 176.21563720703125 176.21563720703125 176.21563720703125 175.5809326171875 175.5809326171875 175.5809326171875 234.6942138671875 234.6942138671875 234.6942138671875 234.6942138671875 244.5438079833984375 244.5438079833984375 244.5438079833984375 234.8676300048828125 234.8676300048828125 234.8676300048828125 177.7856292724609375 177.7856292724609375 177.7856292724609375 242.4742431640625 242.4742431640625 242.4742431640625 242.4742431640625 248.40570068359375 248.40570068359375 248.40570068359375 246.47381591796875 246.47381591796875 246.47381591796875 239.2256011962890625 239.2256011962890625 239.2256011962890625 239.2256011962890625 171.1852264404296875 171.1852264404296875 171.1852264404296875 161.2695159912109375 161.2695159912109375 161.2695159912109375 138.9869232177734375 138.9869232177734375 138.9869232177734375 138.9869232177734375 0
177.9206390380859375 177.9206390380859375 177.9206390380859375 184.4955902099609375 184.4955902099609375 184.4955902099609375 184.4955902099609375 202.1045379638671875 202.1045379638671875 202.1045379638671875 212.6522674560546875 212.6522674560546875 212.6522674560546875 173.7642974853515625 173.7642974853515625 173.7642974853515625 173.7642974853515625 176.21563720703125 176.21563720703125 176.21563720703125 175.5809326171875 175.5809326171875 175.5809326171875 234.6942138671875 234.6942138671875 234.6942138671875 234.6942138671875 244.5438079833984375 244.5438079833984375 244.5438079833984375 234.8676300048828125 234.8676300048828125 234.8676300048828125 177.7856292724609375 177.7856292724609375 177.7856292724609375 242.4742431640625 242.4742431640625 242.4742431640625 242.4742431640625 248.40570068359375 248.40570068359375 248.40570068359375 246.47381591796875 246.47381591796875 246.47381591796875 239.2256011962890625 239.2256011962890625 239.2256011962890625 239.2256011962890625 171.1852264404296875 171.1852264404296875 171.1852264404296875 161.2695159912109375 161.2695159912109375 161.2695159912109375 138.9869232177734375 138.9869232177734375 138.9869232177734375 138.9869232177734375 0
177.9206390380859375 177.9206390380859375 177.9206390380859375 184.4955902099609375 184.4955902099609375 184.4955902099609375 184.4955902099609375 202.1045379638671875 202.1045379638671875 202.1045379638671875 212.6522674560546875 212.6522674560546875 212.6522674560546875 173.7642974853515625 173.7642974853515625 173.7642974853515625 173.7642974853515625 176.21563720703125 176.21563720703125 176.21563720703125 175.5809326171875 175.5809326171875 175.5809326171875 234.6942138671875 234.6942138671875 234.6942138671875 234.6942138671875 244.5438079833984375 244.5438079833984375 244.5438079833984375 234.8676300048828125 234.8676300048828125 234.8676300048828125 177.7856292724609375 177.7856292724609375 177.7856292724609375 242.4742431640625 242.4742431640625 242.4742431640625 242.4742431640625 248.40570068359375 248.40570068359375 248.40570068359375 246.47381591796875 246.47381591796875 246.47381591796875 239.2256011962890625 239.2256011962890625 239.2256011962890625 239.2256011962890625 171.1852264404296875 171.1852264404296875 171.1852264404296875 161.2695159912109375 161.2695159912109375 161.2695159912109375 138.9869232177734375 138.9869232177734375 138.9869232177734375 138.9869232177734375 0
133.13330078125 133.13330078125 133.13330078125 181.8672943115234375 181.8672943115234375 181.8672943115234375 181.8672943115234375 206.23480224609375 206.23480224609375 206.23480224609375 166.019012451171875 166.019012451171875 166.019012451171875 166.7075653076171875 166.7075653076171875 166.7075653076171875 166.7075653076171875 180.9005889892578125 180.9005889892578125 180.9005889892578125 178.8475189208984375 178.8475189208984375 178.8475189208984375 241.5592041015625 241.5592041015625 241.5592041015625 241.5592041015625 239.3389129638671875 239.3389129638671875 239.3389129638671875 240.12786865234375 240.12786865234375 240.12786865234375 178.1996307373046875 178.1996307373046875 178.1996307373046875 191.0009918212890625 191.0009918212890625 191.0009918212890625 191.0009918212890625 256.228179931640625 256.228179931640625 256.228179931640625 251.75689697265625 251.75689697265625 251.75689697265625 247.30615234375 247.30615234375 247.30615234375 247.30615234375 237.9725799560546875 237.9725799560546875 237.9725799560546875 157.1311492919921875 157.1311492919921875 157.1311492919921875 0 0 0 0 0
133.13330078125 133.13330078125 133.13330078125 181.8672943115234375 181.8672943115234375 181.8672943115234375 181.8672943115234375 206.23480224609375 206.23480224609375 206.23480224609375 166.019012451171875 166.019012451171875 166.019012451171875 166.7075653076171875 166.7075653076171875 166.7075653076171875 166.7075653076171875 180.9005889892578125 180.9005889892578125 180.9005889892578125 178.8475189208984375 178.8475189208984375 178.8475189208984375 241.5592041015625 241.5592041015625 241.5592041015625 241.5592041015625 239.3389129638671875 239.3389129638671875 239.3389129638671875 240.12786865234375 240.12786865234375 240.12786865234375 178.1996307373046875 178.1996307373046875 178.1996307373046875 191.0009918212890625 191.0009918212890625 191.0009918212890625 191.0009918212890625 256.228179931640625 256.228179931640625 256.228179931640625 251.75689697265625 251.75689697265625 251.75689697265625 247.30615234375 247.30615234375 247.30615234375 247.30615234375 237.9725799560546875 237.9725799560546875 237.9725799560546875 157.1311492919921875 157.1311492919921875 157.1311492919921875 0 0 0 0 0
133.13330078125 133.13330078125 133.13330078125 181.8672943115234375 181.8672943115234375 181.8672943115234375 181.8672943115234375 206.23480224609375 206.23480224609375 206.23480224609375 166.019012451171875 166.019012451171875 166.019012451171875 166.7075653076171875 166.7075653076171875 166.7075653076171875 166.7075653076171875 180.9005889892578125 180.9005889892578125 180.9005889892578125 178.8475189208984375 178.8475189208984375 178.8475189208984375 241.5592041015625 241.5592041015625 241.5592041015625 241.5592041015625 239.3389129638671875 239.3389129638671875 239.3389129638671875 240.12786865234375 240.12786865234375 240.12786865234375 178.1996307373046875 178.1996307373046875 178.1996307373046875 191.0009918212890625 191.0009918212890625 191.0009918212890625 191.0009918212890625 256.228179931640625 256.228179931640625 256.228179931640625 251.75689697265625 251.75689697265625 251.75689697265625 247.30615234375 247.30615234375 247.30615234375 247.30615234375 237.9725799560546875 237.9725799560546875 237.9725799560546875 157.1311492919921875 157.1311492919921875 157.1311492919921875 0 0 0 0 0
133.13330078125 133.13330078125 133.13330078125 181.8672943115234375 181.8672943115234375 181.8672943115234375 181.8672943115234375 206.23480224609375 206.23480224609375 206.23480224609375 166.019012451171875 166.019012451171875 166.019012451171875 166.7075653076171875 166.7075653076171875 166.7075653076171875 166.7075653076171875 180.9005889892578125 180.9005889892578125 180.9005889892578125 178.8475189208984375 178.8475189208984375 178.8475189208984375 241.5592041015625 241.5592041015625 241.5592041015625 241.5592041015625 239.3389129638671875 239.3389129638671875 239.3389129638671875 240.12786865234375 240.12786865234375 240.12786865234375 178.1996307373046875 178.1996307373046875 178.1996307373046875 191.0009918212890625 191.0009918212890625 191.0009918212890625 191.0009918212890625 256.228179931640625 256.228179931640625 256.228179931640625 251.75689697265625 251.75689697265625 251.75689697265625 247.30615234375 247.30615234375 247.30615234375 247.30615234375 237.9725799560546875 237.9725799560546875 237.9725799560546875 157.1311492919921875 157.1311492919921875 157.1311492919921875 0 0 0 0 0
131.9745941162109375 131.9745941162109375 131.9745941162109375 176.2034759521484375 176.2034759521484375 176.2034759521484375 176.2034759521484375 185.29656982421875 185.29656982421875 185.29656982421875 162.8948516845703125 162.8948516845703125 162.8948516845703125 171.4276885986328125 171.4276885986328125 171.4276885986328125 171.4276885986328125 229.2577972412109375 229.2577972412109375 229.2577972412109375 234.3197784423828125 234.3197784423828125 234.3197784423828125 232.5107574462890625 232.5107574462890625 232.5107574462890625 232.5107574462890625 235.2003936767578125 235.2003936767578125 235.2003936767578125 233.20672607421875 233.20672607421875 233.20672607421875 233.4961395263671875 233.4961395263671875 233.4961395263671875 229.7597503662109375 229.7597503662109375 229.7597503662109375 229.7597503662109375 240.1124725341796875 240.1124725341796875 240.1124725341796875 244.15826416015625 244.15826416015625 244.15826416015625 232.9488677978515625 232.9488677978515625 232.9488677978515625 232.9488677978515625 238.9844207763671875 238.9844207763671875 238.9844207763671875 0 0 0 0 0 0 0 0
131.9745941162109375 131.9745941162109375 131.9745941162109375 176.2034759521484375 176.2034759521484375 176.2034759521484375 176.2034759521484375 185.29656982421875 185.29656982421875 185.29656982421875 162.8948516845703125 162.8948516845703125 162.8948516845703125 171.4276885986328125 171.4276885986328125 171.4276885986328125 171.4276885986328125 229.2577972412109375 229.2577972412109375 229.2577972412109375 234.3197784423828125 234.3197784423828125 234.3197784423828125 232.5107574462890625 232.5107574462890625 232.5107574462890625 232.5107574462890625 235.2003936767578125 235.2003936767578125 235.2003936767578125 233.20672607421875 233.20672607421875 233.20672607421875 233.4961395263671875 233.4961395263671875 233.4961395263671875 229.7597503662109375 229.7597503662109375 229.7597503662109375 229.7597503662109375 240.1124725341796875 240.1124725341796875 240.1124725341796875 244.15826416015625 244.15826416015625 244.15826416015625 232.9488677978515625 232.9488677978515625 232.9488677978515625 232.9488677978515625 238.9844207763671875 238.9844207763671875 238.9844207763671875 0 0 0 0 0 0 0 0
131.9745941162109375 131.9745941162109375 131.9745941162109375 176.2034759521484375 176.2034759521484375 176.2034759521484375 176.2034759521484375 185.29656982421875 185.29656982421875 185.29656982421875 162.8948516845703125 162.8948516845703125 162.8948516845703125 171.4276885986328125 171.4276885986328125 171.4276885986328125 171.4276885986328125 229.2577972412109375 229.2577972412109375 229.2577972412109375 234.3197784423828125 234.3197784423828125 234.3197784423828125 232.5107574462890625 232.5107574462890625 232.5107574462890625 232.5107574462890625 235.2003936767578125 235.2003936767578125 235.2003936767578125 233.20672607421875 233.20672607421875 233.20672607421875 233.4961395263671875 233.4961395263671875 233.4961395263671875 229.7597503662109375 229.7597503662109375 229.7597503662109375 229.7597503662109375 240.1124725341796875 240.1124725341796875 240.1124725341796875 244.15826416015625 244.15826416015625 244.15826416015625 232.9488677978515625 232.9488677978515625 232.9488677978515625 232.9488677978515625 238.9844207763671875 238.9844207763671875 238.9844207763671875 0 0 0 0 0 0 0 0
134.0449676513671875 134.0449676513671875 134.0449676513671875 170.4754638671875 170.4754638671875 170.4754638671875 170.4754638671875 184.8270263671875 184.8270263671875 184.8270263671875 160.865509033203125 160.865509033203125 160.865509033203125 215.1523284912109375 215.1523284912109375 215.1523284912109375 215.1523284912109375 226.1610260009765625 226.1610260009765625 226.1610260009765625 235.13092041015625 235.13092041015625 235.13092041015625 238.8367919921875 238.8367919921875 238.8367919921875 238.8367919921875 234.5247955322265625 234.5247955322265625 234.5247955322265625 243.5535888671875 243.5535888671875 243.5535888671875 0 0 0 222.7772369384765625 222.7772369384765625 222.7772369384765625 222.7772369384765625 231.6613922119140625 231.6613922119140625 231.6613922119140625 242.330322265625 242.330322265625 242.330322265625 238.3810272216796875 238.3810272216796875 238.3810272216796875 238.3810272216796875 234.8853302001953125 234.8853302001953125 234.8853302001953125 0 0 0 0 0 0 0 0
134.0449676513671875 134.0449676513671875 134.0449676513671875 170.4754638671875 170.4754638671875 170.4754638671875 170.4754638671875 184.8270263671875 184.8270263671875 184.8270263671875 160.865509033203125 160.865509033203125 160.865509033203125 215.1523284912109375 215.1523284912109375 215.1523284912109375 215.1523284912109375 226.1610260009765625 226.1610260009765625 226.1610260009765625 235.13092041015625 235.13092041015625 235.13092041015625 238.8367919921875 238.8367919921875 238.8367919921875 238.8367919921875 234.5247955322265625 234.5247955322265625 234.5247955322265625 243.5535888671875 243.5535888671875 243.5535888671875 0 0 0 222.7772369384765625 222.7772369384765625 222.7772369384765625 222.7772369384765625 231.6613922119140625 231.6613922119140625 231.6613922119140625 242.330322265625 242.330322265625 242.330322265625 238.3810272216796875 238.3810272216796875 238.3810272216796875 238.3810272216796875 234.8853302001953125 234.8853302001953125 234.8853302001953125 0 0 0 0 0 0 0 0
134.0449676513671875 134.0449676513671875 134.0449676513671875 170.4754638671875 170.4754638671875 170.4754638671875 170.4754638671875 184.8270263671875 184.8270263671875 184.8270263671875 160.865509033203125 160.865509033203125 160.865509033203125 215.1523284912109375 215.1523284912109375 215.1523284912109375 215.1523284912109375 226.1610260009765625 226.1610260009765625 226.1610260009765625 235.13092041015625 235.13092041015625 235.13092041015625 238.8367919921875 238.8367919921875 238.8367919921875 238.8367919921875 234.5247955322265625 234.5247955322265625 234.5247955322265625 243.5535888671875 243.5535888671875 243.5535888671875 0 0 0 222.7772369384765625 222.7772369384765625 222.7772369384765625 222.7772369384765625 231.6613922119140625 231.6613922119140625 231.6613922119140625 242.330322265625 242.330322265625 242.330322265625 238.3810272216796875 238.3810272216796875 238.3810272216796875 238.3810272216796875 234.8853302001953125 234.8853302001953125 234.8853302001953125 0 0 0 0 0 0 0 0
0 0 0 0 0 0 0 189.73089599609375 189.73089599609375 189.73089599609375 211.1844635009765625 211.1844635009765625 211.1844635009765625 0 0 0 0 0 0 0 0 0 0 231.5979156494140625 231.5979156494140625 231.5979156494140625 231.5979156494140625 234.6980438232421875 234.6980438232421875 234.6980438232421875 0 0 0 0 0 0 0 0 0 0 0 0 0 0 0 0 0 0 0 0 0 0 0 0 0 0 0 0 0 0 0
0 0 0 0 0 0 0 189.73089599609375 189.73089599609375 189.73089599609375 211.1844635009765625 211.1844635009765625 211.1844635009765625 0 0 0 0 0 0 0 0 0 0 231.5979156494140625 231.5979156494140625 231.5979156494140625 231.5979156494140625 234.6980438232421875 234.6980438232421875 234.6980438232421875 0 0 0 0 0 0 0 0 0 0 0 0 0 0 0 0 0 0 0 0 0 0 0 0 0 0 0 0 0 0 0
0 0 0 0 0 0 0 189.73089599609375 189.73089599609375 189.73089599609375 211.1844635009765625 211.1844635009765625 211.1844635009765625 0 0 0 0 0 0 0 0 0 0 231.5979156494140625 231.5979156494140625 231.5979156494140625 231.5979156494140625 234.6980438232421875 234.6980438232421875 234.6980438232421875 0 0 0 0 0 0 0 0 0 0 0 0 0 0 0 0 0 0 0 0 0 0 0 0 0 0 0 0 0 0 0
0 0 0 0 0 0 0 189.73089599609375 189.73089599609375 189.73089599609375 211.1844635009765625 211.1844635009765625 211.1844635009765625 0 0 0 0 0 0 0 0 0 0 231.5979156494140625 231.5979156494140625 231.5979156494140625 231.5979156494140625 234.6980438232421875 234.6980438232421875 234.6980438232421875 0 0 0 0 0 0 0 0 0 0 0 0 0 0 0 0 0 0 0 0 0 0 0 0 0 0 0 0 0 0 0
0 0 0 0 0 0 0 0 0 0 0 0 0 0 0 0 0 0 0 0 0 0 0 0 0 0 0 0 0 0 0 0 0 0 0 0 0 0 0 0 0 0 0 0 0 0 0 0 0 0 0 0 0 0 0 0 0 0 0 0 0
0 0 0 0 0 0 0 0 0 0 0 0 0 0 0 0 0 0 0 0 0 0 0 0 0 0 0 0 0 0 0 0 0 0 0 0 0 0 0 0 0 0 0 0 0 0 0 0 0 0 0 0 0 0 0 0 0 0 0 0 0
0 0 0 0 0 0 0 0 0 0 0 0 0 0 0 0 0 0 0 0 0 0 0 0 0 0 0 0 0 0 0 0 0 0 0 0 0 0 0 0 0 0 0 0 0 0 0 0 0 0 0 0 0 0 0 0 0 0 0 0 0
0 0 0 0 0 0 0 0 0 0 0 0 0 0 0 0 0 0 0 0 0 0 0 0 0 0 0 0 0 0 0 0 0 0 0 0 0 0 0 0 0 0 0 0 0 0 0 0 0 0 0 0 0 0 0 0 0 0 0 0 0
0 0 0 0 0 0 0 0 0 0 0 0 0 0 0 0 0 0 0 0 0 0 0 0 0 0 0 0 0 0 0 0 0 0 0 0 0 0 0 0 0 0 0 0 0 0 0 0 0 0 0 0 0 0 0 0 0 0 0 0 0
