Big_Beef/DataInputs30m/o_10_ChemistryPools/SOLUS_HumusN/layer2_humusN_gm2_BigBeef_reduced.asc
ncols        345
nrows        426
xllcorner    508562.338426187926
yllcorner    5265656.272683421150
cellsize     30.000000000000
NODATA_value -9999
[rows 297 to 323 of 426, columns 0 to 59 of 345]
0.000000 0.000000 0.000000 0.000000 0.000000 0.000000 0.000000 0.000000 0.000000 0.000000 0.000000 0.000000 0.000000 0.000000 0.000000 0.000000 0.000000 0.000000 0.000000 0.000000 0.000000 0.000000 0.000000 0.000000 47.109807 47.109807 47.109807 61.645869 30.822934 46.234403 42.517000 42.517000 141.723328 141.723328 69.221803 173.054504 173.054504 132.855194 132.855194 39.856560 56.607076 56.607076 188.690247 188.690247 199.882538 199.882538 199.882538 67.009811 67.009811 67.009811 163.732717 163.732717 122.799541 163.732717 195.576626 146.682473 488.941559 304.395732 304.395732 760.989319
0.000000 0.000000 0.000000 0.000000 0.000000 0.000000 0.000000 0.000000 0.000000 0.000000 0.000000 0.000000 0.000000 0.000000 0.000000 0.000000 0.000000 0.000000 0.000000 0.000000 0.000000 0.000000 0.000000 0.000000 147.400681 44.220206 44.220206 44.106223 44.106223 58.808296 43.990226 109.975563 109.975563 109.975563 113.382454 113.382454 113.382454 170.143997 170.143997 170.143997 131.552414 131.552414 131.552414 131.552414 136.179947 136.179947 136.179947 61.135645 61.135645 61.135645 95.016956 126.689272 126.689272 316.723175 669.232483 669.232483 200.769753 792.020752 792.020752 316.808306
0.000000 0.000000 0.000000 0.000000 0.000000 0.000000 0.000000 0.000000 0.000000 0.000000 0.000000 0.000000 0.000000 0.000000 0.000000 0.000000 0.000000 0.000000 0.000000 0.000000 0.000000 0.000000 0.000000 0.000000 44.220206 44.220206 44.220206 44.106223 44.106223 147.020737 109.975563 109.975563 109.975563 109.975563 113.382454 113.382454 113.382454 170.143997 34.028800 170.143997 131.552414 131.552414 131.552414 131.552414 136.179947 136.179947 54.471980 81.514192 61.135645 81.514192 316.723175 95.016956 316.723175 316.723175 669.232483 669.232483 669.232483 792.020752 792.020752 792.020752
0.000000 0.000000 0.000000 0.000000 0.000000 0.000000 0.000000 0.000000 0.000000 0.000000 0.000000 0.000000 0.000000 0.000000 0.000000 0.000000 0.000000 0.000000 0.000000 0.000000 0.000000 0.000000 0.000000 0.000000 29.480137 58.960273 58.960273 58.808296 147.020737 147.020737 109.975563 109.975563 109.975563 109.975563 113.382454 113.382454 113.382454 170.143997 170.143997 170.143997 131.552414 131.552414 131.552414 39.465726 136.179947 54.471980 136.179947 81.514192 61.135645 61.135645 316.723175 316.723175 316.723175 316.723175 669.232483 669.232483 669.232483 792.020752 792.020752 792.020752
0.000000 0.000000 0.000000 0.000000 0.000000 0.000000 0.000000 0.000000 0.000000 0.000000 0.000000 0.000000 0.000000 0.000000 0.000000 0.000000 0.000000 0.000000 0.000000 0.000000 0.000000 0.000000 0.000000 0.000000 48.495783 161.652603 64.661042 105.092346 105.092346 105.092346 116.906067 116.906067 116.906067 116.906067 108.472473 108.472473 108.472473 33.136660 110.455528 110.455528 184.703354 184.703354 184.703354 36.940671 172.559487 172.559487 431.398712 493.520142 493.520142 98.704030 582.173523 582.173523 582.173523 582.173523 757.485168 757.485168 757.485168 601.506287 601.506287 240.602518
0.000000 0.000000 0.000000 0.000000 0.000000 0.000000 0.000000 0.000000 0.000000 0.000000 0.000000 0.000000 0.000000 0.000000 0.000000 0.000000 0.000000 0.000000 0.000000 0.000000 0.000000 0.000000 0.000000 0.000000 48.495783 161.652603 48.495783 42.036939 105.092346 105.092346 116.906067 116.906067 116.906067 116.906067 108.472473 108.472473 108.472473 110.455528 110.455528 110.455528 184.703354 55.411008 184.703354 73.881343 431.398712 431.398712 431.398712 493.520142 493.520142 493.520142 582.173523 582.173523 582.173523 582.173523 757.485168 757.485168 757.485168 601.506287 601.506287 601.506287
0.000000 0.000000 0.000000 0.000000 0.000000 0.000000 0.000000 0.000000 0.000000 0.000000 0.000000 0.000000 0.000000 0.000000 0.000000 0.000000 0.000000 0.000000 0.000000 0.000000 0.000000 0.000000 0.000000 0.000000 161.652603 48.495783 161.652603 42.036939 105.092346 105.092346 116.906067 116.906067 116.906067 116.906067 108.472473 108.472473 108.472473 110.455528 110.455528 110.455528 184.703354 184.703354 184.703354 73.881343 431.398712 431.398712 431.398712 493.520142 493.520142 493.520142 582.173523 582.173523 582.173523 582.173523 757.485168 757.485168 757.485168 601.506287 601.506287 601.506287
0.000000 0.000000 0.000000 0.000000 0.000000 0.000000 0.000000 0.000000 0.000000 0.000000 0.000000 0.000000 0.000000 0.000000 0.000000 0.000000 0.000000 0.000000 0.000000 0.000000 83.399782 83.399782 208.499451 62.549838 50.089478 166.964920 66.785969 106.478578 266.196442 266.196442 122.608803 122.608803 122.608803 122.608803 100.489502 100.489502 100.489502 116.888039 116.888039 116.888039 245.280106 245.280106 98.112044 98.112044 572.392822 572.392822 572.392822 712.693054 712.693054 712.693054 725.847107 725.847107 725.847107 725.847107 726.661194 726.661194 726.661194 531.329285 531.329285 531.329285
0.000000 0.000000 0.000000 0.000000 0.000000 0.000000 0.000000 0.000000 0.000000 0.000000 0.000000 0.000000 0.000000 0.000000 0.000000 0.000000 0.000000 0.000000 0.000000 0.000000 208.499451 208.499451 208.499451 62.549838 50.089478 50.089478 166.964920 106.478578 266.196442 266.196442 122.608803 122.608803 122.608803 122.608803 100.489502 100.489502 100.489502 116.888039 116.888039 116.888039 245.280106 73.584035 73.584035 73.584035 572.392822 572.392822 572.392822 712.693054 712.693054 712.693054 725.847107 725.847107 725.847107 725.847107 726.661194 726.661194 726.661194 531.329285 531.329285 531.329285
0.000000 0.000000 0.000000 0.000000 0.000000 0.000000 0.000000 0.000000 0.000000 0.000000 0.000000 0.000000 0.000000 0.000000 0.000000 0.000000 0.000000 0.000000 0.000000 0.000000 208.499451 208.499451 208.499451 208.499451 50.089478 50.089478 166.964920 106.478578 266.196442 266.196442 122.608803 122.608803 122.608803 122.608803 100.489502 100.489502 100.489502 46.755216 116.888039 46.755216 98.112044 98.112044 245.280106 98.112044 572.392822 572.392822 572.392822 712.693054 712.693054 712.693054 725.847107 725.847107 725.847107 725.847107 726.661194 726.661194 726.661194 531.329285 531.329285 531.329285
0.000000 0.000000 0.000000 0.000000 0.000000 0.000000 0.000000 0.000000 0.000000 0.000000 0.000000 0.000000 0.000000 0.000000 0.000000 0.000000 0.000000 0.000000 0.000000 0.000000 208.499451 208.499451 208.499451 208.499451 166.964920 166.964920 166.964920 266.196442 266.196442 266.196442 122.608803 122.608803 122.608803 122.608803 100.489502 100.489502 100.489502 116.888039 116.888039 116.888039 98.112044 245.280106 245.280106 98.112044 572.392822 572.392822 572.392822 712.693054 712.693054 712.693054 725.847107 725.847107 725.847107 725.847107 726.661194 726.661194 726.661194 531.329285 531.329285 531.329285
0.000000 0.000000 0.000000 0.000000 0.000000 0.000000 0.000000 0.000000 0.000000 0.000000 0.000000 0.000000 0.000000 0.000000 0.000000 0.000000 0.000000 0.000000 0.000000 0.000000 45.449576 151.498581 151.498581 151.498581 126.989433 126.989433 126.989433 146.966339 146.966339 146.966339 118.957275 118.957275 118.957275 118.957275 112.742188 112.742188 112.742188 167.912125 167.912125 67.164851 204.051028 510.127563 510.127563 510.127563 712.978821 712.978821 712.978821 742.841003 742.841003 742.841003 721.369385 721.369385 721.369385 721.369385 704.054199 704.054199 704.054199 509.798309 509.798309 509.798309
0.000000 0.000000 0.000000 0.000000 0.000000 0.000000 0.000000 0.000000 0.000000 0.000000 0.000000 0.000000 0.000000 0.000000 0.000000 0.000000 0.000000 0.000000 0.000000 0.000000 151.498581 151.498581 151.498581 151.498581 126.989433 126.989433 126.989433 146.966339 146.966339 146.966339 118.957275 118.957275 118.957275 118.957275 112.742188 112.742188 45.096876 167.912125 67.164851 67.164851 510.127563 510.127563 510.127563 510.127563 712.978821 712.978821 712.978821 742.841003 742.841003 742.841003 721.369385 721.369385 721.369385 721.369385 704.054199 704.054199 704.054199 509.798309 509.798309 509.798309
0.000000 0.000000 0.000000 0.000000 0.000000 0.000000 0.000000 0.000000 0.000000 0.000000 0.000000 0.000000 0.000000 0.000000 0.000000 0.000000 0.000000 0.000000 0.000000 0.000000 151.498581 151.498581 151.498581 151.498581 126.989433 126.989433 126.989433 146.966339 146.966339 146.966339 118.957275 118.957275 35.687184 118.957275 112.742188 112.742188 112.742188 67.164851 67.164851 167.912125 153.038275 510.127563 510.127563 510.127563 712.978821 712.978821 712.978821 742.841003 742.841003 742.841003 721.369385 721.369385 721.369385 721.369385 704.054199 704.054199 704.054199 509.798309 509.798309 509.798309
0.000000 0.000000 0.000000 0.000000 0.000000 0.000000 0.000000 0.000000 0.000000 0.000000 0.000000 0.000000 0.000000 0.000000 0.000000 0.000000 0.000000 0.000000 0.000000 0.000000 172.289612 172.289612 172.289612 172.289612 165.278397 165.278397 165.278397 124.864967 124.864967 124.864967 151.304276 151.304276 45.391284 151.304276 111.994385 111.994385 111.994385 253.939270 101.575710 253.939270 572.588196 572.588196 572.588196 572.588196 718.337219 718.337219 718.337219 700.134827 700.134827 700.134827 621.492981 621.492981 621.492981 621.492981 674.604065 674.604065 674.604065 497.539093 497.539093 497.539093
0.000000 0.000000 0.000000 0.000000 0.000000 0.000000 0.000000 0.000000 0.000000 0.000000 0.000000 0.000000 0.000000 0.000000 0.000000 0.000000 0.000000 0.000000 0.000000 0.000000 172.289612 172.289612 172.289612 172.289612 165.278397 165.278397 165.278397 124.864967 124.864967 124.864967 151.304276 60.521711 151.304276 151.304276 111.994385 111.994385 111.994385 101.575710 253.939270 253.939270 572.588196 572.588196 572.588196 572.588196 718.337219 718.337219 718.337219 700.134827 700.134827 700.134827 621.492981 621.492981 621.492981 621.492981 674.604065 674.604065 674.604065 497.539093 497.539093 497.539093
0.000000 0.000000 0.000000 0.000000 0.000000 0.000000 0.000000 0.000000 0.000000 0.000000 0.000000 0.000000 0.000000 0.000000 0.000000 0.000000 0.000000 0.000000 0.000000 0.000000 172.289612 172.289612 172.289612 172.289612 165.278397 165.278397 165.278397 124.864967 124.864967 124.864967 151.304276 151.304276 151.304276 151.304276 111.994385 111.994385 44.797755 101.575710 253.939270 253.939270 572.588196 572.588196 572.588196 572.588196 718.337219 718.337219 718.337219 700.134827 700.134827 700.134827 621.492981 621.492981 621.492981 621.492981 674.604065 674.604065 674.604065 497.539093 497.539093 497.539093
0.000000 0.000000 0.000000 0.000000 0.000000 0.000000 0.000000 0.000000 0.000000 0.000000 0.000000 0.000000 0.000000 0.000000 0.000000 0.000000 0.000000 0.000000 0.000000 0.000000 192.257828 192.257828 192.257828 192.257828 142.840927 142.840927 142.840927 158.111206 158.111206 158.111206 117.388489 117.388489 117.388489 117.388489 116.366646 46.546659 46.546659 467.333344 467.333344 467.333344 677.200256 677.200256 677.200256 677.200256 705.557678 705.557678 705.557678 307.029327 307.029327 307.029327 518.795471 518.795471 518.795471 518.795471 616.737549 616.737549 616.737549 584.481323 584.481323 584.481323
0.000000 0.000000 0.000000 0.000000 0.000000 0.000000 0.000000 0.000000 0.000000 0.000000 0.000000 0.000000 0.000000 0.000000 0.000000 0.000000 0.000000 0.000000 0.000000 0.000000 192.257828 192.257828 192.257828 192.257828 142.840927 142.840927 142.840927 31.622242 47.433364 47.433364 35.216548 117.388489 117.388489 117.388489 116.366646 46.546659 46.546659 467.333344 467.333344 467.333344 677.200256 677.200256 677.200256 677.200256 705.557678 705.557678 705.557678 307.029327 307.029327 307.029327 518.795471 518.795471 518.795471 518.795471 616.737549 616.737549 616.737549 584.481323 584.481323 584.481323
0.000000 0.000000 0.000000 0.000000 0.000000 0.000000 0.000000 0.000000 0.000000 0.000000 0.000000 0.000000 0.000000 0.000000 0.000000 0.000000 0.000000 0.000000 0.000000 0.000000 192.257828 192.257828 192.257828 192.257828 142.840927 142.840927 142.840927 158.111206 158.111206 158.111206 117.388489 35.216548 117.388489 117.388489 116.366646 46.546659 116.366646 467.333344 467.333344 467.333344 677.200256 677.200256 677.200256 677.200256 705.557678 705.557678 705.557678 307.029327 307.029327 307.029327 518.795471 518.795471 518.795471 518.795471 616.737549 616.737549 616.737549 584.481323 584.481323 584.481323
0.000000 0.000000 0.000000 0.000000 0.000000 0.000000 0.000000 0.000000 0.000000 0.000000 0.000000 0.000000 0.000000 0.000000 0.000000 0.000000 0.000000 0.000000 0.000000 0.000000 192.257828 192.257828 192.257828 192.257828 142.840927 142.840927 142.840927 158.111206 47.433364 47.433364 35.216548 35.216548 117.388489 117.388489 116.366646 46.546659 116.366646 467.333344 467.333344 467.333344 677.200256 677.200256 677.200256 677.200256 705.557678 705.557678 705.557678 307.029327 307.029327 307.029327 518.795471 518.795471 518.795471 518.795471 616.737549 616.737549 616.737549 584.481323 584.481323 584.481323
0.000000 0.000000 0.000000 0.000000 0.000000 0.000000 0.000000 0.000000 0.000000 0.000000 0.000000 0.000000 0.000000 0.000000 0.000000 0.000000 0.000000 0.000000 0.000000 0.000000 201.898865 201.898865 201.898865 201.898865 104.774925 104.774925 104.774925 157.712524 157.712524 157.712524 33.724442 33.724442 112.414803 112.414803 85.010261 85.010261 212.525650 613.103210 613.103210 613.103210 718.158630 718.158630 718.158630 718.158630 659.658447 659.658447 659.658447 523.873413 523.873413 523.873413 504.370239 504.370239 504.370239 504.370239 467.648682 467.648682 467.648682 538.109314 538.109314 538.109314
0.000000 0.000000 0.000000 0.000000 0.000000 0.000000 0.000000 0.000000 0.000000 0.000000 0.000000 0.000000 0.000000 0.000000 0.000000 0.000000 0.000000 0.000000 0.000000 0.000000 201.898865 201.898865 201.898865 201.898865 104.774925 104.774925 104.774925 157.712524 31.542505 157.712524 112.414803 112.414803 112.414803 112.414803 85.010261 212.525650 212.525650 613.103210 613.103210 613.103210 718.158630 718.158630 718.158630 718.158630 659.658447 659.658447 659.658447 523.873413 523.873413 523.873413 504.370239 504.370239 504.370239 504.370239 467.648682 467.648682 467.648682 538.109314 538.109314 538.109314
0.000000 0.000000 0.000000 0.000000 0.000000 0.000000 0.000000 0.000000 0.000000 0.000000 0.000000 0.000000 0.000000 0.000000 0.000000 0.000000 0.000000 0.000000 0.000000 0.000000 0.000000 201.898865 201.898865 201.898865 104.774925 104.774925 104.774925 157.712524 157.712524 157.712524 112.414803 112.414803 112.414803 44.965922 85.010261 212.525650 212.525650 613.103210 613.103210 613.103210 718.158630 718.158630 718.158630 718.158630 659.658447 659.658447 659.658447 523.873413 523.873413 523.873413 504.370239 504.370239 504.370239 504.370239 467.648682 467.648682 467.648682 538.109314 538.109314 538.109314
0.000000 0.000000 0.000000 0.000000 0.000000 0.000000 0.000000 0.000000 0.000000 0.000000 0.000000 0.000000 0.000000 0.000000 0.000000 0.000000 0.000000 0.000000 0.000000 0.000000 0.000000 0.000000 0.000000 0.000000 117.857178 117.857178 117.857178 158.896805 158.896805 158.896805 117.363060 117.363060 35.208919 46.945225 361.662445 144.664980 361.662445 730.330139 730.330139 730.330139 669.008484 669.008484 669.008484 669.008484 505.911469 505.911469 505.911469 207.566101 207.566101 207.566101 361.791351 361.791351 361.791351 361.791351 330.955811 330.955811 330.955811 433.877045 433.877045 433.877045
0.000000 0.000000 0.000000 0.000000 0.000000 0.000000 0.000000 0.000000 0.000000 0.000000 0.000000 0.000000 0.000000 0.000000 0.000000 0.000000 0.000000 0.000000 0.000000 0.000000 0.000000 0.000000 0.000000 0.000000 117.857178 117.857178 117.857178 158.896805 47.669043 158.896805 117.363060 117.363060 35.208919 35.208919 108.498738 361.662445 108.498738 730.330139 730.330139 730.330139 669.008484 669.008484 669.008484 669.008484 505.911469 505.911469 505.911469 207.566101 207.566101 207.566101 361.791351 361.791351 361.791351 361.791351 330.955811 330.955811 330.955811 433.877045 433.877045 433.877045
0.000000 0.000000 0.000000 0.000000 0.000000 0.000000 0.000000 0.000000 0.000000 0.000000 0.000000 0.000000 0.000000 0.000000 0.000000 0.000000 0.000000 0.000000 0.000000 0.000000 0.000000 0.000000 0.000000 0.000000 117.857178 117.857178 117.857178 158.896805 47.669043 158.896805 117.363060 117.363060 35.208919 117.363060 108.498738 108.498738 108.498738 730.330139 730.330139 730.330139 669.008484 669.008484 669.008484 669.008484 505.911469 505.911469 505.911469 207.566101 207.566101 207.566101 108.537410 361.791351 361.791351 361.791351 330.955811 330.955811 330.955811 433.877045 433.877045 433.877045
