Big_Beef/DataInputs30m/o_10_ChemistryPools/SOLUS_HumusN/layer3_humusN_gm2_BigBeef_reduced.asc
ncols        345
nrows        426
xllcorner    508562.338426187926
yllcorner    5265656.272683421150
cellsize     30.000000000000
NODATA_value -9999
[rows 81 to 107 of 426, columns 244 to 304 of 345]
152.033035 152.033035 155.514786 155.514786 155.514786 152.480576 152.480576 152.480576 152.480576 149.882965 149.882965 149.882965 138.798248 138.798248 138.798248 148.670731 148.670731 148.670731 148.670731 159.368851 159.368851 159.368851 215.221573 215.221573 215.221573 146.826920 146.826920 146.826920 146.826920 127.386108 127.386108 127.386108 126.446136 126.446136 126.446136 137.357285 41.207187 137.357285 137.357285 122.970222 49.188090 36.891068 0.000000 0.000000 0.000000 0.000000 0.000000 0.000000 0.000000 0.000000 0.000000 0.000000 0.000000 0.000000 0.000000 0.000000 0.000000 0.000000 0.000000 0.000000 0.000000
165.124313 165.124313 159.183014 159.183014 159.183014 168.500641 168.500641 168.500641 168.500641 168.242493 168.242493 168.242493 128.537766 128.537766 128.537766 162.911453 162.911453 162.911453 162.911453 191.060776 191.060776 191.060776 133.294876 133.294876 133.294876 186.851868 186.851868 186.851868 186.851868 160.368576 160.368576 160.368576 120.769081 120.769081 120.769081 112.702118 112.702118 112.702118 45.080848 124.822380 37.446716 37.446716 0.000000 0.000000 0.000000 0.000000 0.000000 0.000000 0.000000 0.000000 0.000000 0.000000 0.000000 0.000000 0.000000 0.000000 0.000000 0.000000 0.000000 0.000000 0.000000
165.124313 165.124313 159.183014 159.183014 159.183014 168.500641 168.500641 168.500641 168.500641 168.242493 168.242493 168.242493 128.537766 128.537766 128.537766 162.911453 162.911453 162.911453 162.911453 191.060776 191.060776 191.060776 133.294876 133.294876 133.294876 186.851868 186.851868 186.851868 186.851868 160.368576 160.368576 160.368576 120.769081 120.769081 120.769081 112.702118 112.702118 112.702118 112.702118 124.822380 124.822380 124.822380 0.000000 0.000000 0.000000 0.000000 0.000000 0.000000 0.000000 0.000000 0.000000 0.000000 0.000000 0.000000 0.000000 0.000000 0.000000 0.000000 0.000000 0.000000 0.000000
165.124313 165.124313 159.183014 159.183014 159.183014 168.500641 168.500641 168.500641 168.500641 168.242493 168.242493 168.242493 128.537766 128.537766 128.537766 162.911453 162.911453 162.911453 162.911453 191.060776 191.060776 191.060776 133.294876 133.294876 133.294876 186.851868 186.851868 186.851868 186.851868 160.368576 160.368576 160.368576 120.769081 120.769081 120.769081 112.702118 112.702118 112.702118 112.702118 49.928953 49.928953 124.822380 0.000000 0.000000 0.000000 0.000000 0.000000 0.000000 0.000000 0.000000 0.000000 0.000000 0.000000 0.000000 0.000000 0.000000 0.000000 0.000000 0.000000 0.000000 0.000000
155.660904 155.660904 168.321335 168.321335 168.321335 159.151917 159.151917 159.151917 159.151917 146.454193 146.454193 146.454193 149.215744 149.215744 149.215744 154.655914 154.655914 154.655914 154.655914 137.207092 137.207092 137.207092 127.500664 127.500664 127.500664 125.555870 125.555870 125.555870 125.555870 156.814987 156.814987 156.814987 117.189240 117.189240 117.189240 117.001923 117.001923 117.001923 117.001923 124.339638 124.339638 124.339638 0.000000 0.000000 0.000000 0.000000 0.000000 0.000000 0.000000 0.000000 0.000000 0.000000 0.000000 0.000000 0.000000 0.000000 0.000000 0.000000 0.000000 0.000000 0.000000
155.660904 155.660904 168.321335 168.321335 50.496402 159.151917 159.151917 159.151917 159.151917 146.454193 146.454193 146.454193 149.215744 149.215744 149.215744 154.655914 154.655914 154.655914 154.655914 137.207092 137.207092 137.207092 127.500664 127.500664 127.500664 125.555870 125.555870 125.555870 125.555870 156.814987 156.814987 156.814987 117.189240 117.189240 117.189240 117.001923 117.001923 117.001923 117.001923 124.339638 124.339638 124.339638 0.000000 0.000000 0.000000 0.000000 0.000000 0.000000 0.000000 0.000000 0.000000 0.000000 0.000000 0.000000 0.000000 0.000000 0.000000 0.000000 0.000000 0.000000 0.000000
155.660904 155.660904 168.321335 168.321335 50.496402 63.660768 63.660768 159.151917 159.151917 146.454193 146.454193 146.454193 149.215744 149.215744 149.215744 154.655914 154.655914 154.655914 154.655914 137.207092 137.207092 137.207092 127.500664 127.500664 127.500664 125.555870 125.555870 125.555870 125.555870 156.814987 156.814987 156.814987 117.189240 117.189240 117.189240 117.001923 117.001923 117.001923 117.001923 124.339638 124.339638 49.735856 0.000000 0.000000 0.000000 0.000000 0.000000 0.000000 0.000000 0.000000 0.000000 0.000000 0.000000 0.000000 0.000000 0.000000 0.000000 0.000000 0.000000 0.000000 0.000000
155.660904 155.660904 168.321335 168.321335 168.321335 47.745577 47.745577 159.151917 159.151917 58.581678 58.581678 146.454193 149.215744 149.215744 149.215744 154.655914 154.655914 154.655914 154.655914 137.207092 137.207092 137.207092 127.500664 127.500664 127.500664 125.555870 125.555870 125.555870 125.555870 156.814987 156.814987 156.814987 117.189240 117.189240 117.189240 117.001923 117.001923 117.001923 117.001923 124.339638 124.339638 49.735856 0.000000 0.000000 0.000000 0.000000 0.000000 0.000000 0.000000 0.000000 0.000000 0.000000 0.000000 0.000000 0.000000 0.000000 0.000000 0.000000 0.000000 0.000000 0.000000
148.693802 148.693802 56.200184 140.500458 140.500458 136.488785 54.595515 27.297757 54.595515 71.993714 179.984283 179.984283 150.266708 150.266708 150.266708 151.421707 151.421707 151.421707 151.421707 134.773911 134.773911 134.773911 137.117569 137.117569 137.117569 118.058449 47.223380 118.058449 118.058449 211.061020 211.061020 211.061020 187.355377 187.355377 187.355377 45.136967 112.842415 112.842415 112.842415 132.096085 132.096085 26.419217 0.000000 0.000000 0.000000 0.000000 0.000000 0.000000 0.000000 0.000000 0.000000 0.000000 0.000000 0.000000 0.000000 0.000000 0.000000 0.000000 0.000000 0.000000 0.000000
148.693802 148.693802 140.500458 140.500458 56.200184 136.488785 136.488785 54.595515 54.595515 71.993714 179.984283 179.984283 150.266708 150.266708 150.266708 151.421707 151.421707 151.421707 151.421707 134.773911 134.773911 134.773911 41.135272 137.117569 137.117569 118.058449 118.058449 118.058449 118.058449 84.424409 211.061020 211.061020 187.355377 56.206615 187.355377 45.136967 112.842415 112.842415 112.842415 132.096085 132.096085 39.628827 0.000000 0.000000 0.000000 0.000000 0.000000 0.000000 0.000000 0.000000 0.000000 0.000000 0.000000 0.000000 0.000000 0.000000 0.000000 0.000000 0.000000 0.000000 0.000000
148.693802 148.693802 140.500458 140.500458 140.500458 136.488785 136.488785 136.488785 54.595515 71.993714 179.984283 179.984283 150.266708 150.266708 150.266708 151.421707 151.421707 151.421707 151.421707 134.773911 134.773911 134.773911 137.117569 137.117569 137.117569 118.058449 118.058449 47.223380 118.058449 84.424409 84.424409 42.212205 187.355377 56.206615 187.355377 112.842415 112.842415 112.842415 112.842415 132.096085 132.096085 132.096085 0.000000 0.000000 0.000000 0.000000 0.000000 0.000000 0.000000 0.000000 0.000000 0.000000 0.000000 0.000000 0.000000 0.000000 0.000000 0.000000 0.000000 0.000000 0.000000
146.546371 146.546371 227.259186 227.259186 227.259186 153.782974 153.782974 153.782974 153.782974 80.977504 80.977504 202.443756 63.130720 157.826797 157.826797 212.406845 212.406845 212.406845 212.406845 146.394135 146.394135 146.394135 122.097931 122.097931 48.839173 121.855461 121.855461 48.742185 121.855461 119.864685 119.864685 119.864685 122.516205 122.516205 122.516205 129.214127 129.214127 129.214127 129.214127 113.708435 113.708435 113.708435 115.759239 34.727773 115.759239 162.956100 48.886832 48.886832 153.726120 153.726120 153.726120 153.726120 114.391411 114.391411 114.391411 112.626801 112.626801 112.626801 101.730446 101.730446 101.730446
146.546371 146.546371 227.259186 227.259186 227.259186 153.782974 153.782974 153.782974 153.782974 80.977504 202.443756 202.443756 63.130720 157.826797 157.826797 84.962739 63.722056 212.406845 212.406845 146.394135 146.394135 146.394135 122.097931 122.097931 122.097931 121.855461 121.855461 121.855461 121.855461 119.864685 35.959407 119.864685 122.516205 122.516205 122.516205 129.214127 129.214127 51.685651 129.214127 113.708435 113.708435 113.708435 115.759239 115.759239 115.759239 162.956100 48.886832 162.956100 153.726120 61.490449 153.726120 153.726120 114.391411 114.391411 114.391411 112.626801 112.626801 112.626801 101.730446 101.730446 101.730446
146.546371 146.546371 68.177758 68.177758 68.177758 153.782974 61.513191 153.782974 153.782974 60.733129 202.443756 202.443756 157.826797 157.826797 157.826797 212.406845 212.406845 63.722056 212.406845 14.639414 146.394135 58.557655 122.097931 122.097931 48.839173 48.742185 121.855461 121.855461 48.742185 119.864685 119.864685 119.864685 122.516205 122.516205 122.516205 129.214127 51.685651 51.685651 129.214127 113.708435 45.483375 113.708435 115.759239 115.759239 115.759239 162.956100 162.956100 48.886832 46.117838 61.490449 153.726120 153.726120 114.391411 114.391411 114.391411 112.626801 112.626801 112.626801 101.730446 101.730446 101.730446
147.657639 147.657639 65.220912 65.220912 217.403030 214.878067 214.878067 214.878067 214.878067 152.809540 61.123817 152.809540 59.480097 148.700241 148.700241 128.872086 128.872086 128.872086 128.872086 201.018204 201.018204 80.407283 196.592957 196.592957 196.592957 172.919067 172.919067 69.167628 51.875722 50.470296 168.234314 168.234314 153.968430 153.968430 61.587373 156.825912 156.825912 156.825912 62.730366 151.675232 151.675232 60.670094 67.297334 168.243332 168.243332 69.443513 173.608780 52.082636 33.220451 110.734833 110.734833 110.734833 101.830101 101.830101 101.830101 97.947823 97.947823 97.947823 90.488647 90.488647 90.488647
147.657639 147.657639 217.403030 65.220912 217.403030 214.878067 85.951228 85.951228 214.878067 152.809540 61.123817 152.809540 148.700241 148.700241 148.700241 128.872086 128.872086 51.548835 51.548835 80.407283 60.305464 60.305464 78.637184 78.637184 78.637184 69.167628 69.167628 51.875722 69.167628 67.293727 50.470296 67.293727 46.190531 61.587373 153.968430 62.730366 47.047776 62.730366 62.730366 60.670094 60.670094 151.675232 67.297334 67.297334 67.297334 69.443513 52.082636 52.082636 110.734833 110.734833 44.293934 110.734833 101.830101 101.830101 101.830101 97.947823 97.947823 97.947823 90.488647 90.488647 90.488647
147.657639 147.657639 65.220912 217.403030 217.403030 214.878067 42.975614 64.463423 214.878067 61.123817 152.809540 152.809540 148.700241 148.700241 59.480097 128.872086 51.548835 38.661627 38.661627 80.407283 60.305464 60.305464 58.977889 58.977889 196.592957 51.875722 172.919067 51.875722 34.583814 50.470296 168.234314 50.470296 46.190531 153.968430 153.968430 62.730366 156.825912 156.825912 47.047776 151.675232 60.670094 151.675232 168.243332 50.473002 50.473002 173.608780 173.608780 69.443513 110.734833 110.734833 110.734833 110.734833 101.830101 101.830101 101.830101 97.947823 97.947823 97.947823 90.488647 90.488647 90.488647
147.657639 147.657639 217.403030 217.403030 217.403030 214.878067 85.951228 214.878067 214.878067 61.123817 152.809540 152.809540 148.700241 148.700241 148.700241 128.872086 128.872086 25.774417 25.774417 60.305464 201.018204 201.018204 58.977889 196.592957 196.592957 172.919067 172.919067 51.875722 51.875722 168.234314 168.234314 168.234314 153.968430 153.968430 153.968430 156.825912 156.825912 156.825912 62.730366 151.675232 45.502571 45.502571 50.473002 50.473002 50.473002 173.608780 173.608780 173.608780 44.293934 110.734833 110.734833 110.734833 30.549032 101.830101 101.830101 97.947823 97.947823 97.947823 90.488647 90.488647 90.488647
170.633911 170.633911 48.356366 161.187881 161.187881 81.306135 81.306135 81.306135 81.306135 81.875593 81.875593 204.688980 140.480148 140.480148 140.480148 133.784988 133.784988 133.784988 133.784988 124.591827 124.591827 124.591827 121.896858 121.896858 121.896858 119.813072 119.813072 119.813072 119.813072 108.935387 43.574155 108.935387 117.331696 117.331696 117.331696 108.487183 108.487183 108.487183 32.546156 48.084716 160.282379 48.084716 112.497986 112.497986 112.497986 103.965935 103.965935 103.965935 42.524314 106.310783 31.893236 31.893236 31.193803 103.979340 103.979340 101.254158 101.254158 101.254158 97.005516 97.005516 97.005516
170.633911 68.253565 161.187881 161.187881 161.187881 203.265335 81.306135 203.265335 203.265335 81.875593 81.875593 204.688980 140.480148 140.480148 140.480148 133.784988 133.784988 133.784988 133.784988 124.591827 124.591827 124.591827 121.896858 121.896858 121.896858 119.813072 119.813072 119.813072 119.813072 108.935387 108.935387 108.935387 117.331696 117.331696 117.331696 108.487183 108.487183 108.487183 32.546156 48.084716 160.282379 48.084716 112.497986 112.497986 112.497986 103.965935 103.965935 103.965935 42.524314 106.310783 21.262157 31.893236 31.193803 103.979340 103.979340 101.254158 101.254158 101.254158 97.005516 97.005516 97.005516
170.633911 170.633911 161.187881 161.187881 161.187881 203.265335 203.265335 203.265335 203.265335 81.875593 204.688980 204.688980 140.480148 140.480148 140.480148 133.784988 133.784988 133.784988 133.784988 124.591827 124.591827 124.591827 36.569059 121.896858 121.896858 119.813072 119.813072 119.813072 119.813072 108.935387 108.935387 108.935387 117.331696 117.331696 117.331696 108.487183 108.487183 108.487183 21.697437 160.282379 160.282379 160.282379 112.497986 112.497986 112.497986 103.965935 103.965935 103.965935 106.310783 31.893236 106.310783 31.893236 103.979340 103.979340 103.979340 101.254158 101.254158 101.254158 97.005516 97.005516 97.005516
168.192566 67.277027 160.490860 160.490860 160.490860 140.969437 140.969437 140.969437 56.387775 77.589662 77.589662 193.974152 132.788147 132.788147 132.788147 135.135681 135.135681 135.135681 135.135681 132.765244 132.765244 39.829575 35.865435 119.551445 119.551445 163.770309 163.770309 163.770309 163.770309 126.453705 126.453705 126.453705 157.096222 157.096222 157.096222 97.775421 97.775421 97.775421 39.110169 35.622733 118.742439 118.742439 109.662056 109.662056 109.662056 106.579689 106.579689 106.579689 143.162277 42.948685 143.162277 42.948685 99.260376 99.260376 99.260376 105.133156 105.133156 105.133156 121.551277 121.551277 121.551277
168.192566 168.192566 160.490860 160.490860 160.490860 140.969437 140.969437 140.969437 140.969437 77.589662 77.589662 193.974152 53.115260 132.788147 132.788147 135.135681 135.135681 135.135681 135.135681 132.765244 132.765244 39.829575 35.865435 119.551445 119.551445 163.770309 65.508125 163.770309 49.131095 126.453705 126.453705 126.453705 157.096222 62.838490 157.096222 97.775421 97.775421 97.775421 97.775421 118.742439 118.742439 118.742439 109.662056 109.662056 109.662056 106.579689 106.579689 106.579689 143.162277 42.948685 143.162277 42.948685 99.260376 99.260376 99.260376 105.133156 105.133156 105.133156 121.551277 121.551277 121.551277
168.192566 168.192566 160.490860 160.490860 160.490860 140.969437 140.969437 140.969437 140.969437 77.589662 77.589662 77.589662 39.836446 132.788147 132.788147 135.135681 135.135681 135.135681 135.135681 132.765244 132.765244 39.829575 119.551445 119.551445 119.551445 163.770309 163.770309 163.770309 163.770309 126.453705 126.453705 126.453705 157.096222 157.096222 62.838490 97.775421 97.775421 39.110169 97.775421 118.742439 47.496976 118.742439 109.662056 109.662056 109.662056 106.579689 106.579689 106.579689 143.162277 42.948685 143.162277 143.162277 99.260376 99.260376 99.260376 105.133156 105.133156 105.133156 121.551277 121.551277 121.551277
141.107193 141.107193 145.404251 145.404251 145.404251 149.038895 149.038895 149.038895 44.711670 80.285865 200.714661 60.214401 59.579853 198.599503 198.599503 74.587416 186.468536 186.468536 74.587416 181.740479 181.740479 181.740479 69.443415 173.608536 173.608536 64.683857 161.709641 161.709641 161.709641 46.739449 155.798157 155.798157 63.250636 158.126587 158.126587 117.256340 46.902537 35.176903 117.256340 68.690547 171.726364 171.726364 46.187437 34.640578 34.640578 163.298859 65.319544 65.319544 60.143891 150.359726 45.107920 45.107920 106.016685 106.016685 106.016685 109.534248 109.534248 109.534248 120.966606 120.966606 120.966606
141.107193 141.107193 145.404251 145.404251 58.161701 149.038895 149.038895 149.038895 44.711670 60.214401 60.214401 80.285865 79.439802 79.439802 79.439802 74.587416 74.587416 74.587416 74.587416 72.696192 72.696192 72.696192 69.443415 69.443415 69.443415 64.683857 64.683857 64.683857 64.683857 62.319264 62.319264 62.319264 63.250636 63.250636 63.250636 46.902537 117.256340 46.902537 46.902537 68.690547 68.690547 68.690547 46.187437 115.468590 46.187437 32.659772 65.319544 163.298859 45.107920 45.107920 150.359726 45.107920 106.016685 106.016685 106.016685 109.534248 109.534248 109.534248 120.966606 120.966606 120.966606
141.107193 141.107193 145.404251 145.404251 145.404251 44.711670 44.711670 44.711670 44.711670 60.214401 200.714661 80.285865 198.599503 198.599503 198.599503 186.468536 186.468536 186.468536 186.468536 181.740479 181.740479 181.740479 69.443415 173.608536 173.608536 64.683857 161.709641 161.709641 161.709641 155.798157 155.798157 155.798157 158.126587 158.126587 158.126587 117.256340 117.256340 117.256340 117.256340 171.726364 51.517911 171.726364 115.468590 115.468590 115.468590 163.298859 163.298859 48.989660 45.107920 45.107920 150.359726 45.107920 106.016685 106.016685 106.016685 109.534248 109.534248 109.534248 120.966606 120.966606 120.966606
