Big_Beef/DataInputs30m/o_10_ChemistryPools/SOLUS_HumusN/layer1_humusN_gm2_BigBeef_reduced.asc
ncols        345
nrows        426
xllcorner    508562.338426187926
yllcorner    5265656.272683421150
cellsize     30.000000000000
NODATA_value -9999
[rows 135 to 161 of 426, columns 240 to 299 of 345]
392.758301 392.758301 392.758301 365.679077 365.679077 365.679077 353.542938 353.542938 353.542938 349.316315 139.726528 139.726528 349.316315 333.801605 333.801605 333.801605 324.408173 324.408173 129.763271 126.744582 126.744582 316.861450 316.861450 339.320282 339.320282 339.320282 136.134231 340.335571 340.335571 337.358917 337.358917 337.358917 337.358917 324.583160 324.583160 324.583160 340.626434 340.626434 340.626434 312.358032 312.358032 312.358032 312.358032 327.919434 327.919434 327.919434 315.450500 315.450500 315.450500 303.705170 303.705170 303.705170 314.199951 314.199951 314.199951 314.199951 321.967804 321.967804 321.967804 334.976532
392.758301 392.758301 392.758301 365.679077 365.679077 365.679077 353.542938 353.542938 353.542938 349.316315 349.316315 349.316315 349.316315 333.801605 333.801605 333.801605 324.408173 324.408173 324.408173 126.744582 316.861450 316.861450 316.861450 339.320282 339.320282 339.320282 136.134231 340.335571 340.335571 337.358917 337.358917 337.358917 337.358917 324.583160 324.583160 324.583160 340.626434 340.626434 340.626434 312.358032 312.358032 312.358032 312.358032 327.919434 327.919434 327.919434 315.450500 315.450500 315.450500 303.705170 303.705170 303.705170 314.199951 314.199951 314.199951 314.199951 321.967804 321.967804 321.967804 334.976532
392.758301 392.758301 392.758301 365.679077 365.679077 365.679077 353.542938 353.542938 353.542938 349.316315 349.316315 139.726528 349.316315 333.801605 333.801605 333.801605 324.408173 324.408173 324.408173 126.744582 316.861450 316.861450 126.744582 67.864057 101.796089 339.320282 340.335571 340.335571 102.100675 337.358917 337.358917 337.358917 337.358917 324.583160 324.583160 324.583160 340.626434 340.626434 340.626434 312.358032 312.358032 312.358032 312.358032 327.919434 327.919434 327.919434 315.450500 315.450500 315.450500 303.705170 303.705170 303.705170 314.199951 314.199951 314.199951 314.199951 321.967804 321.967804 321.967804 334.976532
579.192993 579.192993 579.192993 394.853394 394.853394 394.853394 355.490814 355.490814 355.490814 343.189240 343.189240 343.189240 343.189240 327.770233 327.770233 327.770233 329.997040 329.997040 329.997040 130.850051 327.125122 327.125122 327.125122 324.361908 324.361908 324.361908 132.076333 330.190826 330.190826 324.861969 324.861969 324.861969 324.861969 340.483673 340.483673 340.483673 351.398315 351.398315 351.398315 334.523163 334.523163 334.523163 334.523163 325.083344 325.083344 325.083344 318.576263 318.576263 318.576263 315.481903 315.481903 315.481903 303.241913 303.241913 303.241913 303.241913 309.806122 309.806122 309.806122 457.584930
579.192993 579.192993 579.192993 394.853394 394.853394 394.853394 355.490814 355.490814 355.490814 343.189240 343.189240 343.189240 343.189240 327.770233 327.770233 327.770233 329.997040 329.997040 329.997040 327.125122 327.125122 327.125122 327.125122 324.361908 324.361908 324.361908 330.190826 330.190826 330.190826 324.861969 324.861969 324.861969 324.861969 340.483673 340.483673 340.483673 351.398315 351.398315 351.398315 334.523163 334.523163 334.523163 334.523163 325.083344 325.083344 325.083344 318.576263 318.576263 318.576263 315.481903 315.481903 315.481903 303.241913 303.241913 303.241913 303.241913 309.806122 309.806122 309.806122 457.584930
579.192993 579.192993 579.192993 394.853394 394.853394 394.853394 355.490814 355.490814 355.490814 343.189240 343.189240 343.189240 343.189240 327.770233 327.770233 327.770233 329.997040 329.997040 329.997040 327.125122 327.125122 327.125122 327.125122 324.361908 324.361908 324.361908 330.190826 330.190826 330.190826 324.861969 324.861969 324.861969 324.861969 340.483673 340.483673 340.483673 351.398315 351.398315 351.398315 334.523163 334.523163 334.523163 334.523163 325.083344 325.083344 325.083344 318.576263 318.576263 318.576263 315.481903 315.481903 315.481903 303.241913 303.241913 303.241913 303.241913 309.806122 309.806122 309.806122 183.033975
579.192993 579.192993 579.192993 394.853394 394.853394 394.853394 355.490814 355.490814 355.490814 343.189240 343.189240 343.189240 343.189240 327.770233 131.108095 98.331074 329.997040 329.997040 329.997040 327.125122 327.125122 327.125122 327.125122 324.361908 324.361908 324.361908 330.190826 330.190826 330.190826 324.861969 324.861969 324.861969 324.861969 340.483673 340.483673 340.483673 351.398315 351.398315 351.398315 334.523163 334.523163 334.523163 334.523163 325.083344 325.083344 325.083344 318.576263 318.576263 318.576263 315.481903 315.481903 315.481903 303.241913 303.241913 303.241913 303.241913 309.806122 309.806122 123.922451 137.275485
426.779694 426.779694 426.779694 343.348663 343.348663 343.348663 341.878815 341.878815 341.878815 310.779572 310.779572 124.311830 310.779572 448.948975 448.948975 179.579593 126.301992 315.754974 315.754974 311.284637 311.284637 311.284637 311.284637 315.752716 315.752716 315.752716 310.290558 310.290558 310.290558 306.256805 306.256805 306.256805 306.256805 313.768311 313.768311 313.768311 358.488800 358.488800 358.488800 346.528473 346.528473 346.528473 346.528473 311.987762 311.987762 311.987762 312.420013 312.420013 312.420013 313.787201 313.787201 313.787201 320.324097 320.324097 320.324097 320.324097 318.625885 318.625885 127.450356 139.908193
426.779694 426.779694 426.779694 343.348663 137.339467 343.348663 341.878815 341.878815 341.878815 310.779572 310.779572 93.233875 124.311830 179.579593 448.948975 448.948975 315.754974 315.754974 315.754974 311.284637 311.284637 311.284637 311.284637 315.752716 315.752716 315.752716 310.290558 310.290558 310.290558 306.256805 306.256805 306.256805 306.256805 313.768311 313.768311 313.768311 358.488800 358.488800 358.488800 346.528473 346.528473 346.528473 346.528473 311.987762 311.987762 311.987762 312.420013 312.420013 312.420013 313.787201 313.787201 313.787201 320.324097 320.324097 320.324097 320.324097 318.625885 318.625885 318.625885 466.360626
426.779694 426.779694 426.779694 343.348663 343.348663 343.348663 341.878815 341.878815 136.751528 310.779572 310.779572 310.779572 310.779572 448.948975 448.948975 448.948975 315.754974 315.754974 315.754974 311.284637 311.284637 311.284637 311.284637 315.752716 315.752716 315.752716 310.290558 310.290558 310.290558 306.256805 306.256805 306.256805 306.256805 313.768311 313.768311 313.768311 358.488800 358.488800 358.488800 346.528473 346.528473 346.528473 346.528473 311.987762 311.987762 311.987762 312.420013 312.420013 312.420013 313.787201 313.787201 313.787201 320.324097 320.324097 320.324097 320.324097 318.625885 318.625885 318.625885 466.360626
603.490173 603.490173 603.490173 320.236237 320.236237 320.236237 346.305695 346.305695 138.522280 342.161987 342.161987 342.161987 102.648600 96.199305 320.664337 320.664337 306.976227 306.976227 306.976227 292.116119 292.116119 292.116119 292.116119 298.387848 298.387848 298.387848 286.326843 286.326843 286.326843 291.346741 291.346741 291.346741 291.346741 293.873871 293.873871 293.873871 318.280182 318.280182 318.280182 312.127167 312.127167 312.127167 312.127167 310.302979 310.302979 310.302979 322.940033 322.940033 322.940033 314.316925 314.316925 314.316925 325.395721 325.395721 325.395721 325.395721 319.498810 319.498810 127.799526 339.743652
603.490173 603.490173 603.490173 320.236237 320.236237 320.236237 346.305695 346.305695 138.522280 136.864797 342.161987 342.161987 342.161987 320.664337 320.664337 320.664337 306.976227 306.976227 306.976227 292.116119 292.116119 292.116119 292.116119 298.387848 298.387848 298.387848 286.326843 286.326843 286.326843 291.346741 291.346741 291.346741 291.346741 293.873871 293.873871 293.873871 318.280182 318.280182 318.280182 312.127167 312.127167 312.127167 312.127167 310.302979 310.302979 310.302979 322.940033 322.940033 322.940033 314.316925 314.316925 314.316925 325.395721 325.395721 325.395721 325.395721 319.498810 319.498810 319.498810 339.743652
603.490173 603.490173 603.490173 320.236237 320.236237 320.236237 346.305695 346.305695 138.522280 342.161987 342.161987 342.161987 136.864797 320.664337 320.664337 320.664337 306.976227 306.976227 306.976227 292.116119 292.116119 292.116119 292.116119 298.387848 298.387848 298.387848 286.326843 286.326843 286.326843 291.346741 291.346741 291.346741 291.346741 293.873871 293.873871 293.873871 318.280182 318.280182 318.280182 312.127167 312.127167 312.127167 312.127167 310.302979 310.302979 310.302979 322.940033 322.940033 322.940033 314.316925 314.316925 314.316925 325.395721 325.395721 325.395721 325.395721 319.498810 319.498810 319.498810 339.743652
392.399567 392.399567 392.399567 327.872467 131.148989 327.872467 140.254061 467.513519 187.005411 453.367096 453.367096 453.367096 453.367096 451.343140 451.343140 180.537259 434.948853 434.948853 434.948853 289.507385 289.507385 289.507385 289.507385 295.657837 295.657837 295.657837 290.509552 290.509552 290.509552 290.720825 290.720825 290.720825 290.720825 305.818512 305.818512 91.745557 314.005829 94.201752 314.005829 310.677704 310.677704 310.677704 310.677704 303.305573 303.305573 303.305573 296.108398 296.108398 296.108398 321.593811 321.593811 321.593811 347.262817 347.262817 347.262817 347.262817 332.744476 332.744476 332.744476 350.198975
392.399567 392.399567 392.399567 327.872467 131.148989 98.361744 140.254061 187.005411 187.005411 181.346841 181.346841 453.367096 181.346841 180.537259 180.537259 451.343140 173.979544 173.979544 434.948853 289.507385 289.507385 289.507385 289.507385 295.657837 295.657837 295.657837 290.509552 290.509552 290.509552 290.720825 290.720825 290.720825 290.720825 305.818512 305.818512 122.327407 314.005829 314.005829 314.005829 310.677704 310.677704 310.677704 310.677704 303.305573 303.305573 303.305573 296.108398 296.108398 296.108398 321.593811 321.593811 321.593811 347.262817 347.262817 347.262817 347.262817 332.744476 332.744476 332.744476 350.198975
392.399567 392.399567 392.399567 327.872467 327.872467 131.148989 140.254061 140.254061 187.005411 453.367096 181.346841 181.346841 181.346841 451.343140 451.343140 451.343140 173.979544 173.979544 434.948853 289.507385 289.507385 289.507385 289.507385 295.657837 295.657837 295.657837 290.509552 290.509552 290.509552 290.720825 290.720825 290.720825 290.720825 305.818512 305.818512 122.327407 314.005829 314.005829 314.005829 310.677704 310.677704 310.677704 310.677704 303.305573 303.305573 303.305573 296.108398 296.108398 296.108398 321.593811 321.593811 321.593811 347.262817 347.262817 347.262817 347.262817 332.744476 332.744476 99.823347 105.059697
392.399567 392.399567 156.959829 327.872467 327.872467 327.872467 187.005411 140.254061 467.513519 453.367096 453.367096 453.367096 453.367096 451.343140 451.343140 451.343140 173.979544 434.948853 434.948853 289.507385 289.507385 289.507385 289.507385 295.657837 295.657837 295.657837 290.509552 290.509552 290.509552 290.720825 290.720825 290.720825 290.720825 305.818512 305.818512 305.818512 314.005829 314.005829 314.005829 310.677704 310.677704 310.677704 310.677704 303.305573 303.305573 303.305573 296.108398 296.108398 296.108398 321.593811 321.593811 321.593811 347.262817 347.262817 347.262817 347.262817 332.744476 332.744476 332.744476 350.198975
346.674652 346.674652 346.674652 472.285980 472.285980 188.914395 323.079163 323.079163 323.079163 321.136047 321.136047 96.340818 321.136047 294.723846 294.723846 294.723846 417.149811 166.859927 417.149811 161.303274 403.258179 403.258179 403.258179 411.364532 411.364532 411.364532 414.036865 414.036865 414.036865 403.483154 403.483154 403.483154 403.483154 161.152371 402.880920 402.880920 446.773071 446.773071 446.773071 448.414307 134.524297 448.414307 448.414307 444.074432 444.074432 444.074432 300.000885 300.000885 300.000885 315.072906 315.072906 315.072906 370.414429 370.414429 370.414429 370.414429 343.919556 343.919556 343.919556 474.150574
346.674652 346.674652 346.674652 472.285980 472.285980 472.285980 323.079163 323.079163 323.079163 321.136047 321.136047 321.136047 321.136047 294.723846 294.723846 294.723846 417.149811 125.144948 166.859927 161.303274 161.303274 161.303274 403.258179 164.545815 164.545815 164.545815 124.211065 165.614749 165.614749 161.393264 161.393264 161.393264 161.393264 161.152371 161.152371 120.864281 134.031927 178.709231 178.709231 179.365725 134.524297 179.365725 179.365725 177.629776 133.222335 444.074432 300.000885 300.000885 300.000885 315.072906 315.072906 315.072906 370.414429 370.414429 370.414429 370.414429 343.919556 343.919556 343.919556 474.150574
346.674652 346.674652 346.674652 472.285980 472.285980 472.285980 323.079163 129.231667 323.079163 321.136047 321.136047 321.136047 321.136047 294.723846 294.723846 294.723846 417.149811 417.149811 417.149811 161.303274 403.258179 120.977458 120.977458 411.364532 411.364532 164.545815 124.211065 414.036865 414.036865 403.483154 403.483154 403.483154 403.483154 402.880920 402.880920 402.880920 446.773071 446.773071 446.773071 448.414307 448.414307 448.414307 448.414307 177.629776 177.629776 177.629776 300.000885 300.000885 300.000885 315.072906 315.072906 315.072906 370.414429 370.414429 370.414429 370.414429 343.919556 343.919556 343.919556 189.660232
323.231293 323.231293 323.231293 332.736725 332.736725 332.736725 328.608124 328.608124 328.608124 306.120300 306.120300 306.120300 306.120300 300.979889 300.979889 120.391957 295.575775 295.575775 295.575775 280.621155 280.621155 280.621155 280.621155 281.804230 281.804230 281.804230 120.968477 161.291299 161.291299 118.590663 296.476654 296.476654 296.476654 310.394867 310.394867 310.394867 327.284271 327.284271 327.284271 318.817780 318.817780 318.817780 318.817780 310.333954 310.333954 124.133583 179.137893 447.844727 447.844727 337.876190 337.876190 337.876190 343.696686 343.696686 343.696686 343.696686 331.952911 331.952911 331.952911 465.895996
323.231293 323.231293 323.231293 332.736725 332.736725 332.736725 328.608124 328.608124 328.608124 306.120300 306.120300 306.120300 306.120300 300.979889 300.979889 300.979889 295.575775 295.575775 118.230312 280.621155 280.621155 280.621155 280.621155 281.804230 281.804230 281.804230 403.228241 161.291299 120.968477 118.590663 296.476654 296.476654 296.476654 310.394867 310.394867 310.394867 327.284271 327.284271 327.284271 318.817780 318.817780 318.817780 318.817780 310.333954 310.333954 310.333954 447.844727 179.137893 179.137893 135.150478 337.876190 337.876190 343.696686 343.696686 343.696686 343.696686 331.952911 331.952911 132.781167 465.895996
323.231293 323.231293 323.231293 332.736725 332.736725 332.736725 328.608124 328.608124 328.608124 306.120300 306.120300 306.120300 306.120300 300.979889 300.979889 120.391957 295.575775 295.575775 295.575775 280.621155 280.621155 84.186350 280.621155 281.804230 281.804230 112.721694 403.228241 403.228241 120.968477 296.476654 296.476654 296.476654 296.476654 310.394867 310.394867 310.394867 327.284271 327.284271 327.284271 318.817780 318.817780 318.817780 318.817780 310.333954 310.333954 310.333954 447.844727 447.844727 447.844727 101.362861 101.362861 337.876190 343.696686 343.696686 343.696686 343.696686 331.952911 331.952911 331.952911 465.895996
330.704132 330.704132 330.704132 313.291626 313.291626 313.291626 647.249451 647.249451 647.249451 311.338409 311.338409 311.338409 311.338409 302.785858 90.835761 302.785858 282.397308 282.397308 282.397308 391.986023 391.986023 391.986023 156.794412 278.697174 278.697174 278.697174 285.121674 285.121674 285.121674 286.123322 286.123322 286.123322 286.123322 313.733459 313.733459 313.733459 328.123383 328.123383 328.123383 327.862030 327.862030 327.862030 327.862030 312.759399 312.759399 312.759399 355.540253 355.540253 355.540253 369.098053 110.729420 369.098053 384.884003 384.884003 384.884003 384.884003 369.112457 369.112457 369.112457 127.710073
330.704132 330.704132 330.704132 313.291626 125.316652 313.291626 647.249451 647.249451 647.249451 311.338409 311.338409 311.338409 311.338409 302.785858 302.785858 302.785858 282.397308 282.397308 282.397308 391.986023 117.595812 391.986023 391.986023 278.697174 278.697174 278.697174 285.121674 285.121674 285.121674 286.123322 286.123322 286.123322 286.123322 313.733459 313.733459 313.733459 328.123383 328.123383 328.123383 327.862030 327.862030 327.862030 327.862030 312.759399 312.759399 312.759399 355.540253 355.540253 355.540253 369.098053 369.098053 110.729420 384.884003 384.884003 384.884003 384.884003 369.112457 369.112457 369.112457 319.275177
330.704132 330.704132 330.704132 313.291626 93.987492 313.291626 647.249451 647.249451 647.249451 311.338409 311.338409 311.338409 311.338409 302.785858 302.785858 302.785858 282.397308 282.397308 84.719196 391.986023 117.595812 117.595812 117.595812 111.478871 278.697174 278.697174 285.121674 285.121674 285.121674 286.123322 286.123322 286.123322 286.123322 313.733459 313.733459 313.733459 328.123383 328.123383 328.123383 327.862030 327.862030 327.862030 327.862030 312.759399 312.759399 312.759399 355.540253 355.540253 355.540253 369.098053 369.098053 110.729420 384.884003 384.884003 384.884003 384.884003 369.112457 110.733742 369.112457 319.275177
330.704132 330.704132 330.704132 313.291626 313.291626 313.291626 647.249451 647.249451 258.899784 311.338409 311.338409 311.338409 311.338409 302.785858 302.785858 302.785858 282.397308 141.198654 56.479463 391.986023 117.595812 117.595812 117.595812 83.609156 278.697174 111.478871 285.121674 85.536505 285.121674 286.123322 286.123322 286.123322 286.123322 313.733459 313.733459 313.733459 328.123383 328.123383 328.123383 327.862030 327.862030 327.862030 327.862030 312.759399 312.759399 312.759399 355.540253 355.540253 355.540253 369.098053 369.098053 110.729420 384.884003 384.884003 384.884003 384.884003 369.112457 110.733742 369.112457 319.275177
