Big_Beef/DataInputs30m/o_10_ChemistryPools/SOLUS_HumusN/layer3_humusN_gm2_BigBeef_reduced.asc
ncols        345
nrows        426
xllcorner    508562.338426187926
yllcorner    5265656.272683421150
cellsize     30.000000000000
NODATA_value -9999
[rows 351 to 377 of 426, columns 0 to 60 of 345]
0.000000 0.000000 0.000000 0.000000 0.000000 0.000000 0.000000 0.000000 0.000000 0.000000 0.000000 0.000000 0.000000 0.000000 0.000000 0.000000 0.000000 0.000000 0.000000 0.000000 42.338892 42.338892 42.338892 42.338892 30.433872 30.433872 30.433872 44.837638 44.837638 44.837638 42.206838 42.206838 140.689453 140.689453 93.909828 93.909828 93.909828 92.445992 92.445992 92.445992 139.771774 41.931534 41.931534 55.908711 41.734210 139.114029 139.114029 373.880096 373.880096 373.880096 349.574829 349.574829 139.829934 139.829934 135.961029 135.961029 135.961029 335.181915 335.181915 335.181915 309.389252
0.000000 0.000000 0.000000 0.000000 0.000000 0.000000 0.000000 0.000000 0.000000 0.000000 0.000000 0.000000 0.000000 0.000000 0.000000 0.000000 0.000000 0.000000 0.000000 0.000000 105.847229 105.847229 105.847229 105.847229 101.446236 101.446236 101.446236 44.837638 44.837638 59.783515 140.689453 56.275782 140.689453 140.689453 93.909828 93.909828 93.909828 92.445992 92.445992 92.445992 139.771774 41.931534 139.771774 55.908711 139.114029 139.114029 139.114029 373.880096 373.880096 373.880096 349.574829 349.574829 349.574829 139.829934 135.961029 135.961029 135.961029 335.181915 335.181915 335.181915 309.389252
0.000000 0.000000 0.000000 0.000000 0.000000 0.000000 0.000000 0.000000 0.000000 0.000000 0.000000 0.000000 0.000000 0.000000 0.000000 0.000000 0.000000 0.000000 0.000000 0.000000 105.847229 105.847229 105.847229 105.847229 101.446236 101.446236 101.446236 44.837638 44.837638 149.458786 140.689453 140.689453 42.206838 42.206838 93.909828 28.172950 28.172950 92.445992 92.445992 92.445992 41.931534 139.771774 139.771774 139.771774 55.645612 139.114029 139.114029 373.880096 373.880096 373.880096 349.574829 349.574829 349.574829 139.829934 135.961029 135.961029 54.384412 100.554579 335.181915 335.181915 309.389252
0.000000 0.000000 0.000000 0.000000 0.000000 0.000000 0.000000 0.000000 0.000000 0.000000 0.000000 0.000000 0.000000 0.000000 0.000000 0.000000 0.000000 0.000000 0.000000 0.000000 0.000000 0.000000 0.000000 0.000000 60.632960 151.582397 151.582397 27.973548 41.960323 139.867737 100.186623 100.186623 30.055988 30.055988 28.355989 94.519958 94.519958 137.096863 137.096863 137.096863 44.115671 147.052231 147.052231 58.820893 51.796113 38.847086 129.490280 403.514435 403.514435 403.514435 401.989410 401.989410 401.989410 160.795767 199.551666 199.551666 59.865502 272.459473 272.459473 272.459473 122.107208
0.000000 0.000000 0.000000 0.000000 0.000000 0.000000 0.000000 0.000000 0.000000 0.000000 0.000000 0.000000 0.000000 0.000000 0.000000 0.000000 0.000000 0.000000 0.000000 0.000000 0.000000 0.000000 0.000000 0.000000 45.474721 45.474721 45.474721 27.973548 41.960323 55.947096 100.186623 100.186623 100.186623 20.037325 94.519958 94.519958 94.519958 41.129060 41.129060 41.129060 147.052231 44.115671 44.115671 44.115671 129.490280 25.898056 129.490280 403.514435 403.514435 403.514435 401.989410 401.989410 120.596828 120.596828 79.820668 59.865502 59.865502 81.737845 272.459473 272.459473 122.107208
0.000000 0.000000 0.000000 0.000000 0.000000 0.000000 0.000000 0.000000 0.000000 0.000000 0.000000 0.000000 0.000000 0.000000 0.000000 0.000000 0.000000 0.000000 0.000000 0.000000 0.000000 0.000000 0.000000 0.000000 151.582397 45.474721 30.316480 41.960323 41.960323 55.947096 100.186623 40.074650 100.186623 40.074650 94.519958 28.355989 28.355989 41.129060 137.096863 137.096863 147.052231 44.115671 44.115671 44.115671 38.847086 38.847086 38.847086 121.054335 403.514435 403.514435 401.989410 401.989410 120.596828 120.596828 59.865502 79.820668 79.820668 272.459473 272.459473 272.459473 122.107208
0.000000 0.000000 0.000000 0.000000 0.000000 0.000000 0.000000 0.000000 0.000000 0.000000 0.000000 0.000000 0.000000 0.000000 0.000000 0.000000 0.000000 0.000000 0.000000 0.000000 0.000000 0.000000 0.000000 0.000000 0.000000 0.000000 0.000000 56.818733 42.614050 56.818733 92.380821 92.380821 36.952329 92.380821 88.255188 26.476557 26.476557 145.211060 145.211060 145.211060 99.000671 29.700203 29.700203 29.700203 46.261086 154.203613 154.203613 417.104492 417.104492 417.104492 467.942963 467.942963 140.382894 140.382894 98.604295 131.472390 131.472390 271.582123 108.632851 271.582123 117.100456
0.000000 0.000000 0.000000 0.000000 0.000000 0.000000 0.000000 0.000000 0.000000 0.000000 0.000000 0.000000 0.000000 0.000000 0.000000 0.000000 0.000000 0.000000 0.000000 0.000000 0.000000 0.000000 0.000000 0.000000 0.000000 0.000000 0.000000 56.818733 56.818733 142.046829 92.380821 92.380821 92.380821 92.380821 88.255188 88.255188 88.255188 145.211060 43.563320 43.563320 99.000671 99.000671 99.000671 29.700203 46.261086 154.203613 154.203613 417.104492 417.104492 417.104492 467.942963 467.942963 140.382894 140.382894 328.680969 328.680969 131.472390 271.582123 271.582123 271.582123 117.100456
0.000000 0.000000 0.000000 0.000000 0.000000 0.000000 0.000000 0.000000 0.000000 0.000000 0.000000 0.000000 0.000000 0.000000 0.000000 0.000000 0.000000 0.000000 0.000000 0.000000 0.000000 0.000000 0.000000 0.000000 0.000000 0.000000 0.000000 142.046829 42.614050 142.046829 92.380821 27.714247 92.380821 92.380821 88.255188 26.476557 26.476557 43.563320 43.563320 145.211060 99.000671 99.000671 99.000671 19.800135 46.261086 154.203613 154.203613 417.104492 417.104492 417.104492 467.942963 467.942963 467.942963 140.382894 98.604295 328.680969 328.680969 108.632851 271.582123 271.582123 117.100456
0.000000 0.000000 0.000000 0.000000 0.000000 0.000000 0.000000 0.000000 0.000000 0.000000 0.000000 0.000000 0.000000 0.000000 0.000000 0.000000 0.000000 0.000000 0.000000 0.000000 0.000000 0.000000 0.000000 0.000000 0.000000 0.000000 0.000000 56.818733 0.000000 0.000000 0.000000 27.714247 92.380821 27.714247 26.476557 26.476557 26.476557 43.563320 43.563320 145.211060 99.000671 99.000671 99.000671 19.800135 30.840723 46.261086 154.203613 417.104492 417.104492 417.104492 467.942963 467.942963 467.942963 467.942963 328.680969 328.680969 65.736195 81.474640 108.632851 271.582123 117.100456
0.000000 0.000000 0.000000 0.000000 0.000000 0.000000 0.000000 0.000000 0.000000 0.000000 0.000000 0.000000 0.000000 0.000000 0.000000 0.000000 0.000000 0.000000 0.000000 0.000000 0.000000 0.000000 0.000000 0.000000 0.000000 0.000000 0.000000 0.000000 0.000000 0.000000 0.000000 0.000000 0.000000 0.000000 27.765128 92.550423 92.550423 91.379974 91.379974 91.379974 107.283630 107.283630 107.283630 32.185090 48.023453 48.023453 160.078171 408.581879 408.581879 408.581879 458.895905 458.895905 458.895905 458.895905 160.562973 160.562973 48.168894 282.698151 84.809449 282.698151 158.490784
0.000000 0.000000 0.000000 0.000000 0.000000 0.000000 0.000000 0.000000 0.000000 0.000000 0.000000 0.000000 0.000000 0.000000 0.000000 0.000000 0.000000 0.000000 0.000000 0.000000 0.000000 0.000000 0.000000 0.000000 0.000000 0.000000 0.000000 0.000000 0.000000 0.000000 0.000000 0.000000 0.000000 0.000000 92.550423 92.550423 92.550423 91.379974 91.379974 91.379974 107.283630 107.283630 42.913453 32.185090 48.023453 160.078171 160.078171 408.581879 408.581879 408.581879 458.895905 458.895905 458.895905 458.895905 160.562973 160.562973 48.168894 282.698151 282.698151 84.809449 47.547237
0.000000 0.000000 0.000000 0.000000 0.000000 0.000000 0.000000 0.000000 0.000000 0.000000 0.000000 0.000000 0.000000 0.000000 0.000000 0.000000 0.000000 0.000000 0.000000 0.000000 0.000000 0.000000 0.000000 0.000000 0.000000 0.000000 0.000000 0.000000 0.000000 0.000000 0.000000 0.000000 0.000000 0.000000 92.550423 92.550423 92.550423 91.379974 91.379974 91.379974 107.283630 107.283630 42.913453 32.185090 48.023453 160.078171 160.078171 408.581879 408.581879 408.581879 458.895905 458.895905 458.895905 458.895905 160.562973 160.562973 160.562973 282.698151 84.809449 56.539631 47.547237
0.000000 0.000000 0.000000 0.000000 0.000000 0.000000 0.000000 0.000000 0.000000 0.000000 0.000000 0.000000 0.000000 0.000000 0.000000 0.000000 0.000000 0.000000 0.000000 0.000000 0.000000 0.000000 0.000000 0.000000 0.000000 0.000000 0.000000 0.000000 0.000000 0.000000 0.000000 0.000000 0.000000 0.000000 89.462135 89.462135 89.462135 91.355766 91.355766 91.355766 98.768578 98.768578 98.768578 98.768578 63.829695 63.829695 159.574234 345.781860 345.781860 345.781860 427.904877 427.904877 427.904877 427.904877 151.647873 151.647873 151.647873 273.246735 273.246735 273.246735 169.726349
0.000000 0.000000 0.000000 0.000000 0.000000 0.000000 0.000000 0.000000 0.000000 0.000000 0.000000 0.000000 0.000000 0.000000 0.000000 0.000000 0.000000 0.000000 0.000000 0.000000 0.000000 0.000000 0.000000 0.000000 0.000000 0.000000 0.000000 0.000000 0.000000 0.000000 0.000000 0.000000 0.000000 0.000000 89.462135 89.462135 89.462135 91.355766 91.355766 91.355766 98.768578 98.768578 98.768578 98.768578 63.829695 159.574234 159.574234 345.781860 345.781860 345.781860 427.904877 427.904877 427.904877 427.904877 151.647873 151.647873 151.647873 273.246735 273.246735 273.246735 169.726349
0.000000 0.000000 0.000000 0.000000 0.000000 0.000000 0.000000 0.000000 0.000000 0.000000 0.000000 0.000000 0.000000 0.000000 0.000000 0.000000 0.000000 0.000000 0.000000 0.000000 0.000000 0.000000 0.000000 0.000000 0.000000 0.000000 0.000000 0.000000 0.000000 0.000000 0.000000 0.000000 0.000000 0.000000 89.462135 89.462135 89.462135 91.355766 91.355766 91.355766 98.768578 98.768578 39.507432 98.768578 47.872272 159.574234 159.574234 345.781860 345.781860 345.781860 427.904877 427.904877 427.904877 427.904877 151.647873 151.647873 151.647873 273.246735 273.246735 273.246735 169.726349
0.000000 0.000000 0.000000 0.000000 0.000000 0.000000 0.000000 0.000000 0.000000 0.000000 0.000000 0.000000 0.000000 0.000000 0.000000 0.000000 0.000000 0.000000 0.000000 0.000000 0.000000 0.000000 0.000000 0.000000 0.000000 0.000000 0.000000 0.000000 0.000000 0.000000 94.984901 94.984901 94.984901 94.984901 89.738281 89.738281 89.738281 92.481941 92.481941 92.481941 94.951965 94.951965 94.951965 94.951965 47.587969 47.587969 158.626556 260.335602 260.335602 260.335602 419.322845 419.322845 419.322845 419.322845 236.694000 236.694000 236.694000 303.515198 303.515198 303.515198 219.675735
0.000000 0.000000 0.000000 0.000000 0.000000 0.000000 0.000000 0.000000 0.000000 0.000000 0.000000 0.000000 0.000000 0.000000 0.000000 0.000000 0.000000 0.000000 0.000000 0.000000 0.000000 0.000000 0.000000 0.000000 0.000000 0.000000 0.000000 0.000000 0.000000 0.000000 94.984901 94.984901 94.984901 94.984901 89.738281 89.738281 89.738281 92.481941 92.481941 92.481941 94.951965 94.951965 94.951965 37.980787 47.587969 47.587969 31.725312 260.335602 260.335602 260.335602 419.322845 419.322845 419.322845 419.322845 47.338801 236.694000 236.694000 303.515198 303.515198 303.515198 219.675735
0.000000 0.000000 0.000000 0.000000 0.000000 0.000000 0.000000 0.000000 0.000000 0.000000 0.000000 0.000000 0.000000 0.000000 0.000000 0.000000 0.000000 0.000000 0.000000 0.000000 0.000000 0.000000 0.000000 0.000000 0.000000 0.000000 0.000000 0.000000 0.000000 0.000000 94.984901 94.984901 94.984901 94.984901 89.738281 89.738281 89.738281 92.481941 92.481941 92.481941 94.951965 94.951965 94.951965 37.980787 158.626556 31.725312 47.587969 260.335602 260.335602 260.335602 419.322845 419.322845 419.322845 419.322845 71.008203 236.694000 236.694000 303.515198 303.515198 303.515198 219.675735
0.000000 0.000000 0.000000 0.000000 0.000000 0.000000 0.000000 0.000000 0.000000 0.000000 0.000000 0.000000 0.000000 0.000000 0.000000 0.000000 0.000000 0.000000 0.000000 0.000000 0.000000 0.000000 0.000000 0.000000 0.000000 0.000000 0.000000 0.000000 0.000000 0.000000 94.984901 94.984901 94.984901 94.984901 89.738281 89.738281 89.738281 92.481941 92.481941 92.481941 94.951965 94.951965 94.951965 94.951965 47.587969 47.587969 47.587969 260.335602 260.335602 260.335602 419.322845 419.322845 419.322845 419.322845 236.694000 236.694000 236.694000 303.515198 303.515198 303.515198 219.675735
0.000000 0.000000 0.000000 0.000000 0.000000 0.000000 0.000000 0.000000 0.000000 0.000000 0.000000 0.000000 0.000000 0.000000 0.000000 0.000000 0.000000 0.000000 0.000000 0.000000 0.000000 0.000000 0.000000 0.000000 0.000000 0.000000 0.000000 131.691895 52.676759 52.676759 90.216347 90.216347 90.216347 90.216347 96.827766 96.827766 96.827766 91.638817 91.638817 91.638817 87.985657 26.395698 26.395698 87.985657 95.308815 28.592646 95.308815 124.611328 124.611328 124.611328 446.844482 446.844482 446.844482 446.844482 181.352234 181.352234 181.352234 388.004852 388.004852 388.004852 235.912186
0.000000 0.000000 0.000000 0.000000 0.000000 0.000000 0.000000 0.000000 0.000000 0.000000 0.000000 0.000000 0.000000 0.000000 0.000000 0.000000 0.000000 0.000000 0.000000 0.000000 0.000000 0.000000 0.000000 0.000000 0.000000 0.000000 0.000000 131.691895 52.676759 131.691895 90.216347 90.216347 90.216347 90.216347 96.827766 96.827766 38.731107 91.638817 91.638817 36.655527 87.985657 87.985657 87.985657 87.985657 95.308815 38.123527 95.308815 124.611328 124.611328 124.611328 446.844482 446.844482 446.844482 446.844482 181.352234 72.540895 72.540895 155.201943 388.004852 388.004852 94.364876
0.000000 0.000000 0.000000 0.000000 0.000000 0.000000 0.000000 0.000000 0.000000 0.000000 0.000000 0.000000 0.000000 0.000000 0.000000 0.000000 0.000000 0.000000 0.000000 0.000000 0.000000 0.000000 0.000000 0.000000 0.000000 0.000000 0.000000 131.691895 131.691895 52.676759 90.216347 90.216347 36.086539 90.216347 96.827766 96.827766 96.827766 91.638817 91.638817 91.638817 87.985657 87.985657 87.985657 35.194263 95.308815 95.308815 38.123527 124.611328 124.611328 124.611328 446.844482 446.844482 446.844482 446.844482 181.352234 72.540895 181.352234 155.201943 155.201943 155.201943 94.364876
0.000000 0.000000 0.000000 0.000000 0.000000 0.000000 0.000000 0.000000 0.000000 0.000000 0.000000 0.000000 0.000000 0.000000 0.000000 0.000000 0.000000 0.000000 0.000000 0.000000 0.000000 0.000000 0.000000 0.000000 240.103333 240.103333 240.103333 150.756699 60.302680 60.302680 98.983620 98.983620 98.983620 98.983620 138.331909 138.331909 138.331909 97.655151 29.296547 29.296547 93.398430 93.398430 93.398430 37.359373 109.163048 109.163048 43.665220 51.277412 128.193527 128.193527 412.000488 412.000488 412.000488 412.000488 274.869446 274.869446 274.869446 150.405117 150.405117 376.012787 159.568985
0.000000 0.000000 0.000000 0.000000 0.000000 0.000000 0.000000 0.000000 0.000000 0.000000 0.000000 0.000000 0.000000 0.000000 0.000000 0.000000 0.000000 0.000000 0.000000 0.000000 0.000000 0.000000 0.000000 0.000000 240.103333 240.103333 240.103333 150.756699 60.302680 150.756699 98.983620 98.983620 98.983620 98.983620 41.499574 55.332764 138.331909 97.655151 97.655151 97.655151 93.398430 93.398430 93.398430 93.398430 109.163048 109.163048 109.163048 38.458060 128.193527 128.193527 412.000488 412.000488 412.000488 412.000488 109.947780 274.869446 274.869446 376.012787 376.012787 376.012787 159.568985
0.000000 0.000000 0.000000 0.000000 0.000000 0.000000 0.000000 0.000000 0.000000 0.000000 0.000000 0.000000 0.000000 0.000000 0.000000 0.000000 0.000000 0.000000 0.000000 0.000000 0.000000 0.000000 0.000000 0.000000 240.103333 240.103333 240.103333 150.756699 60.302680 150.756699 98.983620 98.983620 98.983620 39.593448 138.331909 138.331909 138.331909 97.655151 97.655151 97.655151 93.398430 93.398430 93.398430 93.398430 109.163048 109.163048 109.163048 128.193527 128.193527 128.193527 412.000488 412.000488 412.000488 412.000488 274.869446 274.869446 274.869446 376.012787 376.012787 376.012787 159.568985
0.000000 0.000000 0.000000 0.000000 0.000000 0.000000 0.000000 0.000000 0.000000 0.000000 0.000000 0.000000 0.000000 0.000000 0.000000 0.000000 0.000000 0.000000 0.000000 0.000000 0.000000 0.000000 0.000000 0.000000 0.000000 0.000000 0.000000 219.171707 65.751515 65.751515 99.821419 99.821419 99.821419 99.821419 96.547783 96.547783 96.547783 136.859665 136.859665 136.859665 108.229332 108.229332 108.229332 108.229332 109.114632 109.114632 43.645853 206.965866 206.965866 206.965866 426.677856 426.677856 426.677856 426.677856 200.914780 200.914780 200.914780 381.563263 381.563263 381.563263 168.463211
