Big_Beef/DataInputs30m/o_10_ChemistryPools/SOLUS_HumusN/layer2_humusN_gm2_BigBeef.asc
ncols        345
nrows        426
xllcorner    508562.338426187926
yllcorner    5265656.272683421150
cellsize     30.000000000000
NODATA_value -9999
[rows 324 to 350 of 426, columns 0 to 60 of 345]
0 0 0 0 0 0 0 0 0 0 0 0 0 0 0 0 0 0 0 0 0 0 0 0 115.88076019287109375 115.88076019287109375 115.88076019287109375 110.245208740234375 110.245208740234375 110.245208740234375 233.169769287109375 233.169769287109375 233.169769287109375 233.169769287109375 625.66619873046875 625.66619873046875 625.66619873046875 535.9892578125 535.9892578125 535.9892578125 537.45263671875 537.45263671875 537.45263671875 537.45263671875 192.6909637451171875 192.6909637451171875 192.6909637451171875 206.1248931884765625 206.1248931884765625 206.1248931884765625 106.19501495361328125 106.19501495361328125 106.19501495361328125 106.19501495361328125 103.41490936279296875 103.41490936279296875 103.41490936279296875 344.435882568359375 344.435882568359375 344.435882568359375 149.799072265625
0 0 0 0 0 0 0 0 0 0 0 0 0 0 0 0 0 0 0 0 0 0 0 0 115.88076019287109375 115.88076019287109375 115.88076019287109375 110.245208740234375 110.245208740234375 110.245208740234375 233.169769287109375 233.169769287109375 233.169769287109375 233.169769287109375 625.66619873046875 625.66619873046875 625.66619873046875 535.9892578125 535.9892578125 535.9892578125 537.45263671875 537.45263671875 537.45263671875 537.45263671875 192.6909637451171875 192.6909637451171875 192.6909637451171875 206.1248931884765625 206.1248931884765625 206.1248931884765625 106.19501495361328125 106.19501495361328125 106.19501495361328125 106.19501495361328125 103.41490936279296875 103.41490936279296875 103.41490936279296875 344.435882568359375 344.435882568359375 344.435882568359375 149.799072265625
0 0 0 0 0 0 0 0 0 0 0 0 0 0 0 0 0 0 0 0 0 0 0 0 115.88076019287109375 115.88076019287109375 115.88076019287109375 110.245208740234375 110.245208740234375 110.245208740234375 233.169769287109375 233.169769287109375 233.169769287109375 233.169769287109375 625.66619873046875 625.66619873046875 625.66619873046875 535.9892578125 535.9892578125 535.9892578125 537.45263671875 537.45263671875 537.45263671875 537.45263671875 192.6909637451171875 192.6909637451171875 192.6909637451171875 206.1248931884765625 206.1248931884765625 206.1248931884765625 106.19501495361328125 106.19501495361328125 106.19501495361328125 106.19501495361328125 103.41490936279296875 103.41490936279296875 103.41490936279296875 344.435882568359375 344.435882568359375 344.435882568359375 149.799072265625
0 0 0 0 0 0 0 0 0 0 0 0 0 0 0 0 0 0 0 0 0 0 0 0 115.88076019287109375 115.88076019287109375 115.88076019287109375 110.245208740234375 110.245208740234375 110.245208740234375 233.169769287109375 233.169769287109375 233.169769287109375 233.169769287109375 625.66619873046875 625.66619873046875 625.66619873046875 535.9892578125 535.9892578125 535.9892578125 537.45263671875 537.45263671875 537.45263671875 537.45263671875 192.6909637451171875 192.6909637451171875 192.6909637451171875 206.1248931884765625 206.1248931884765625 206.1248931884765625 106.19501495361328125 106.19501495361328125 106.19501495361328125 106.19501495361328125 103.41490936279296875 103.41490936279296875 103.41490936279296875 344.435882568359375 344.435882568359375 344.435882568359375 149.799072265625
0 0 0 0 0 0 0 0 0 0 0 0 0 0 0 0 0 0 0 0 150.4690093994140625 150.4690093994140625 150.4690093994140625 150.4690093994140625 111.43477630615234375 111.43477630615234375 111.43477630615234375 117.43169403076171875 117.43169403076171875 117.43169403076171875 458.345001220703125 458.345001220703125 458.345001220703125 458.345001220703125 662.80657958984375 662.80657958984375 662.80657958984375 732.37493896484375 732.37493896484375 732.37493896484375 590.56243896484375 590.56243896484375 590.56243896484375 590.56243896484375 209.5648956298828125 209.5648956298828125 209.5648956298828125 108.85982513427734375 108.85982513427734375 108.85982513427734375 100.2618408203125 100.2618408203125 100.2618408203125 100.2618408203125 102.51984405517578125 102.51984405517578125 102.51984405517578125 392.4549560546875 392.4549560546875 392.4549560546875 169.6432952880859375
0 0 0 0 0 0 0 0 0 0 0 0 0 0 0 0 0 0 0 0 150.4690093994140625 150.4690093994140625 150.4690093994140625 150.4690093994140625 111.43477630615234375 111.43477630615234375 111.43477630615234375 117.43169403076171875 117.43169403076171875 117.43169403076171875 458.345001220703125 458.345001220703125 458.345001220703125 458.345001220703125 662.80657958984375 662.80657958984375 662.80657958984375 732.37493896484375 732.37493896484375 732.37493896484375 590.56243896484375 590.56243896484375 590.56243896484375 590.56243896484375 209.5648956298828125 209.5648956298828125 209.5648956298828125 108.85982513427734375 108.85982513427734375 108.85982513427734375 100.2618408203125 100.2618408203125 100.2618408203125 100.2618408203125 102.51984405517578125 102.51984405517578125 102.51984405517578125 392.4549560546875 392.4549560546875 392.4549560546875 169.6432952880859375
0 0 0 0 0 0 0 0 0 0 0 0 0 0 0 0 0 0 0 0 150.4690093994140625 150.4690093994140625 150.4690093994140625 150.4690093994140625 111.43477630615234375 111.43477630615234375 111.43477630615234375 117.43169403076171875 117.43169403076171875 117.43169403076171875 458.345001220703125 458.345001220703125 458.345001220703125 458.345001220703125 662.80657958984375 662.80657958984375 662.80657958984375 732.37493896484375 732.37493896484375 732.37493896484375 590.56243896484375 590.56243896484375 590.56243896484375 590.56243896484375 209.5648956298828125 209.5648956298828125 209.5648956298828125 108.85982513427734375 108.85982513427734375 108.85982513427734375 100.2618408203125 100.2618408203125 100.2618408203125 100.2618408203125 102.51984405517578125 102.51984405517578125 102.51984405517578125 392.4549560546875 392.4549560546875 392.4549560546875 169.6432952880859375
0 0 0 0 0 0 0 0 0 0 0 0 0 0 0 0 0 0 0 0 172.8841400146484375 172.8841400146484375 172.8841400146484375 172.8841400146484375 119.53774261474609375 119.53774261474609375 119.53774261474609375 195.2978973388671875 195.2978973388671875 195.2978973388671875 481.907012939453125 481.907012939453125 481.907012939453125 481.907012939453125 377.229736328125 377.229736328125 377.229736328125 214.9207305908203125 214.9207305908203125 214.9207305908203125 212.6056060791015625 212.6056060791015625 212.6056060791015625 212.6056060791015625 481.382904052734375 481.382904052734375 481.382904052734375 159.5524444580078125 159.5524444580078125 159.5524444580078125 104.689666748046875 104.689666748046875 104.689666748046875 104.689666748046875 119.641265869140625 119.641265869140625 119.641265869140625 430.943634033203125 430.943634033203125 430.943634033203125 181.5260009765625
0 0 0 0 0 0 0 0 0 0 0 0 0 0 0 0 0 0 0 0 172.8841400146484375 172.8841400146484375 172.8841400146484375 172.8841400146484375 119.53774261474609375 119.53774261474609375 119.53774261474609375 195.2978973388671875 195.2978973388671875 195.2978973388671875 481.907012939453125 481.907012939453125 481.907012939453125 481.907012939453125 377.229736328125 377.229736328125 377.229736328125 214.9207305908203125 214.9207305908203125 214.9207305908203125 212.6056060791015625 212.6056060791015625 212.6056060791015625 212.6056060791015625 481.382904052734375 481.382904052734375 481.382904052734375 159.5524444580078125 159.5524444580078125 159.5524444580078125 104.689666748046875 104.689666748046875 104.689666748046875 104.689666748046875 119.641265869140625 119.641265869140625 119.641265869140625 430.943634033203125 430.943634033203125 430.943634033203125 181.5260009765625
0 0 0 0 0 0 0 0 0 0 0 0 0 0 0 0 0 0 0 0 172.8841400146484375 172.8841400146484375 172.8841400146484375 172.8841400146484375 119.53774261474609375 119.53774261474609375 119.53774261474609375 195.2978973388671875 195.2978973388671875 195.2978973388671875 481.907012939453125 481.907012939453125 481.907012939453125 481.907012939453125 377.229736328125 377.229736328125 377.229736328125 214.9207305908203125 214.9207305908203125 214.9207305908203125 212.6056060791015625 212.6056060791015625 212.6056060791015625 212.6056060791015625 481.382904052734375 481.382904052734375 481.382904052734375 159.5524444580078125 159.5524444580078125 159.5524444580078125 104.689666748046875 104.689666748046875 104.689666748046875 104.689666748046875 119.641265869140625 119.641265869140625 119.641265869140625 430.943634033203125 430.943634033203125 430.943634033203125 181.5260009765625
0 0 0 0 0 0 0 0 0 0 0 0 0 0 0 0 0 0 0 0 105.57662200927734375 105.57662200927734375 105.57662200927734375 105.57662200927734375 113.28307342529296875 113.28307342529296875 113.28307342529296875 125.600189208984375 125.600189208984375 125.600189208984375 178.24420166015625 178.24420166015625 178.24420166015625 178.24420166015625 194.502471923828125 194.502471923828125 194.502471923828125 121.29150390625 121.29150390625 121.29150390625 172.5403900146484375 172.5403900146484375 172.5403900146484375 172.5403900146484375 453.444671630859375 453.444671630859375 453.444671630859375 178.2996978759765625 178.2996978759765625 178.2996978759765625 160.876220703125 160.876220703125 160.876220703125 160.876220703125 119.41982269287109375 119.41982269287109375 119.41982269287109375 457.885589599609375 457.885589599609375 457.885589599609375 170.6581573486328125
0 0 0 0 0 0 0 0 0 0 0 0 0 0 0 0 0 0 0 0 105.57662200927734375 105.57662200927734375 105.57662200927734375 105.57662200927734375 113.28307342529296875 113.28307342529296875 113.28307342529296875 125.600189208984375 125.600189208984375 125.600189208984375 178.24420166015625 178.24420166015625 178.24420166015625 178.24420166015625 194.502471923828125 194.502471923828125 194.502471923828125 121.29150390625 121.29150390625 121.29150390625 172.5403900146484375 172.5403900146484375 172.5403900146484375 172.5403900146484375 453.444671630859375 453.444671630859375 453.444671630859375 178.2996978759765625 178.2996978759765625 178.2996978759765625 160.876220703125 160.876220703125 160.876220703125 160.876220703125 119.41982269287109375 119.41982269287109375 119.41982269287109375 457.885589599609375 457.885589599609375 457.885589599609375 170.6581573486328125
0 0 0 0 0 0 0 0 0 0 0 0 0 0 0 0 0 0 0 0 105.57662200927734375 105.57662200927734375 105.57662200927734375 105.57662200927734375 113.28307342529296875 113.28307342529296875 113.28307342529296875 125.600189208984375 125.600189208984375 125.600189208984375 178.24420166015625 178.24420166015625 178.24420166015625 178.24420166015625 194.502471923828125 194.502471923828125 194.502471923828125 121.29150390625 121.29150390625 121.29150390625 172.5403900146484375 172.5403900146484375 172.5403900146484375 172.5403900146484375 453.444671630859375 453.444671630859375 453.444671630859375 178.2996978759765625 178.2996978759765625 178.2996978759765625 160.876220703125 160.876220703125 160.876220703125 160.876220703125 119.41982269287109375 119.41982269287109375 119.41982269287109375 457.885589599609375 457.885589599609375 457.885589599609375 170.6581573486328125
0 0 0 0 0 0 0 0 0 0 0 0 0 0 0 0 0 0 0 0 105.57662200927734375 105.57662200927734375 105.57662200927734375 105.57662200927734375 113.28307342529296875 113.28307342529296875 113.28307342529296875 125.600189208984375 125.600189208984375 125.600189208984375 178.24420166015625 178.24420166015625 178.24420166015625 178.24420166015625 194.502471923828125 194.502471923828125 194.502471923828125 121.29150390625 121.29150390625 121.29150390625 172.5403900146484375 172.5403900146484375 172.5403900146484375 172.5403900146484375 453.444671630859375 453.444671630859375 453.444671630859375 178.2996978759765625 178.2996978759765625 178.2996978759765625 160.876220703125 160.876220703125 160.876220703125 160.876220703125 119.41982269287109375 119.41982269287109375 119.41982269287109375 457.885589599609375 457.885589599609375 457.885589599609375 170.6581573486328125
0 0 0 0 0 0 0 0 0 0 0 0 0 0 0 0 0 0 0 0 106.29636383056640625 106.29636383056640625 106.29636383056640625 106.29636383056640625 103.96720123291015625 103.96720123291015625 103.96720123291015625 237.20220947265625 237.20220947265625 237.20220947265625 161.3806915283203125 161.3806915283203125 161.3806915283203125 161.3806915283203125 160.746978759765625 160.746978759765625 160.746978759765625 161.647613525390625 161.647613525390625 161.647613525390625 187.0342254638671875 187.0342254638671875 187.0342254638671875 187.0342254638671875 375.214385986328125 375.214385986328125 375.214385986328125 237.0735931396484375 237.0735931396484375 237.0735931396484375 225.9321746826171875 225.9321746826171875 225.9321746826171875 225.9321746826171875 350.97021484375 350.97021484375 350.97021484375 281.922210693359375 281.922210693359375 281.922210693359375 151.6303253173828125
0 0 0 0 0 0 0 0 0 0 0 0 0 0 0 0 0 0 0 0 106.29636383056640625 106.29636383056640625 106.29636383056640625 106.29636383056640625 103.96720123291015625 103.96720123291015625 103.96720123291015625 237.20220947265625 237.20220947265625 237.20220947265625 161.3806915283203125 161.3806915283203125 161.3806915283203125 161.3806915283203125 160.746978759765625 160.746978759765625 160.746978759765625 161.647613525390625 161.647613525390625 161.647613525390625 187.0342254638671875 187.0342254638671875 187.0342254638671875 187.0342254638671875 375.214385986328125 375.214385986328125 375.214385986328125 237.0735931396484375 237.0735931396484375 237.0735931396484375 225.9321746826171875 225.9321746826171875 225.9321746826171875 225.9321746826171875 350.97021484375 350.97021484375 350.97021484375 281.922210693359375 281.922210693359375 281.922210693359375 151.6303253173828125
0 0 0 0 0 0 0 0 0 0 0 0 0 0 0 0 0 0 0 0 106.29636383056640625 106.29636383056640625 106.29636383056640625 106.29636383056640625 103.96720123291015625 103.96720123291015625 103.96720123291015625 237.20220947265625 237.20220947265625 237.20220947265625 161.3806915283203125 161.3806915283203125 161.3806915283203125 161.3806915283203125 160.746978759765625 160.746978759765625 160.746978759765625 161.647613525390625 161.647613525390625 161.647613525390625 187.0342254638671875 187.0342254638671875 187.0342254638671875 187.0342254638671875 375.214385986328125 375.214385986328125 375.214385986328125 237.0735931396484375 237.0735931396484375 237.0735931396484375 225.9321746826171875 225.9321746826171875 225.9321746826171875 225.9321746826171875 350.97021484375 350.97021484375 350.97021484375 281.922210693359375 281.922210693359375 281.922210693359375 151.6303253173828125
0 0 0 0 0 0 0 0 0 0 0 0 0 0 0 0 0 0 0 0 112.585906982421875 112.585906982421875 112.585906982421875 112.585906982421875 118.131988525390625 118.131988525390625 118.131988525390625 158.955596923828125 158.955596923828125 158.955596923828125 155.93231201171875 155.93231201171875 155.93231201171875 155.93231201171875 101.664581298828125 101.664581298828125 101.664581298828125 157.4274749755859375 157.4274749755859375 157.4274749755859375 212.0003662109375 212.0003662109375 212.0003662109375 212.0003662109375 319.9139404296875 319.9139404296875 319.9139404296875 313.499481201171875 313.499481201171875 313.499481201171875 257.19842529296875 257.19842529296875 257.19842529296875 257.19842529296875 444.059112548828125 444.059112548828125 444.059112548828125 564.42193603515625 564.42193603515625 564.42193603515625 192.4651336669921875
0 0 0 0 0 0 0 0 0 0 0 0 0 0 0 0 0 0 0 0 112.585906982421875 112.585906982421875 112.585906982421875 112.585906982421875 118.131988525390625 118.131988525390625 118.131988525390625 158.955596923828125 158.955596923828125 158.955596923828125 155.93231201171875 155.93231201171875 155.93231201171875 155.93231201171875 101.664581298828125 101.664581298828125 101.664581298828125 157.4274749755859375 157.4274749755859375 157.4274749755859375 212.0003662109375 212.0003662109375 212.0003662109375 212.0003662109375 319.9139404296875 319.9139404296875 319.9139404296875 313.499481201171875 313.499481201171875 313.499481201171875 257.19842529296875 257.19842529296875 257.19842529296875 257.19842529296875 444.059112548828125 444.059112548828125 444.059112548828125 564.42193603515625 564.42193603515625 564.42193603515625 192.4651336669921875
0 0 0 0 0 0 0 0 0 0 0 0 0 0 0 0 0 0 0 0 112.585906982421875 112.585906982421875 112.585906982421875 112.585906982421875 118.131988525390625 118.131988525390625 118.131988525390625 158.955596923828125 158.955596923828125 158.955596923828125 155.93231201171875 155.93231201171875 155.93231201171875 155.93231201171875 101.664581298828125 101.664581298828125 101.664581298828125 157.4274749755859375 157.4274749755859375 157.4274749755859375 212.0003662109375 212.0003662109375 212.0003662109375 212.0003662109375 319.9139404296875 319.9139404296875 319.9139404296875 313.499481201171875 313.499481201171875 313.499481201171875 257.19842529296875 257.19842529296875 257.19842529296875 257.19842529296875 444.059112548828125 444.059112548828125 444.059112548828125 564.42193603515625 564.42193603515625 564.42193603515625 192.4651336669921875
0 0 0 0 0 0 0 0 0 0 0 0 0 0 0 0 0 0 0 0 115.22198486328125 115.22198486328125 115.22198486328125 115.22198486328125 115.04744720458984375 115.04744720458984375 115.04744720458984375 172.5455322265625 172.5455322265625 172.5455322265625 163.5767364501953125 163.5767364501953125 163.5767364501953125 163.5767364501953125 105.19077301025390625 105.19077301025390625 105.19077301025390625 108.26625823974609375 108.26625823974609375 108.26625823974609375 176.95660400390625 176.95660400390625 176.95660400390625 176.95660400390625 390.112335205078125 390.112335205078125 390.112335205078125 333.11578369140625 333.11578369140625 333.11578369140625 355.39691162109375 355.39691162109375 355.39691162109375 355.39691162109375 385.4801025390625 385.4801025390625 385.4801025390625 606.545654296875 606.545654296875 606.545654296875 222.7955322265625
0 0 0 0 0 0 0 0 0 0 0 0 0 0 0 0 0 0 0 0 115.22198486328125 115.22198486328125 115.22198486328125 115.22198486328125 115.04744720458984375 115.04744720458984375 115.04744720458984375 172.5455322265625 172.5455322265625 172.5455322265625 163.5767364501953125 163.5767364501953125 163.5767364501953125 163.5767364501953125 105.19077301025390625 105.19077301025390625 105.19077301025390625 108.26625823974609375 108.26625823974609375 108.26625823974609375 176.95660400390625 176.95660400390625 176.95660400390625 176.95660400390625 390.112335205078125 390.112335205078125 390.112335205078125 333.11578369140625 333.11578369140625 333.11578369140625 355.39691162109375 355.39691162109375 355.39691162109375 355.39691162109375 385.4801025390625 385.4801025390625 385.4801025390625 606.545654296875 606.545654296875 606.545654296875 222.7955322265625
0 0 0 0 0 0 0 0 0 0 0 0 0 0 0 0 0 0 0 0 115.22198486328125 115.22198486328125 115.22198486328125 115.22198486328125 115.04744720458984375 115.04744720458984375 115.04744720458984375 172.5455322265625 172.5455322265625 172.5455322265625 163.5767364501953125 163.5767364501953125 163.5767364501953125 163.5767364501953125 105.19077301025390625 105.19077301025390625 105.19077301025390625 108.26625823974609375 108.26625823974609375 108.26625823974609375 176.95660400390625 176.95660400390625 176.95660400390625 176.95660400390625 390.112335205078125 390.112335205078125 390.112335205078125 333.11578369140625 333.11578369140625 333.11578369140625 355.39691162109375 355.39691162109375 355.39691162109375 355.39691162109375 385.4801025390625 385.4801025390625 385.4801025390625 606.545654296875 606.545654296875 606.545654296875 222.7955322265625
0 0 0 0 0 0 0 0 0 0 0 0 0 0 0 0 0 0 0 0 160.5297698974609375 160.5297698974609375 160.5297698974609375 160.5297698974609375 122.16021728515625 122.16021728515625 122.16021728515625 124.42174530029296875 124.42174530029296875 124.42174530029296875 124.403228759765625 124.403228759765625 124.403228759765625 124.403228759765625 108.46405792236328125 108.46405792236328125 108.46405792236328125 108.91669464111328125 108.91669464111328125 108.91669464111328125 116.5574951171875 116.5574951171875 116.5574951171875 116.5574951171875 166.9317474365234375 166.9317474365234375 166.9317474365234375 257.323394775390625 257.323394775390625 257.323394775390625 237.84674072265625 237.84674072265625 237.84674072265625 237.84674072265625 273.062713623046875 273.062713623046875 273.062713623046875 568.4112548828125 568.4112548828125 568.4112548828125 530.85003662109375
0 0 0 0 0 0 0 0 0 0 0 0 0 0 0 0 0 0 0 0 160.5297698974609375 160.5297698974609375 160.5297698974609375 160.5297698974609375 122.16021728515625 122.16021728515625 122.16021728515625 124.42174530029296875 124.42174530029296875 124.42174530029296875 124.403228759765625 124.403228759765625 124.403228759765625 124.403228759765625 108.46405792236328125 108.46405792236328125 108.46405792236328125 108.91669464111328125 108.91669464111328125 108.91669464111328125 116.5574951171875 116.5574951171875 116.5574951171875 116.5574951171875 166.9317474365234375 166.9317474365234375 166.9317474365234375 257.323394775390625 257.323394775390625 257.323394775390625 237.84674072265625 237.84674072265625 237.84674072265625 237.84674072265625 273.062713623046875 273.062713623046875 273.062713623046875 568.4112548828125 568.4112548828125 568.4112548828125 530.85003662109375
0 0 0 0 0 0 0 0 0 0 0 0 0 0 0 0 0 0 0 0 160.5297698974609375 160.5297698974609375 160.5297698974609375 160.5297698974609375 122.16021728515625 122.16021728515625 122.16021728515625 124.42174530029296875 124.42174530029296875 124.42174530029296875 124.403228759765625 124.403228759765625 124.403228759765625 124.403228759765625 108.46405792236328125 108.46405792236328125 108.46405792236328125 108.91669464111328125 108.91669464111328125 108.91669464111328125 116.5574951171875 116.5574951171875 116.5574951171875 116.5574951171875 166.9317474365234375 166.9317474365234375 166.9317474365234375 257.323394775390625 257.323394775390625 257.323394775390625 237.84674072265625 237.84674072265625 237.84674072265625 237.84674072265625 273.062713623046875 273.062713623046875 273.062713623046875 568.4112548828125 568.4112548828125 568.4112548828125 530.85003662109375
0 0 0 0 0 0 0 0 0 0 0 0 0 0 0 0 0 0 0 0 160.5297698974609375 160.5297698974609375 160.5297698974609375 160.5297698974609375 122.16021728515625 122.16021728515625 122.16021728515625 124.42174530029296875 124.42174530029296875 124.42174530029296875 124.403228759765625 124.403228759765625 124.403228759765625 124.403228759765625 108.46405792236328125 108.46405792236328125 108.46405792236328125 108.91669464111328125 108.91669464111328125 108.91669464111328125 116.5574951171875 116.5574951171875 116.5574951171875 116.5574951171875 166.9317474365234375 166.9317474365234375 166.9317474365234375 257.323394775390625 257.323394775390625 257.323394775390625 237.84674072265625 237.84674072265625 237.84674072265625 237.84674072265625 273.062713623046875 273.062713623046875 273.062713623046875 568.4112548828125 568.4112548828125 568.4112548828125 530.85003662109375
