Big_Beef/DataInputs30m/o_10_ChemistryPools/SOLUS_HumusN/layer3_humusN_gm2_BigBeef.asc
ncols        345
nrows        426
xllcorner    508562.338426187926
yllcorner    5265656.272683421150
cellsize     30.000000000000
NODATA_value -9999
[rows 336 to 363 of 426, columns 0 to 62 of 345]
0 0 0 0 0 0 0 0 0 0 0 0 0 0 0 0 0 0 0 0 0 0 0 0 100.616851806640625 100.616851806640625 100.616851806640625 105.963897705078125 105.963897705078125 105.963897705078125 126.396728515625 126.396728515625 126.396728515625 126.396728515625 175.294464111328125 175.294464111328125 175.294464111328125 110.45766448974609375 110.45766448974609375 110.45766448974609375 159.8292236328125 159.8292236328125 159.8292236328125 159.8292236328125 338.838592529296875 338.838592529296875 338.838592529296875 136.9920654296875 136.9920654296875 136.9920654296875 137.918792724609375 137.918792724609375 137.918792724609375 137.918792724609375 113.97667694091796875 113.97667694091796875 113.97667694091796875 328.978271484375 328.978271484375 328.978271484375 105.68410491943359375 105.68410491943359375 105.68410491943359375
0 0 0 0 0 0 0 0 0 0 0 0 0 0 0 0 0 0 0 0 0 0 0 0 100.616851806640625 100.616851806640625 100.616851806640625 105.963897705078125 105.963897705078125 105.963897705078125 126.396728515625 126.396728515625 126.396728515625 126.396728515625 175.294464111328125 175.294464111328125 175.294464111328125 110.45766448974609375 110.45766448974609375 110.45766448974609375 159.8292236328125 159.8292236328125 159.8292236328125 159.8292236328125 338.838592529296875 338.838592529296875 338.838592529296875 136.9920654296875 136.9920654296875 136.9920654296875 137.918792724609375 137.918792724609375 137.918792724609375 137.918792724609375 113.97667694091796875 113.97667694091796875 113.97667694091796875 328.978271484375 328.978271484375 328.978271484375 105.68410491943359375 105.68410491943359375 105.68410491943359375
0 0 0 0 0 0 0 0 0 0 0 0 0 0 0 0 0 0 0 0 0 0 0 0 92.806671142578125 92.806671142578125 92.806671142578125 148.0115203857421875 148.0115203857421875 148.0115203857421875 95.55687713623046875 95.55687713623046875 95.55687713623046875 95.55687713623046875 129.144073486328125 129.144073486328125 129.144073486328125 141.7497100830078125 141.7497100830078125 141.7497100830078125 128.59686279296875 128.59686279296875 128.59686279296875 128.59686279296875 295.355133056640625 295.355133056640625 295.355133056640625 191.5660400390625 191.5660400390625 191.5660400390625 160.92828369140625 160.92828369140625 160.92828369140625 160.92828369140625 272.327178955078125 272.327178955078125 272.327178955078125 193.8521270751953125 193.8521270751953125 193.8521270751953125 107.35240936279296875 107.35240936279296875 107.35240936279296875
0 0 0 0 0 0 0 0 0 0 0 0 0 0 0 0 0 0 0 0 0 0 0 0 92.806671142578125 92.806671142578125 92.806671142578125 148.0115203857421875 148.0115203857421875 148.0115203857421875 95.55687713623046875 95.55687713623046875 95.55687713623046875 95.55687713623046875 129.144073486328125 129.144073486328125 129.144073486328125 141.7497100830078125 141.7497100830078125 141.7497100830078125 128.59686279296875 128.59686279296875 128.59686279296875 128.59686279296875 295.355133056640625 295.355133056640625 295.355133056640625 191.5660400390625 191.5660400390625 191.5660400390625 160.92828369140625 160.92828369140625 160.92828369140625 160.92828369140625 272.327178955078125 272.327178955078125 272.327178955078125 193.8521270751953125 193.8521270751953125 193.8521270751953125 107.35240936279296875 107.35240936279296875 107.35240936279296875
0 0 0 0 0 0 0 0 0 0 0 0 0 0 0 0 0 0 0 0 0 0 0 0 92.806671142578125 92.806671142578125 92.806671142578125 148.0115203857421875 148.0115203857421875 148.0115203857421875 95.55687713623046875 95.55687713623046875 95.55687713623046875 95.55687713623046875 129.144073486328125 129.144073486328125 129.144073486328125 141.7497100830078125 141.7497100830078125 141.7497100830078125 128.59686279296875 128.59686279296875 128.59686279296875 128.59686279296875 295.355133056640625 295.355133056640625 295.355133056640625 191.5660400390625 191.5660400390625 191.5660400390625 160.92828369140625 160.92828369140625 160.92828369140625 160.92828369140625 272.327178955078125 272.327178955078125 272.327178955078125 193.8521270751953125 193.8521270751953125 193.8521270751953125 107.35240936279296875 107.35240936279296875 107.35240936279296875
0 0 0 0 0 0 0 0 0 0 0 0 0 0 0 0 0 0 0 0 97.436614990234375 97.436614990234375 97.436614990234375 97.436614990234375 109.29715728759765625 109.29715728759765625 109.29715728759765625 132.12957763671875 132.12957763671875 132.12957763671875 132.98345947265625 132.98345947265625 132.98345947265625 132.98345947265625 90.335418701171875 90.335418701171875 90.335418701171875 147.3918609619140625 147.3918609619140625 147.3918609619140625 134.20697021484375 134.20697021484375 134.20697021484375 134.20697021484375 230.571990966796875 230.571990966796875 230.571990966796875 232.5487823486328125 232.5487823486328125 232.5487823486328125 169.1844940185546875 169.1844940185546875 169.1844940185546875 169.1844940185546875 418.784149169921875 418.784149169921875 418.784149169921875 464.682769775390625 464.682769775390625 464.682769775390625 137.28253173828125 137.28253173828125 137.28253173828125
0 0 0 0 0 0 0 0 0 0 0 0 0 0 0 0 0 0 0 0 97.436614990234375 97.436614990234375 97.436614990234375 97.436614990234375 109.29715728759765625 109.29715728759765625 109.29715728759765625 132.12957763671875 132.12957763671875 132.12957763671875 132.98345947265625 132.98345947265625 132.98345947265625 132.98345947265625 90.335418701171875 90.335418701171875 90.335418701171875 147.3918609619140625 147.3918609619140625 147.3918609619140625 134.20697021484375 134.20697021484375 134.20697021484375 134.20697021484375 230.571990966796875 230.571990966796875 230.571990966796875 232.5487823486328125 232.5487823486328125 232.5487823486328125 169.1844940185546875 169.1844940185546875 169.1844940185546875 169.1844940185546875 418.784149169921875 418.784149169921875 418.784149169921875 464.682769775390625 464.682769775390625 464.682769775390625 137.28253173828125 137.28253173828125 137.28253173828125
0 0 0 0 0 0 0 0 0 0 0 0 0 0 0 0 0 0 0 0 97.436614990234375 97.436614990234375 97.436614990234375 97.436614990234375 109.29715728759765625 109.29715728759765625 109.29715728759765625 132.12957763671875 132.12957763671875 132.12957763671875 132.98345947265625 132.98345947265625 132.98345947265625 132.98345947265625 90.335418701171875 90.335418701171875 90.335418701171875 147.3918609619140625 147.3918609619140625 147.3918609619140625 134.20697021484375 134.20697021484375 134.20697021484375 134.20697021484375 230.571990966796875 230.571990966796875 230.571990966796875 232.5487823486328125 232.5487823486328125 232.5487823486328125 169.1844940185546875 169.1844940185546875 169.1844940185546875 169.1844940185546875 418.784149169921875 418.784149169921875 418.784149169921875 464.682769775390625 464.682769775390625 464.682769775390625 137.28253173828125 137.28253173828125 137.28253173828125
0 0 0 0 0 0 0 0 0 0 0 0 0 0 0 0 0 0 0 0 102.32068634033203125 102.32068634033203125 102.32068634033203125 102.32068634033203125 100.367950439453125 100.367950439453125 100.367950439453125 130.6329345703125 130.6329345703125 130.6329345703125 133.37152099609375 133.37152099609375 133.37152099609375 133.37152099609375 89.23555755615234375 89.23555755615234375 89.23555755615234375 97.93865966796875 97.93865966796875 97.93865966796875 150.6011962890625 150.6011962890625 150.6011962890625 150.6011962890625 304.39166259765625 304.39166259765625 304.39166259765625 242.6761016845703125 242.6761016845703125 242.6761016845703125 203.8746337890625 203.8746337890625 203.8746337890625 203.8746337890625 395.486724853515625 395.486724853515625 395.486724853515625 485.253570556640625 485.253570556640625 485.253570556640625 153.1212005615234375 153.1212005615234375 153.1212005615234375
0 0 0 0 0 0 0 0 0 0 0 0 0 0 0 0 0 0 0 0 102.32068634033203125 102.32068634033203125 102.32068634033203125 102.32068634033203125 100.367950439453125 100.367950439453125 100.367950439453125 130.6329345703125 130.6329345703125 130.6329345703125 133.37152099609375 133.37152099609375 133.37152099609375 133.37152099609375 89.23555755615234375 89.23555755615234375 89.23555755615234375 97.93865966796875 97.93865966796875 97.93865966796875 150.6011962890625 150.6011962890625 150.6011962890625 150.6011962890625 304.39166259765625 304.39166259765625 304.39166259765625 242.6761016845703125 242.6761016845703125 242.6761016845703125 203.8746337890625 203.8746337890625 203.8746337890625 203.8746337890625 395.486724853515625 395.486724853515625 395.486724853515625 485.253570556640625 485.253570556640625 485.253570556640625 153.1212005615234375 153.1212005615234375 153.1212005615234375
0 0 0 0 0 0 0 0 0 0 0 0 0 0 0 0 0 0 0 0 102.32068634033203125 102.32068634033203125 102.32068634033203125 102.32068634033203125 100.367950439453125 100.367950439453125 100.367950439453125 130.6329345703125 130.6329345703125 130.6329345703125 133.37152099609375 133.37152099609375 133.37152099609375 133.37152099609375 89.23555755615234375 89.23555755615234375 89.23555755615234375 97.93865966796875 97.93865966796875 97.93865966796875 150.6011962890625 150.6011962890625 150.6011962890625 150.6011962890625 304.39166259765625 304.39166259765625 304.39166259765625 242.6761016845703125 242.6761016845703125 242.6761016845703125 203.8746337890625 203.8746337890625 203.8746337890625 203.8746337890625 395.486724853515625 395.486724853515625 395.486724853515625 485.253570556640625 485.253570556640625 485.253570556640625 153.1212005615234375 153.1212005615234375 153.1212005615234375
0 0 0 0 0 0 0 0 0 0 0 0 0 0 0 0 0 0 0 0 147.9645843505859375 147.9645843505859375 147.9645843505859375 147.9645843505859375 92.76755523681640625 92.76755523681640625 92.76755523681640625 98.735382080078125 98.735382080078125 98.735382080078125 97.15135955810546875 97.15135955810546875 97.15135955810546875 97.15135955810546875 85.51483917236328125 85.51483917236328125 85.51483917236328125 84.87932586669921875 84.87932586669921875 84.87932586669921875 95.63425445556640625 95.63425445556640625 95.63425445556640625 95.63425445556640625 124.68881988525390625 124.68881988525390625 124.68881988525390625 172.821044921875 172.821044921875 172.821044921875 156.446258544921875 156.446258544921875 156.446258544921875 156.446258544921875 234.8952789306640625 234.8952789306640625 234.8952789306640625 447.657806396484375 447.657806396484375 447.657806396484375 336.924163818359375 336.924163818359375 336.924163818359375
0 0 0 0 0 0 0 0 0 0 0 0 0 0 0 0 0 0 0 0 147.9645843505859375 147.9645843505859375 147.9645843505859375 147.9645843505859375 92.76755523681640625 92.76755523681640625 92.76755523681640625 98.735382080078125 98.735382080078125 98.735382080078125 97.15135955810546875 97.15135955810546875 97.15135955810546875 97.15135955810546875 85.51483917236328125 85.51483917236328125 85.51483917236328125 84.87932586669921875 84.87932586669921875 84.87932586669921875 95.63425445556640625 95.63425445556640625 95.63425445556640625 95.63425445556640625 124.68881988525390625 124.68881988525390625 124.68881988525390625 172.821044921875 172.821044921875 172.821044921875 156.446258544921875 156.446258544921875 156.446258544921875 156.446258544921875 234.8952789306640625 234.8952789306640625 234.8952789306640625 447.657806396484375 447.657806396484375 447.657806396484375 336.924163818359375 336.924163818359375 336.924163818359375
0 0 0 0 0 0 0 0 0 0 0 0 0 0 0 0 0 0 0 0 147.9645843505859375 147.9645843505859375 147.9645843505859375 147.9645843505859375 92.76755523681640625 92.76755523681640625 92.76755523681640625 98.735382080078125 98.735382080078125 98.735382080078125 97.15135955810546875 97.15135955810546875 97.15135955810546875 97.15135955810546875 85.51483917236328125 85.51483917236328125 85.51483917236328125 84.87932586669921875 84.87932586669921875 84.87932586669921875 95.63425445556640625 95.63425445556640625 95.63425445556640625 95.63425445556640625 124.68881988525390625 124.68881988525390625 124.68881988525390625 172.821044921875 172.821044921875 172.821044921875 156.446258544921875 156.446258544921875 156.446258544921875 156.446258544921875 234.8952789306640625 234.8952789306640625 234.8952789306640625 447.657806396484375 447.657806396484375 447.657806396484375 336.924163818359375 336.924163818359375 336.924163818359375
0 0 0 0 0 0 0 0 0 0 0 0 0 0 0 0 0 0 0 0 147.9645843505859375 147.9645843505859375 147.9645843505859375 147.9645843505859375 92.76755523681640625 92.76755523681640625 92.76755523681640625 98.735382080078125 98.735382080078125 98.735382080078125 97.15135955810546875 97.15135955810546875 97.15135955810546875 97.15135955810546875 85.51483917236328125 85.51483917236328125 85.51483917236328125 84.87932586669921875 84.87932586669921875 84.87932586669921875 95.63425445556640625 95.63425445556640625 95.63425445556640625 95.63425445556640625 124.68881988525390625 124.68881988525390625 124.68881988525390625 172.821044921875 172.821044921875 172.821044921875 156.446258544921875 156.446258544921875 156.446258544921875 156.446258544921875 234.8952789306640625 234.8952789306640625 234.8952789306640625 447.657806396484375 447.657806396484375 447.657806396484375 336.924163818359375 336.924163818359375 336.924163818359375
0 0 0 0 0 0 0 0 0 0 0 0 0 0 0 0 0 0 0 0 105.84722900390625 105.84722900390625 105.84722900390625 105.84722900390625 101.44623565673828125 101.44623565673828125 101.44623565673828125 149.4587860107421875 149.4587860107421875 149.4587860107421875 140.689453125 140.689453125 140.689453125 140.689453125 93.90982818603515625 93.90982818603515625 93.90982818603515625 92.44599151611328125 92.44599151611328125 92.44599151611328125 139.7717742919921875 139.7717742919921875 139.7717742919921875 139.7717742919921875 139.1140289306640625 139.1140289306640625 139.1140289306640625 373.880096435546875 373.880096435546875 373.880096435546875 349.5748291015625 349.5748291015625 349.5748291015625 349.5748291015625 135.961029052734375 135.961029052734375 135.961029052734375 335.181915283203125 335.181915283203125 335.181915283203125 309.389251708984375 309.389251708984375 309.389251708984375
0 0 0 0 0 0 0 0 0 0 0 0 0 0 0 0 0 0 0 0 105.84722900390625 105.84722900390625 105.84722900390625 105.84722900390625 101.44623565673828125 101.44623565673828125 101.44623565673828125 149.4587860107421875 149.4587860107421875 149.4587860107421875 140.689453125 140.689453125 140.689453125 140.689453125 93.90982818603515625 93.90982818603515625 93.90982818603515625 92.44599151611328125 92.44599151611328125 92.44599151611328125 139.7717742919921875 139.7717742919921875 139.7717742919921875 139.7717742919921875 139.1140289306640625 139.1140289306640625 139.1140289306640625 373.880096435546875 373.880096435546875 373.880096435546875 349.5748291015625 349.5748291015625 349.5748291015625 349.5748291015625 135.961029052734375 135.961029052734375 135.961029052734375 335.181915283203125 335.181915283203125 335.181915283203125 309.389251708984375 309.389251708984375 309.389251708984375
0 0 0 0 0 0 0 0 0 0 0 0 0 0 0 0 0 0 0 0 105.84722900390625 105.84722900390625 105.84722900390625 105.84722900390625 101.44623565673828125 101.44623565673828125 101.44623565673828125 149.4587860107421875 149.4587860107421875 149.4587860107421875 140.689453125 140.689453125 140.689453125 140.689453125 93.90982818603515625 93.90982818603515625 93.90982818603515625 92.44599151611328125 92.44599151611328125 92.44599151611328125 139.7717742919921875 139.7717742919921875 139.7717742919921875 139.7717742919921875 139.1140289306640625 139.1140289306640625 139.1140289306640625 373.880096435546875 373.880096435546875 373.880096435546875 349.5748291015625 349.5748291015625 349.5748291015625 349.5748291015625 135.961029052734375 135.961029052734375 135.961029052734375 335.181915283203125 335.181915283203125 335.181915283203125 309.389251708984375 309.389251708984375 309.389251708984375
0 0 0 0 0 0 0 0 0 0 0 0 0 0 0 0 0 0 0 0 0 0 0 0 151.5823974609375 151.5823974609375 151.5823974609375 139.86773681640625 139.86773681640625 139.86773681640625 100.18662261962890625 100.18662261962890625 100.18662261962890625 100.18662261962890625 94.51995849609375 94.51995849609375 94.51995849609375 137.09686279296875 137.09686279296875 137.09686279296875 147.0522308349609375 147.0522308349609375 147.0522308349609375 147.0522308349609375 129.4902801513671875 129.4902801513671875 129.4902801513671875 403.514434814453125 403.514434814453125 403.514434814453125 401.989410400390625 401.989410400390625 401.989410400390625 401.989410400390625 199.551666259765625 199.551666259765625 199.551666259765625 272.45947265625 272.45947265625 272.45947265625 122.107208251953125 122.107208251953125 122.107208251953125
0 0 0 0 0 0 0 0 0 0 0 0 0 0 0 0 0 0 0 0 0 0 0 0 151.5823974609375 151.5823974609375 151.5823974609375 139.86773681640625 139.86773681640625 139.86773681640625 100.18662261962890625 100.18662261962890625 100.18662261962890625 100.18662261962890625 94.51995849609375 94.51995849609375 94.51995849609375 137.09686279296875 137.09686279296875 137.09686279296875 147.0522308349609375 147.0522308349609375 147.0522308349609375 147.0522308349609375 129.4902801513671875 129.4902801513671875 129.4902801513671875 403.514434814453125 403.514434814453125 403.514434814453125 401.989410400390625 401.989410400390625 401.989410400390625 401.989410400390625 199.551666259765625 199.551666259765625 199.551666259765625 272.45947265625 272.45947265625 272.45947265625 122.107208251953125 122.107208251953125 122.107208251953125
0 0 0 0 0 0 0 0 0 0 0 0 0 0 0 0 0 0 0 0 0 0 0 0 151.5823974609375 151.5823974609375 151.5823974609375 139.86773681640625 139.86773681640625 139.86773681640625 100.18662261962890625 100.18662261962890625 100.18662261962890625 100.18662261962890625 94.51995849609375 94.51995849609375 94.51995849609375 137.09686279296875 137.09686279296875 137.09686279296875 147.0522308349609375 147.0522308349609375 147.0522308349609375 147.0522308349609375 129.4902801513671875 129.4902801513671875 129.4902801513671875 403.514434814453125 403.514434814453125 403.514434814453125 401.989410400390625 401.989410400390625 401.989410400390625 401.989410400390625 199.551666259765625 199.551666259765625 199.551666259765625 272.45947265625 272.45947265625 272.45947265625 122.107208251953125 122.107208251953125 122.107208251953125
0 0 0 0 0 0 0 0 0 0 0 0 0 0 0 0 0 0 0 0 0 0 0 0 0 0 0 142.0468292236328125 142.0468292236328125 142.0468292236328125 92.38082122802734375 92.38082122802734375 92.38082122802734375 92.38082122802734375 88.25518798828125 88.25518798828125 88.25518798828125 145.2110595703125 145.2110595703125 145.2110595703125 99.00067138671875 99.00067138671875 99.00067138671875 99.00067138671875 154.20361328125 154.20361328125 154.20361328125 417.1044921875 417.1044921875 417.1044921875 467.942962646484375 467.942962646484375 467.942962646484375 467.942962646484375 328.68096923828125 328.68096923828125 328.68096923828125 271.582122802734375 271.582122802734375 271.582122802734375 117.10045623779296875 117.10045623779296875 117.10045623779296875
0 0 0 0 0 0 0 0 0 0 0 0 0 0 0 0 0 0 0 0 0 0 0 0 0 0 0 142.0468292236328125 142.0468292236328125 142.0468292236328125 92.38082122802734375 92.38082122802734375 92.38082122802734375 92.38082122802734375 88.25518798828125 88.25518798828125 88.25518798828125 145.2110595703125 145.2110595703125 145.2110595703125 99.00067138671875 99.00067138671875 99.00067138671875 99.00067138671875 154.20361328125 154.20361328125 154.20361328125 417.1044921875 417.1044921875 417.1044921875 467.942962646484375 467.942962646484375 467.942962646484375 467.942962646484375 328.68096923828125 328.68096923828125 328.68096923828125 271.582122802734375 271.582122802734375 271.582122802734375 117.10045623779296875 117.10045623779296875 117.10045623779296875
0 0 0 0 0 0 0 0 0 0 0 0 0 0 0 0 0 0 0 0 0 0 0 0 0 0 0 142.0468292236328125 142.0468292236328125 142.0468292236328125 92.38082122802734375 92.38082122802734375 92.38082122802734375 92.38082122802734375 88.25518798828125 88.25518798828125 88.25518798828125 145.2110595703125 145.2110595703125 145.2110595703125 99.00067138671875 99.00067138671875 99.00067138671875 99.00067138671875 154.20361328125 154.20361328125 154.20361328125 417.1044921875 417.1044921875 417.1044921875 467.942962646484375 467.942962646484375 467.942962646484375 467.942962646484375 328.68096923828125 328.68096923828125 328.68096923828125 271.582122802734375 271.582122802734375 271.582122802734375 117.10045623779296875 117.10045623779296875 117.10045623779296875
0 0 0 0 0 0 0 0 0 0 0 0 0 0 0 0 0 0 0 0 0 0 0 0 0 0 0 142.0468292236328125 142.0468292236328125 142.0468292236328125 92.38082122802734375 92.38082122802734375 92.38082122802734375 92.38082122802734375 88.25518798828125 88.25518798828125 88.25518798828125 145.2110595703125 145.2110595703125 145.2110595703125 99.00067138671875 99.00067138671875 99.00067138671875 99.00067138671875 154.20361328125 154.20361328125 154.20361328125 417.1044921875 417.1044921875 417.1044921875 467.942962646484375 467.942962646484375 467.942962646484375 467.942962646484375 328.68096923828125 328.68096923828125 328.68096923828125 271.582122802734375 271.582122802734375 271.582122802734375 117.10045623779296875 117.10045623779296875 117.10045623779296875
0 0 0 0 0 0 0 0 0 0 0 0 0 0 0 0 0 0 0 0 0 0 0 0 0 0 0 0 0 0 0 0 0 0 92.55042266845703125 92.55042266845703125 92.55042266845703125 91.379974365234375 91.379974365234375 91.379974365234375 107.28363037109375 107.28363037109375 107.28363037109375 107.28363037109375 160.0781707763671875 160.0781707763671875 160.0781707763671875 408.581878662109375 408.581878662109375 408.581878662109375 458.895904541015625 458.895904541015625 458.895904541015625 458.895904541015625 160.5629730224609375 160.5629730224609375 160.5629730224609375 282.698150634765625 282.698150634765625 282.698150634765625 158.49078369140625 158.49078369140625 158.49078369140625
0 0 0 0 0 0 0 0 0 0 0 0 0 0 0 0 0 0 0 0 0 0 0 0 0 0 0 0 0 0 0 0 0 0 92.55042266845703125 92.55042266845703125 92.55042266845703125 91.379974365234375 91.379974365234375 91.379974365234375 107.28363037109375 107.28363037109375 107.28363037109375 107.28363037109375 160.0781707763671875 160.0781707763671875 160.0781707763671875 408.581878662109375 408.581878662109375 408.581878662109375 458.895904541015625 458.895904541015625 458.895904541015625 458.895904541015625 160.5629730224609375 160.5629730224609375 160.5629730224609375 282.698150634765625 282.698150634765625 282.698150634765625 158.49078369140625 158.49078369140625 158.49078369140625
0 0 0 0 0 0 0 0 0 0 0 0 0 0 0 0 0 0 0 0 0 0 0 0 0 0 0 0 0 0 0 0 0 0 92.55042266845703125 92.55042266845703125 92.55042266845703125 91.379974365234375 91.379974365234375 91.379974365234375 107.28363037109375 107.28363037109375 107.28363037109375 107.28363037109375 160.0781707763671875 160.0781707763671875 160.0781707763671875 408.581878662109375 408.581878662109375 408.581878662109375 458.895904541015625 458.895904541015625 458.895904541015625 458.895904541015625 160.5629730224609375 160.5629730224609375 160.5629730224609375 282.698150634765625 282.698150634765625 282.698150634765625 158.49078369140625 158.49078369140625 158.49078369140625
