Big_Beef/DataInputs30m/o_10_ChemistryPools/SOLUS_HumusN/layer4_humusN_gm2_BigBeef.asc
ncols        345
nrows        426
xllcorner    508562.338426187926
yllcorner    5265656.272683421150
cellsize     30.000000000000
NODATA_value -9999
[rows 168 to 195 of 426, columns 248 to 309 of 345]
113.56012725830078125 118.950958251953125 118.950958251953125 118.950958251953125 118.950958251953125 74.59302520751953125 74.59302520751953125 74.59302520751953125 77.80014801025390625 77.80014801025390625 77.80014801025390625 77.77716064453125 77.77716064453125 77.77716064453125 77.77716064453125 80.562713623046875 80.562713623046875 80.562713623046875 88.75901031494140625 88.75901031494140625 88.75901031494140625 84.22907257080078125 84.22907257080078125 84.22907257080078125 84.22907257080078125 80.99433135986328125 80.99433135986328125 80.99433135986328125 92.42653656005859375 92.42653656005859375 92.42653656005859375 95.56618499755859375 95.56618499755859375 95.56618499755859375 95.56618499755859375 83.13361358642578125 83.13361358642578125 83.13361358642578125 176.7939453125 176.7939453125 176.7939453125 91.34441375732421875 91.34441375732421875 91.34441375732421875 87.904205322265625 87.904205322265625 87.904205322265625 87.904205322265625 110.859039306640625 110.859039306640625 110.859039306640625 0 0 0 0 0 0 0 0 0 0 0
113.56012725830078125 118.950958251953125 118.950958251953125 118.950958251953125 118.950958251953125 74.59302520751953125 74.59302520751953125 74.59302520751953125 77.80014801025390625 77.80014801025390625 77.80014801025390625 77.77716064453125 77.77716064453125 77.77716064453125 77.77716064453125 80.562713623046875 80.562713623046875 80.562713623046875 88.75901031494140625 88.75901031494140625 88.75901031494140625 84.22907257080078125 84.22907257080078125 84.22907257080078125 84.22907257080078125 80.99433135986328125 80.99433135986328125 80.99433135986328125 92.42653656005859375 92.42653656005859375 92.42653656005859375 95.56618499755859375 95.56618499755859375 95.56618499755859375 95.56618499755859375 83.13361358642578125 83.13361358642578125 83.13361358642578125 176.7939453125 176.7939453125 176.7939453125 91.34441375732421875 91.34441375732421875 91.34441375732421875 87.904205322265625 87.904205322265625 87.904205322265625 87.904205322265625 110.859039306640625 110.859039306640625 110.859039306640625 0 0 0 0 0 0 0 0 0 0 0
113.56012725830078125 118.950958251953125 118.950958251953125 118.950958251953125 118.950958251953125 74.59302520751953125 74.59302520751953125 74.59302520751953125 77.80014801025390625 77.80014801025390625 77.80014801025390625 77.77716064453125 77.77716064453125 77.77716064453125 77.77716064453125 80.562713623046875 80.562713623046875 80.562713623046875 88.75901031494140625 88.75901031494140625 88.75901031494140625 84.22907257080078125 84.22907257080078125 84.22907257080078125 84.22907257080078125 80.99433135986328125 80.99433135986328125 80.99433135986328125 92.42653656005859375 92.42653656005859375 92.42653656005859375 95.56618499755859375 95.56618499755859375 95.56618499755859375 95.56618499755859375 83.13361358642578125 83.13361358642578125 83.13361358642578125 176.7939453125 176.7939453125 176.7939453125 91.34441375732421875 91.34441375732421875 91.34441375732421875 87.904205322265625 87.904205322265625 87.904205322265625 87.904205322265625 110.859039306640625 110.859039306640625 110.859039306640625 0 0 0 0 0 0 0 0 0 0 0
113.56012725830078125 118.950958251953125 118.950958251953125 118.950958251953125 118.950958251953125 74.59302520751953125 74.59302520751953125 74.59302520751953125 77.80014801025390625 77.80014801025390625 77.80014801025390625 77.77716064453125 77.77716064453125 77.77716064453125 77.77716064453125 80.562713623046875 80.562713623046875 80.562713623046875 88.75901031494140625 88.75901031494140625 88.75901031494140625 84.22907257080078125 84.22907257080078125 84.22907257080078125 84.22907257080078125 80.99433135986328125 80.99433135986328125 80.99433135986328125 92.42653656005859375 92.42653656005859375 92.42653656005859375 95.56618499755859375 95.56618499755859375 95.56618499755859375 95.56618499755859375 83.13361358642578125 83.13361358642578125 83.13361358642578125 176.7939453125 176.7939453125 176.7939453125 91.34441375732421875 91.34441375732421875 91.34441375732421875 87.904205322265625 87.904205322265625 87.904205322265625 87.904205322265625 110.859039306640625 110.859039306640625 110.859039306640625 0 0 0 0 0 0 0 0 0 0 0
89.296173095703125 114.524932861328125 114.524932861328125 114.524932861328125 114.524932861328125 111.02352142333984375 111.02352142333984375 111.02352142333984375 104.75914764404296875 104.75914764404296875 104.75914764404296875 100.65822601318359375 100.65822601318359375 100.65822601318359375 100.65822601318359375 86.64049530029296875 86.64049530029296875 86.64049530029296875 82.31847381591796875 82.31847381591796875 82.31847381591796875 80.87265777587890625 80.87265777587890625 80.87265777587890625 80.87265777587890625 80.5678558349609375 80.5678558349609375 80.5678558349609375 90.27524566650390625 90.27524566650390625 90.27524566650390625 86.382080078125 86.382080078125 86.382080078125 86.382080078125 79.3104400634765625 79.3104400634765625 79.3104400634765625 81.51573944091796875 81.51573944091796875 81.51573944091796875 88.87017059326171875 88.87017059326171875 88.87017059326171875 88.81385040283203125 88.81385040283203125 88.81385040283203125 88.81385040283203125 0 0 0 0 0 0 0 0 0 0 0 0 0 0
89.296173095703125 114.524932861328125 114.524932861328125 114.524932861328125 114.524932861328125 111.02352142333984375 111.02352142333984375 111.02352142333984375 104.75914764404296875 104.75914764404296875 104.75914764404296875 100.65822601318359375 100.65822601318359375 100.65822601318359375 100.65822601318359375 86.64049530029296875 86.64049530029296875 86.64049530029296875 82.31847381591796875 82.31847381591796875 82.31847381591796875 80.87265777587890625 80.87265777587890625 80.87265777587890625 80.87265777587890625 80.5678558349609375 80.5678558349609375 80.5678558349609375 90.27524566650390625 90.27524566650390625 90.27524566650390625 86.382080078125 86.382080078125 86.382080078125 86.382080078125 79.3104400634765625 79.3104400634765625 79.3104400634765625 81.51573944091796875 81.51573944091796875 81.51573944091796875 88.87017059326171875 88.87017059326171875 88.87017059326171875 88.81385040283203125 88.81385040283203125 88.81385040283203125 88.81385040283203125 0 0 0 0 0 0 0 0 0 0 0 0 0 0
89.296173095703125 114.524932861328125 114.524932861328125 114.524932861328125 114.524932861328125 111.02352142333984375 111.02352142333984375 111.02352142333984375 104.75914764404296875 104.75914764404296875 104.75914764404296875 100.65822601318359375 100.65822601318359375 100.65822601318359375 100.65822601318359375 86.64049530029296875 86.64049530029296875 86.64049530029296875 82.31847381591796875 82.31847381591796875 82.31847381591796875 80.87265777587890625 80.87265777587890625 80.87265777587890625 80.87265777587890625 80.5678558349609375 80.5678558349609375 80.5678558349609375 90.27524566650390625 90.27524566650390625 90.27524566650390625 86.382080078125 86.382080078125 86.382080078125 86.382080078125 79.3104400634765625 79.3104400634765625 79.3104400634765625 81.51573944091796875 81.51573944091796875 81.51573944091796875 88.87017059326171875 88.87017059326171875 88.87017059326171875 88.81385040283203125 88.81385040283203125 88.81385040283203125 88.81385040283203125 0 0 0 0 0 0 0 0 0 0 0 0 0 0
77.48390960693359375 76.94910430908203125 76.94910430908203125 76.94910430908203125 76.94910430908203125 84.2492523193359375 84.2492523193359375 84.2492523193359375 87.85369873046875 87.85369873046875 87.85369873046875 81.04584503173828125 81.04584503173828125 81.04584503173828125 81.04584503173828125 73.21959686279296875 73.21959686279296875 73.21959686279296875 75.2474822998046875 75.2474822998046875 75.2474822998046875 119.159637451171875 119.159637451171875 119.159637451171875 119.159637451171875 76.34343719482421875 76.34343719482421875 76.34343719482421875 121.876251220703125 121.876251220703125 121.876251220703125 91.529693603515625 91.529693603515625 91.529693603515625 91.529693603515625 80.5641021728515625 80.5641021728515625 80.5641021728515625 84.1256103515625 84.1256103515625 84.1256103515625 111.143798828125 111.143798828125 111.143798828125 104.42132568359375 104.42132568359375 104.42132568359375 104.42132568359375 0 0 0 0 0 0 0 0 0 0 0 0 0 0
77.48390960693359375 76.94910430908203125 76.94910430908203125 76.94910430908203125 76.94910430908203125 84.2492523193359375 84.2492523193359375 84.2492523193359375 87.85369873046875 87.85369873046875 87.85369873046875 81.04584503173828125 81.04584503173828125 81.04584503173828125 81.04584503173828125 73.21959686279296875 73.21959686279296875 73.21959686279296875 75.2474822998046875 75.2474822998046875 75.2474822998046875 119.159637451171875 119.159637451171875 119.159637451171875 119.159637451171875 76.34343719482421875 76.34343719482421875 76.34343719482421875 121.876251220703125 121.876251220703125 121.876251220703125 91.529693603515625 91.529693603515625 91.529693603515625 91.529693603515625 80.5641021728515625 80.5641021728515625 80.5641021728515625 84.1256103515625 84.1256103515625 84.1256103515625 111.143798828125 111.143798828125 111.143798828125 104.42132568359375 104.42132568359375 104.42132568359375 104.42132568359375 0 0 0 0 0 0 0 0 0 0 0 0 0 0
77.48390960693359375 76.94910430908203125 76.94910430908203125 76.94910430908203125 76.94910430908203125 84.2492523193359375 84.2492523193359375 84.2492523193359375 87.85369873046875 87.85369873046875 87.85369873046875 81.04584503173828125 81.04584503173828125 81.04584503173828125 81.04584503173828125 73.21959686279296875 73.21959686279296875 73.21959686279296875 75.2474822998046875 75.2474822998046875 75.2474822998046875 119.159637451171875 119.159637451171875 119.159637451171875 119.159637451171875 76.34343719482421875 76.34343719482421875 76.34343719482421875 121.876251220703125 121.876251220703125 121.876251220703125 91.529693603515625 91.529693603515625 91.529693603515625 91.529693603515625 80.5641021728515625 80.5641021728515625 80.5641021728515625 84.1256103515625 84.1256103515625 84.1256103515625 111.143798828125 111.143798828125 111.143798828125 104.42132568359375 104.42132568359375 104.42132568359375 104.42132568359375 0 0 0 0 0 0 0 0 0 0 0 0 0 0
71.40029144287109375 73.40512847900390625 73.40512847900390625 73.40512847900390625 73.40512847900390625 77.02779388427734375 77.02779388427734375 77.02779388427734375 74.53878021240234375 74.53878021240234375 74.53878021240234375 74.16968536376953125 74.16968536376953125 74.16968536376953125 74.16968536376953125 66.31580352783203125 66.31580352783203125 66.31580352783203125 68.645965576171875 68.645965576171875 68.645965576171875 69.57183074951171875 69.57183074951171875 69.57183074951171875 69.57183074951171875 87.81157684326171875 87.81157684326171875 87.81157684326171875 75.474151611328125 75.474151611328125 75.474151611328125 117.74213409423828125 117.74213409423828125 117.74213409423828125 117.74213409423828125 78.17954254150390625 78.17954254150390625 78.17954254150390625 82.28710174560546875 82.28710174560546875 82.28710174560546875 79.95549774169921875 79.95549774169921875 79.95549774169921875 70.75112152099609375 70.75112152099609375 70.75112152099609375 70.75112152099609375 0 0 0 0 0 0 0 0 0 0 0 0 0 0
71.40029144287109375 73.40512847900390625 73.40512847900390625 73.40512847900390625 73.40512847900390625 77.02779388427734375 77.02779388427734375 77.02779388427734375 74.53878021240234375 74.53878021240234375 74.53878021240234375 74.16968536376953125 74.16968536376953125 74.16968536376953125 74.16968536376953125 66.31580352783203125 66.31580352783203125 66.31580352783203125 68.645965576171875 68.645965576171875 68.645965576171875 69.57183074951171875 69.57183074951171875 69.57183074951171875 69.57183074951171875 87.81157684326171875 87.81157684326171875 87.81157684326171875 75.474151611328125 75.474151611328125 75.474151611328125 117.74213409423828125 117.74213409423828125 117.74213409423828125 117.74213409423828125 78.17954254150390625 78.17954254150390625 78.17954254150390625 82.28710174560546875 82.28710174560546875 82.28710174560546875 79.95549774169921875 79.95549774169921875 79.95549774169921875 70.75112152099609375 70.75112152099609375 70.75112152099609375 70.75112152099609375 0 0 0 0 0 0 0 0 0 0 0 0 0 0
71.40029144287109375 73.40512847900390625 73.40512847900390625 73.40512847900390625 73.40512847900390625 77.02779388427734375 77.02779388427734375 77.02779388427734375 74.53878021240234375 74.53878021240234375 74.53878021240234375 74.16968536376953125 74.16968536376953125 74.16968536376953125 74.16968536376953125 66.31580352783203125 66.31580352783203125 66.31580352783203125 68.645965576171875 68.645965576171875 68.645965576171875 69.57183074951171875 69.57183074951171875 69.57183074951171875 69.57183074951171875 87.81157684326171875 87.81157684326171875 87.81157684326171875 75.474151611328125 75.474151611328125 75.474151611328125 117.74213409423828125 117.74213409423828125 117.74213409423828125 117.74213409423828125 78.17954254150390625 78.17954254150390625 78.17954254150390625 82.28710174560546875 82.28710174560546875 82.28710174560546875 79.95549774169921875 79.95549774169921875 79.95549774169921875 70.75112152099609375 70.75112152099609375 70.75112152099609375 70.75112152099609375 0 0 0 0 0 0 0 0 0 0 0 0 0 0
71.40029144287109375 73.40512847900390625 73.40512847900390625 73.40512847900390625 73.40512847900390625 77.02779388427734375 77.02779388427734375 77.02779388427734375 74.53878021240234375 74.53878021240234375 74.53878021240234375 74.16968536376953125 74.16968536376953125 74.16968536376953125 74.16968536376953125 66.31580352783203125 66.31580352783203125 66.31580352783203125 68.645965576171875 68.645965576171875 68.645965576171875 69.57183074951171875 69.57183074951171875 69.57183074951171875 69.57183074951171875 87.81157684326171875 87.81157684326171875 87.81157684326171875 75.474151611328125 75.474151611328125 75.474151611328125 117.74213409423828125 117.74213409423828125 117.74213409423828125 117.74213409423828125 78.17954254150390625 78.17954254150390625 78.17954254150390625 82.28710174560546875 82.28710174560546875 82.28710174560546875 79.95549774169921875 79.95549774169921875 79.95549774169921875 70.75112152099609375 70.75112152099609375 70.75112152099609375 70.75112152099609375 0 0 0 0 0 0 0 0 0 0 0 0 0 0
70.37813568115234375 68.98084259033203125 68.98084259033203125 68.98084259033203125 68.98084259033203125 70.21526336669921875 70.21526336669921875 70.21526336669921875 74.87345123291015625 74.87345123291015625 74.87345123291015625 73.23705291748046875 73.23705291748046875 73.23705291748046875 73.23705291748046875 64.42359161376953125 64.42359161376953125 64.42359161376953125 60.2578125 60.2578125 60.2578125 63.682025909423828125 63.682025909423828125 63.682025909423828125 63.682025909423828125 67.81104278564453125 67.81104278564453125 67.81104278564453125 67.85243988037109375 67.85243988037109375 67.85243988037109375 69.90242767333984375 69.90242767333984375 69.90242767333984375 69.90242767333984375 73.34026336669921875 73.34026336669921875 73.34026336669921875 71.51911163330078125 71.51911163330078125 71.51911163330078125 70.482879638671875 70.482879638671875 70.482879638671875 69.12636566162109375 69.12636566162109375 69.12636566162109375 69.12636566162109375 0 0 0 0 0 0 0 0 0 0 0 0 0 0
70.37813568115234375 68.98084259033203125 68.98084259033203125 68.98084259033203125 68.98084259033203125 70.21526336669921875 70.21526336669921875 70.21526336669921875 74.87345123291015625 74.87345123291015625 74.87345123291015625 73.23705291748046875 73.23705291748046875 73.23705291748046875 73.23705291748046875 64.42359161376953125 64.42359161376953125 64.42359161376953125 60.2578125 60.2578125 60.2578125 63.682025909423828125 63.682025909423828125 63.682025909423828125 63.682025909423828125 67.81104278564453125 67.81104278564453125 67.81104278564453125 67.85243988037109375 67.85243988037109375 67.85243988037109375 69.90242767333984375 69.90242767333984375 69.90242767333984375 69.90242767333984375 73.34026336669921875 73.34026336669921875 73.34026336669921875 71.51911163330078125 71.51911163330078125 71.51911163330078125 70.482879638671875 70.482879638671875 70.482879638671875 69.12636566162109375 69.12636566162109375 69.12636566162109375 69.12636566162109375 0 0 0 0 0 0 0 0 0 0 0 0 0 0
70.37813568115234375 68.98084259033203125 68.98084259033203125 68.98084259033203125 68.98084259033203125 70.21526336669921875 70.21526336669921875 70.21526336669921875 74.87345123291015625 74.87345123291015625 74.87345123291015625 73.23705291748046875 73.23705291748046875 73.23705291748046875 73.23705291748046875 64.42359161376953125 64.42359161376953125 64.42359161376953125 60.2578125 60.2578125 60.2578125 63.682025909423828125 63.682025909423828125 63.682025909423828125 63.682025909423828125 67.81104278564453125 67.81104278564453125 67.81104278564453125 67.85243988037109375 67.85243988037109375 67.85243988037109375 69.90242767333984375 69.90242767333984375 69.90242767333984375 69.90242767333984375 73.34026336669921875 73.34026336669921875 73.34026336669921875 71.51911163330078125 71.51911163330078125 71.51911163330078125 70.482879638671875 70.482879638671875 70.482879638671875 69.12636566162109375 69.12636566162109375 69.12636566162109375 69.12636566162109375 0 0 0 0 0 0 0 0 0 0 0 0 0 0
69.1424102783203125 69.60419464111328125 69.60419464111328125 69.60419464111328125 69.60419464111328125 69.36498260498046875 69.36498260498046875 69.36498260498046875 67.81424713134765625 67.81424713134765625 67.81424713134765625 65.6520843505859375 65.6520843505859375 65.6520843505859375 65.6520843505859375 56.786914825439453125 56.786914825439453125 56.786914825439453125 61.355243682861328125 61.355243682861328125 61.355243682861328125 0 0 0 0 0 0 0 0 0 0 0 0 0 0 0 0 0 62.729213714599609375 62.729213714599609375 62.729213714599609375 69.96376800537109375 69.96376800537109375 69.96376800537109375 0 0 0 0 0 0 0 0 0 0 0 0 0 0 0 0 0 0
69.1424102783203125 69.60419464111328125 69.60419464111328125 69.60419464111328125 69.60419464111328125 69.36498260498046875 69.36498260498046875 69.36498260498046875 67.81424713134765625 67.81424713134765625 67.81424713134765625 65.6520843505859375 65.6520843505859375 65.6520843505859375 65.6520843505859375 56.786914825439453125 56.786914825439453125 56.786914825439453125 61.355243682861328125 61.355243682861328125 61.355243682861328125 0 0 0 0 0 0 0 0 0 0 0 0 0 0 0 0 0 62.729213714599609375 62.729213714599609375 62.729213714599609375 69.96376800537109375 69.96376800537109375 69.96376800537109375 0 0 0 0 0 0 0 0 0 0 0 0 0 0 0 0 0 0
69.1424102783203125 69.60419464111328125 69.60419464111328125 69.60419464111328125 69.60419464111328125 69.36498260498046875 69.36498260498046875 69.36498260498046875 67.81424713134765625 67.81424713134765625 67.81424713134765625 65.6520843505859375 65.6520843505859375 65.6520843505859375 65.6520843505859375 56.786914825439453125 56.786914825439453125 56.786914825439453125 61.355243682861328125 61.355243682861328125 61.355243682861328125 0 0 0 0 0 0 0 0 0 0 0 0 0 0 0 0 0 62.729213714599609375 62.729213714599609375 62.729213714599609375 69.96376800537109375 69.96376800537109375 69.96376800537109375 0 0 0 0 0 0 0 0 0 0 0 0 0 0 0 0 0 0
68.88536834716796875 68.88237762451171875 68.88237762451171875 68.88237762451171875 68.88237762451171875 60.132415771484375 60.132415771484375 60.132415771484375 63.065471649169921875 63.065471649169921875 63.065471649169921875 0 0 0 0 60.276706695556640625 60.276706695556640625 60.276706695556640625 59.331607818603515625 59.331607818603515625 59.331607818603515625 0 0 0 0 0 0 0 0 0 0 0 0 0 0 0 0 0 0 0 0 0 0 0 0 0 0 0 0 0 0 0 0 0 0 0 0 0 0 0 0 0
68.88536834716796875 68.88237762451171875 68.88237762451171875 68.88237762451171875 68.88237762451171875 60.132415771484375 60.132415771484375 60.132415771484375 63.065471649169921875 63.065471649169921875 63.065471649169921875 0 0 0 0 60.276706695556640625 60.276706695556640625 60.276706695556640625 59.331607818603515625 59.331607818603515625 59.331607818603515625 0 0 0 0 0 0 0 0 0 0 0 0 0 0 0 0 0 0 0 0 0 0 0 0 0 0 0 0 0 0 0 0 0 0 0 0 0 0 0 0 0
68.88536834716796875 68.88237762451171875 68.88237762451171875 68.88237762451171875 68.88237762451171875 60.132415771484375 60.132415771484375 60.132415771484375 63.065471649169921875 63.065471649169921875 63.065471649169921875 0 0 0 0 60.276706695556640625 60.276706695556640625 60.276706695556640625 59.331607818603515625 59.331607818603515625 59.331607818603515625 0 0 0 0 0 0 0 0 0 0 0 0 0 0 0 0 0 0 0 0 0 0 0 0 0 0 0 0 0 0 0 0 0 0 0 0 0 0 0 0 0
68.88536834716796875 68.88237762451171875 68.88237762451171875 68.88237762451171875 68.88237762451171875 60.132415771484375 60.132415771484375 60.132415771484375 63.065471649169921875 63.065471649169921875 63.065471649169921875 0 0 0 0 60.276706695556640625 60.276706695556640625 60.276706695556640625 59.331607818603515625 59.331607818603515625 59.331607818603515625 0 0 0 0 0 0 0 0 0 0 0 0 0 0 0 0 0 0 0 0 0 0 0 0 0 0 0 0 0 0 0 0 0 0 0 0 0 0 0 0 0
69.3487396240234375 64.029327392578125 64.029327392578125 64.029327392578125 64.029327392578125 58.892032623291015625 58.892032623291015625 58.892032623291015625 57.613117218017578125 57.613117218017578125 57.613117218017578125 0 0 0 0 0 0 0 0 0 0 0 0 0 0 0 0 0 0 0 0 0 0 0 0 0 0 0 0 0 0 0 0 0 0 0 0 0 0 0 0 0 0 0 0 0 0 0 0 0 0 0
69.3487396240234375 64.029327392578125 64.029327392578125 64.029327392578125 64.029327392578125 58.892032623291015625 58.892032623291015625 58.892032623291015625 57.613117218017578125 57.613117218017578125 57.613117218017578125 0 0 0 0 0 0 0 0 0 0 0 0 0 0 0 0 0 0 0 0 0 0 0 0 0 0 0 0 0 0 0 0 0 0 0 0 0 0 0 0 0 0 0 0 0 0 0 0 0 0 0
69.3487396240234375 64.029327392578125 64.029327392578125 64.029327392578125 64.029327392578125 58.892032623291015625 58.892032623291015625 58.892032623291015625 57.613117218017578125 57.613117218017578125 57.613117218017578125 0 0 0 0 0 0 0 0 0 0 0 0 0 0 0 0 0 0 0 0 0 0 0 0 0 0 0 0 0 0 0 0 0 0 0 0 0 0 0 0 0 0 0 0 0 0 0 0 0 0 0
69.27341461181640625 92.00409698486328125 92.00409698486328125 92.00409698486328125 92.00409698486328125 73.4729766845703125 73.4729766845703125 73.4729766845703125 0 0 0 0 0 0 0 0 0 0 0 0 0 0 0 0 0 0 0 0 0 0 0 0 0 0 0 0 0 0 0 0 0 0 0 0 0 0 0 0 0 0 0 0 0 0 0 0 0 0 0 0 0 0
