Big_Beef/DataInputs30m/o_10_ChemistryPools/SOLUS_HumusN/layer2_humusN_gm2_BigBeef_reduced.asc
ncols        345
nrows        426
xllcorner    508562.338426187926
yllcorner    5265656.272683421150
cellsize     30.000000000000
NODATA_value -9999
[rows 135 to 161 of 426, columns 240 to 299 of 345]
234.509659 234.509659 234.509659 165.767258 165.767258 165.767258 155.478989 155.478989 155.478989 143.146133 57.258454 57.258454 143.146133 139.296921 139.296921 139.296921 137.417282 137.417282 54.966914 54.618598 54.618598 136.546494 136.546494 128.898438 128.898438 128.898438 56.546302 141.365753 141.365753 139.389099 139.389099 139.389099 139.389099 134.922440 134.922440 134.922440 130.693420 130.693420 130.693420 125.572929 125.572929 125.572929 125.572929 139.798813 139.798813 139.798813 133.276260 133.276260 133.276260 134.666595 134.666595 134.666595 140.298935 140.298935 140.298935 140.298935 134.990707 134.990707 134.990707 146.731644
234.509659 234.509659 234.509659 165.767258 165.767258 165.767258 155.478989 155.478989 155.478989 143.146133 143.146133 143.146133 143.146133 139.296921 139.296921 139.296921 137.417282 137.417282 137.417282 54.618598 136.546494 136.546494 136.546494 128.898438 128.898438 128.898438 56.546302 141.365753 141.365753 139.389099 139.389099 139.389099 139.389099 134.922440 134.922440 134.922440 130.693420 130.693420 130.693420 125.572929 125.572929 125.572929 125.572929 139.798813 139.798813 139.798813 133.276260 133.276260 133.276260 134.666595 134.666595 134.666595 140.298935 140.298935 140.298935 140.298935 134.990707 134.990707 134.990707 146.731644
234.509659 234.509659 234.509659 165.767258 165.767258 165.767258 155.478989 155.478989 155.478989 143.146133 143.146133 57.258454 143.146133 139.296921 139.296921 139.296921 137.417282 137.417282 137.417282 54.618598 136.546494 136.546494 54.618598 25.779688 38.669533 128.898438 141.365753 141.365753 42.409728 139.389099 139.389099 139.389099 139.389099 134.922440 134.922440 134.922440 130.693420 130.693420 130.693420 125.572929 125.572929 125.572929 125.572929 139.798813 139.798813 139.798813 133.276260 133.276260 133.276260 134.666595 134.666595 134.666595 140.298935 140.298935 140.298935 140.298935 134.990707 134.990707 134.990707 146.731644
359.778625 359.778625 359.778625 241.223923 241.223923 241.223923 169.530685 169.530685 169.530685 144.879074 144.879074 144.879074 144.879074 137.785919 137.785919 137.785919 143.313797 143.313797 143.313797 53.508265 133.770660 133.770660 133.770660 131.979752 131.979752 131.979752 56.633057 141.582642 141.582642 141.075027 141.075027 141.075027 141.075027 144.591263 144.591263 144.591263 142.876038 142.876038 142.876038 135.170059 135.170059 135.170059 135.170059 136.980484 136.980484 136.980484 147.803818 147.803818 147.803818 153.136337 153.136337 153.136337 139.342667 139.342667 139.342667 139.342667 137.001114 137.001114 137.001114 202.568375
359.778625 359.778625 359.778625 241.223923 241.223923 241.223923 169.530685 169.530685 169.530685 144.879074 144.879074 144.879074 144.879074 137.785919 137.785919 137.785919 143.313797 143.313797 143.313797 133.770660 133.770660 133.770660 133.770660 131.979752 131.979752 131.979752 141.582642 141.582642 141.582642 141.075027 141.075027 141.075027 141.075027 144.591263 144.591263 144.591263 142.876038 142.876038 142.876038 135.170059 135.170059 135.170059 135.170059 136.980484 136.980484 136.980484 147.803818 147.803818 147.803818 153.136337 153.136337 153.136337 139.342667 139.342667 139.342667 139.342667 137.001114 137.001114 137.001114 202.568375
359.778625 359.778625 359.778625 241.223923 241.223923 241.223923 169.530685 169.530685 169.530685 144.879074 144.879074 144.879074 144.879074 137.785919 137.785919 137.785919 143.313797 143.313797 143.313797 133.770660 133.770660 133.770660 133.770660 131.979752 131.979752 131.979752 141.582642 141.582642 141.582642 141.075027 141.075027 141.075027 141.075027 144.591263 144.591263 144.591263 142.876038 142.876038 142.876038 135.170059 135.170059 135.170059 135.170059 136.980484 136.980484 136.980484 147.803818 147.803818 147.803818 153.136337 153.136337 153.136337 139.342667 139.342667 139.342667 139.342667 137.001114 137.001114 137.001114 81.027351
359.778625 359.778625 359.778625 241.223923 241.223923 241.223923 169.530685 169.530685 169.530685 144.879074 144.879074 144.879074 144.879074 137.785919 55.114368 41.335777 143.313797 143.313797 143.313797 133.770660 133.770660 133.770660 133.770660 131.979752 131.979752 131.979752 141.582642 141.582642 141.582642 141.075027 141.075027 141.075027 141.075027 144.591263 144.591263 144.591263 142.876038 142.876038 142.876038 135.170059 135.170059 135.170059 135.170059 136.980484 136.980484 136.980484 147.803818 147.803818 147.803818 153.136337 153.136337 153.136337 139.342667 139.342667 139.342667 139.342667 137.001114 137.001114 54.800446 60.770515
276.323792 276.323792 276.323792 161.500931 161.500931 161.500931 159.887192 159.887192 159.887192 147.050751 147.050751 58.820301 147.050751 193.033279 193.033279 77.213313 51.633881 129.084702 129.084702 138.395935 138.395935 138.395935 138.395935 132.044189 132.044189 132.044189 137.287994 137.287994 137.287994 134.007065 134.007065 134.007065 134.007065 139.987320 139.987320 139.987320 169.247787 169.247787 169.247787 148.516495 148.516495 148.516495 148.516495 146.052063 146.052063 146.052063 146.186539 146.186539 146.186539 155.854858 155.854858 155.854858 146.181808 146.181808 146.181808 146.181808 145.961441 145.961441 58.384577 60.521546
276.323792 276.323792 276.323792 161.500931 64.600373 161.500931 159.887192 159.887192 159.887192 147.050751 147.050751 44.115227 58.820301 77.213313 193.033279 193.033279 129.084702 129.084702 129.084702 138.395935 138.395935 138.395935 138.395935 132.044189 132.044189 132.044189 137.287994 137.287994 137.287994 134.007065 134.007065 134.007065 134.007065 139.987320 139.987320 139.987320 169.247787 169.247787 169.247787 148.516495 148.516495 148.516495 148.516495 146.052063 146.052063 146.052063 146.186539 146.186539 146.186539 155.854858 155.854858 155.854858 146.181808 146.181808 146.181808 146.181808 145.961441 145.961441 145.961441 201.738480
276.323792 276.323792 276.323792 161.500931 161.500931 161.500931 159.887192 159.887192 63.954878 147.050751 147.050751 147.050751 147.050751 193.033279 193.033279 193.033279 129.084702 129.084702 129.084702 138.395935 138.395935 138.395935 138.395935 132.044189 132.044189 132.044189 137.287994 137.287994 137.287994 134.007065 134.007065 134.007065 134.007065 139.987320 139.987320 139.987320 169.247787 169.247787 169.247787 148.516495 148.516495 148.516495 148.516495 146.052063 146.052063 146.052063 146.186539 146.186539 146.186539 155.854858 155.854858 155.854858 146.181808 146.181808 146.181808 146.181808 145.961441 145.961441 145.961441 201.738480
407.051636 407.051636 407.051636 161.495834 161.495834 161.495834 158.271545 158.271545 63.308619 151.032684 151.032684 151.032684 45.309807 41.794983 139.316605 139.316605 130.888779 130.888779 130.888779 137.635544 137.635544 137.635544 137.635544 132.411209 132.411209 132.411209 138.862457 138.862457 138.862457 129.527939 129.527939 129.527939 129.527939 134.719727 134.719727 134.719727 164.681625 164.681625 164.681625 139.549911 139.549911 139.549911 139.549911 140.742020 140.742020 140.742020 145.966507 145.966507 145.966507 140.051224 140.051224 140.051224 156.434158 156.434158 156.434158 156.434158 149.036224 149.036224 59.614491 141.969986
407.051636 407.051636 407.051636 161.495834 161.495834 161.495834 158.271545 158.271545 63.308619 60.413075 151.032684 151.032684 151.032684 139.316605 139.316605 139.316605 130.888779 130.888779 130.888779 137.635544 137.635544 137.635544 137.635544 132.411209 132.411209 132.411209 138.862457 138.862457 138.862457 129.527939 129.527939 129.527939 129.527939 134.719727 134.719727 134.719727 164.681625 164.681625 164.681625 139.549911 139.549911 139.549911 139.549911 140.742020 140.742020 140.742020 145.966507 145.966507 145.966507 140.051224 140.051224 140.051224 156.434158 156.434158 156.434158 156.434158 149.036224 149.036224 149.036224 141.969986
407.051636 407.051636 407.051636 161.495834 161.495834 161.495834 158.271545 158.271545 63.308619 151.032684 151.032684 151.032684 60.413075 139.316605 139.316605 139.316605 130.888779 130.888779 130.888779 137.635544 137.635544 137.635544 137.635544 132.411209 132.411209 132.411209 138.862457 138.862457 138.862457 129.527939 129.527939 129.527939 129.527939 134.719727 134.719727 134.719727 164.681625 164.681625 164.681625 139.549911 139.549911 139.549911 139.549911 140.742020 140.742020 140.742020 145.966507 145.966507 145.966507 140.051224 140.051224 140.051224 156.434158 156.434158 156.434158 156.434158 149.036224 149.036224 149.036224 141.969986
265.699371 265.699371 265.699371 151.550705 60.620283 151.550705 59.835436 199.451447 79.780580 193.869797 193.869797 193.869797 193.869797 192.054886 192.054886 76.821955 178.921051 178.921051 178.921051 126.596687 126.596687 126.596687 126.596687 128.049698 128.049698 128.049698 132.754700 132.754700 132.754700 134.583221 134.583221 134.583221 134.583221 141.602264 141.602264 42.480681 154.187714 46.256316 154.187714 142.674103 142.674103 142.674103 142.674103 135.182297 135.182297 135.182297 140.374084 140.374084 140.374084 147.566208 147.566208 147.566208 180.706604 180.706604 180.706604 180.706604 146.753555 146.753555 146.753555 150.444809
265.699371 265.699371 265.699371 151.550705 60.620283 45.465213 59.835436 79.780580 79.780580 77.547920 77.547920 193.869797 77.547920 76.821955 76.821955 192.054886 71.568421 71.568421 178.921051 126.596687 126.596687 126.596687 126.596687 128.049698 128.049698 128.049698 132.754700 132.754700 132.754700 134.583221 134.583221 134.583221 134.583221 141.602264 141.602264 56.640907 154.187714 154.187714 154.187714 142.674103 142.674103 142.674103 142.674103 135.182297 135.182297 135.182297 140.374084 140.374084 140.374084 147.566208 147.566208 147.566208 180.706604 180.706604 180.706604 180.706604 146.753555 146.753555 146.753555 150.444809
265.699371 265.699371 265.699371 151.550705 151.550705 60.620283 59.835436 59.835436 79.780580 193.869797 77.547920 77.547920 77.547920 192.054886 192.054886 192.054886 71.568421 71.568421 178.921051 126.596687 126.596687 126.596687 126.596687 128.049698 128.049698 128.049698 132.754700 132.754700 132.754700 134.583221 134.583221 134.583221 134.583221 141.602264 141.602264 56.640907 154.187714 154.187714 154.187714 142.674103 142.674103 142.674103 142.674103 135.182297 135.182297 135.182297 140.374084 140.374084 140.374084 147.566208 147.566208 147.566208 180.706604 180.706604 180.706604 180.706604 146.753555 146.753555 44.026068 45.133444
265.699371 265.699371 106.279750 151.550705 151.550705 151.550705 79.780580 59.835436 199.451447 193.869797 193.869797 193.869797 193.869797 192.054886 192.054886 192.054886 71.568421 178.921051 178.921051 126.596687 126.596687 126.596687 126.596687 128.049698 128.049698 128.049698 132.754700 132.754700 132.754700 134.583221 134.583221 134.583221 134.583221 141.602264 141.602264 141.602264 154.187714 154.187714 154.187714 142.674103 142.674103 142.674103 142.674103 135.182297 135.182297 135.182297 140.374084 140.374084 140.374084 147.566208 147.566208 147.566208 180.706604 180.706604 180.706604 180.706604 146.753555 146.753555 146.753555 150.444809
161.754425 161.754425 161.754425 207.699570 207.699570 83.079829 139.974854 139.974854 139.974854 132.155106 132.155106 39.646533 132.155106 129.405701 129.405701 129.405701 181.074600 72.429841 181.074600 70.028199 175.070496 175.070496 175.070496 179.472046 179.472046 179.472046 184.473953 184.473953 184.473953 183.582596 183.582596 183.582596 183.582596 73.679573 184.198929 184.198929 191.478119 191.478119 191.478119 200.253616 60.076087 200.253616 200.253616 201.394470 201.394470 201.394470 136.973511 136.973511 136.973511 156.226456 156.226456 156.226456 196.072433 196.072433 196.072433 196.072433 157.136459 157.136459 157.136459 204.564575
161.754425 161.754425 161.754425 207.699570 207.699570 207.699570 139.974854 139.974854 139.974854 132.155106 132.155106 132.155106 132.155106 129.405701 129.405701 129.405701 181.074600 54.322382 72.429841 70.028199 70.028199 70.028199 175.070496 71.788819 71.788819 71.788819 55.342188 73.789582 73.789582 73.433039 73.433039 73.433039 73.433039 73.679573 73.679573 55.259681 57.443438 76.591249 76.591249 80.101448 60.076087 80.101448 80.101448 80.557789 60.418343 201.394470 136.973511 136.973511 136.973511 156.226456 156.226456 156.226456 196.072433 196.072433 196.072433 196.072433 157.136459 157.136459 157.136459 204.564575
161.754425 161.754425 161.754425 207.699570 207.699570 207.699570 139.974854 55.989942 139.974854 132.155106 132.155106 132.155106 132.155106 129.405701 129.405701 129.405701 181.074600 181.074600 181.074600 70.028199 175.070496 52.521151 52.521151 179.472046 179.472046 71.788819 55.342188 184.473953 184.473953 183.582596 183.582596 183.582596 183.582596 184.198929 184.198929 184.198929 191.478119 191.478119 191.478119 200.253616 200.253616 200.253616 200.253616 80.557789 80.557789 80.557789 136.973511 136.973511 136.973511 156.226456 156.226456 156.226456 196.072433 196.072433 196.072433 196.072433 157.136459 157.136459 157.136459 81.825831
145.452713 145.452713 145.452713 146.291153 146.291153 146.291153 140.671768 140.671768 140.671768 135.798752 135.798752 135.798752 135.798752 130.234238 130.234238 52.093696 138.539658 138.539658 138.539658 124.514832 124.514832 124.514832 124.514832 122.242912 122.242912 122.242912 54.926479 73.235304 73.235304 54.420844 136.052109 136.052109 136.052109 126.953979 126.953979 126.953979 145.712173 145.712173 145.712173 140.308060 140.308060 140.308060 140.308060 145.822174 145.822174 58.328870 80.977980 202.444946 202.444946 159.607346 159.607346 159.607346 153.012436 153.012436 153.012436 153.012436 144.769196 144.769196 144.769196 207.773911
145.452713 145.452713 145.452713 146.291153 146.291153 146.291153 140.671768 140.671768 140.671768 135.798752 135.798752 135.798752 135.798752 130.234238 130.234238 130.234238 138.539658 138.539658 55.415864 124.514832 124.514832 124.514832 124.514832 122.242912 122.242912 122.242912 183.088257 73.235304 54.926479 54.420844 136.052109 136.052109 136.052109 126.953979 126.953979 126.953979 145.712173 145.712173 145.712173 140.308060 140.308060 140.308060 140.308060 145.822174 145.822174 145.822174 202.444946 80.977980 80.977980 63.842939 159.607346 159.607346 153.012436 153.012436 153.012436 153.012436 144.769196 144.769196 57.907679 207.773911
145.452713 145.452713 145.452713 146.291153 146.291153 146.291153 140.671768 140.671768 140.671768 135.798752 135.798752 135.798752 135.798752 130.234238 130.234238 52.093696 138.539658 138.539658 138.539658 124.514832 124.514832 37.354451 124.514832 122.242912 122.242912 48.897166 183.088257 183.088257 54.926479 136.052109 136.052109 136.052109 136.052109 126.953979 126.953979 126.953979 145.712173 145.712173 145.712173 140.308060 140.308060 140.308060 140.308060 145.822174 145.822174 145.822174 202.444946 202.444946 202.444946 47.882206 47.882206 159.607346 153.012436 153.012436 153.012436 153.012436 144.769196 144.769196 144.769196 207.773911
158.843597 158.843597 158.843597 143.588486 143.588486 143.588486 270.482025 270.482025 270.482025 142.371735 142.371735 142.371735 142.371735 133.263412 39.979025 133.263412 135.548431 135.548431 135.548431 182.363327 182.363327 182.363327 72.945332 127.453369 127.453369 127.453369 135.854126 135.854126 135.854126 125.254402 125.254402 125.254402 125.254402 133.591507 133.591507 133.591507 151.004852 151.004852 151.004852 138.815338 138.815338 138.815338 138.815338 138.110062 138.110062 138.110062 165.319351 165.319351 165.319351 178.847961 53.654391 178.847961 190.286301 190.286301 190.286301 190.286301 151.718735 151.718735 151.718735 54.336488
158.843597 158.843597 158.843597 143.588486 57.435395 143.588486 270.482025 270.482025 270.482025 142.371735 142.371735 142.371735 142.371735 133.263412 133.263412 133.263412 135.548431 135.548431 135.548431 182.363327 54.709000 182.363327 182.363327 127.453369 127.453369 127.453369 135.854126 135.854126 135.854126 125.254402 125.254402 125.254402 125.254402 133.591507 133.591507 133.591507 151.004852 151.004852 151.004852 138.815338 138.815338 138.815338 138.815338 138.110062 138.110062 138.110062 165.319351 165.319351 165.319351 178.847961 178.847961 53.654391 190.286301 190.286301 190.286301 190.286301 151.718735 151.718735 151.718735 135.841217
158.843597 158.843597 158.843597 143.588486 43.076547 143.588486 270.482025 270.482025 270.482025 142.371735 142.371735 142.371735 142.371735 133.263412 133.263412 133.263412 135.548431 135.548431 40.664531 182.363327 54.709000 54.709000 54.709000 50.981348 127.453369 127.453369 135.854126 135.854126 135.854126 125.254402 125.254402 125.254402 125.254402 133.591507 133.591507 133.591507 151.004852 151.004852 151.004852 138.815338 138.815338 138.815338 138.815338 138.110062 138.110062 138.110062 165.319351 165.319351 165.319351 178.847961 178.847961 53.654391 190.286301 190.286301 190.286301 190.286301 151.718735 45.515622 151.718735 135.841217
158.843597 158.843597 158.843597 143.588486 143.588486 143.588486 270.482025 270.482025 108.192812 142.371735 142.371735 142.371735 142.371735 133.263412 133.263412 133.263412 135.548431 67.774216 27.109687 182.363327 54.709000 54.709000 54.709000 38.236012 127.453369 50.981348 135.854126 40.756239 135.854126 125.254402 125.254402 125.254402 125.254402 133.591507 133.591507 133.591507 151.004852 151.004852 151.004852 138.815338 138.815338 138.815338 138.815338 138.110062 138.110062 138.110062 165.319351 165.319351 165.319351 178.847961 178.847961 53.654391 190.286301 190.286301 190.286301 190.286301 151.718735 45.515622 151.718735 135.841217
