Big_Beef/DataInputs30m/o_10_ChemistryPools/SOLUS_HumusN/layer1_humusN_gm2_BigBeef_reduced.asc
ncols        345
nrows        426
xllcorner    508562.338426187926
yllcorner    5265656.272683421150
cellsize     30.000000000000
NODATA_value -9999
[rows 324 to 350 of 426, columns 60 to 119 of 345]
256.108276 256.108276 256.108276 256.108276 387.147705 387.147705 154.859084 236.238724 236.238724 236.238724 210.961182 210.961182 210.961182 210.961182 216.122986 216.122986 216.122986 217.856033 217.856033 217.856033 217.111649 217.111649 217.111649 217.796280 217.796280 217.796280 217.796280 222.173416 222.173416 222.173416 237.123062 237.123062 237.123062 522.187683 522.187683 522.187683 522.187683 260.384155 260.384155 260.384155 260.555450 260.555450 260.555450 261.108490 261.108490 261.108490 261.108490 585.605774 585.605774 585.605774 0.000000 0.000000 0.000000 0.000000 0.000000 0.000000 0.000000 0.000000 0.000000 0.000000
256.108276 256.108276 256.108276 256.108276 154.859084 387.147705 387.147705 236.238724 236.238724 236.238724 210.961182 210.961182 210.961182 210.961182 216.122986 216.122986 216.122986 217.856033 217.856033 217.856033 217.111649 217.111649 217.111649 217.796280 217.796280 217.796280 217.796280 222.173416 222.173416 222.173416 237.123062 237.123062 237.123062 522.187683 522.187683 522.187683 522.187683 260.384155 260.384155 260.384155 260.555450 260.555450 260.555450 261.108490 261.108490 261.108490 261.108490 585.605774 585.605774 585.605774 0.000000 0.000000 0.000000 0.000000 0.000000 0.000000 0.000000 0.000000 0.000000 0.000000
256.108276 256.108276 256.108276 256.108276 387.147705 387.147705 387.147705 236.238724 236.238724 236.238724 210.961182 210.961182 210.961182 210.961182 216.122986 216.122986 216.122986 217.856033 217.856033 217.856033 217.111649 217.111649 217.111649 217.796280 217.796280 217.796280 217.796280 222.173416 222.173416 222.173416 237.123062 237.123062 237.123062 522.187683 522.187683 522.187683 522.187683 260.384155 260.384155 260.384155 260.555450 260.555450 260.555450 261.108490 261.108490 261.108490 261.108490 585.605774 585.605774 585.605774 0.000000 0.000000 0.000000 0.000000 0.000000 0.000000 0.000000 0.000000 0.000000 0.000000
256.108276 256.108276 256.108276 256.108276 387.147705 77.429542 387.147705 236.238724 236.238724 236.238724 210.961182 210.961182 210.961182 210.961182 216.122986 216.122986 216.122986 217.856033 217.856033 217.856033 217.111649 217.111649 217.111649 217.796280 217.796280 217.796280 217.796280 222.173416 222.173416 222.173416 237.123062 237.123062 237.123062 522.187683 522.187683 522.187683 522.187683 260.384155 260.384155 260.384155 260.555450 260.555450 260.555450 261.108490 261.108490 261.108490 261.108490 585.605774 585.605774 585.605774 0.000000 0.000000 0.000000 0.000000 0.000000 0.000000 0.000000 0.000000 0.000000 0.000000
299.103668 299.103668 299.103668 299.103668 264.157257 264.157257 264.157257 222.984619 222.984619 222.984619 219.530594 219.530594 219.530594 219.530594 211.206909 211.206909 211.206909 224.166382 224.166382 224.166382 226.866684 226.866684 226.866684 229.497177 229.497177 229.497177 229.497177 229.936966 229.936966 229.936966 248.396011 248.396011 248.396011 285.645416 285.645416 285.645416 285.645416 273.995361 273.995361 273.995361 276.421753 276.421753 276.421753 557.248535 557.248535 557.248535 557.248535 292.074097 292.074097 292.074097 0.000000 0.000000 0.000000 0.000000 0.000000 0.000000 0.000000 0.000000 0.000000 0.000000
299.103668 299.103668 299.103668 299.103668 264.157257 264.157257 264.157257 222.984619 222.984619 222.984619 219.530594 219.530594 219.530594 219.530594 211.206909 211.206909 211.206909 224.166382 224.166382 224.166382 226.866684 226.866684 226.866684 229.497177 229.497177 229.497177 229.497177 229.936966 229.936966 229.936966 248.396011 248.396011 248.396011 285.645416 285.645416 285.645416 285.645416 273.995361 273.995361 273.995361 276.421753 276.421753 276.421753 557.248535 557.248535 557.248535 557.248535 292.074097 292.074097 292.074097 0.000000 0.000000 0.000000 0.000000 0.000000 0.000000 0.000000 0.000000 0.000000 0.000000
299.103668 299.103668 299.103668 299.103668 264.157257 264.157257 264.157257 222.984619 222.984619 222.984619 219.530594 219.530594 219.530594 219.530594 211.206909 211.206909 211.206909 224.166382 224.166382 224.166382 226.866684 226.866684 226.866684 229.497177 229.497177 229.497177 229.497177 229.936966 229.936966 229.936966 248.396011 248.396011 248.396011 285.645416 285.645416 285.645416 285.645416 273.995361 273.995361 273.995361 276.421753 276.421753 276.421753 557.248535 557.248535 557.248535 557.248535 292.074097 292.074097 292.074097 0.000000 0.000000 0.000000 0.000000 0.000000 0.000000 0.000000 0.000000 0.000000 0.000000
278.362579 278.362579 278.362579 278.362579 230.648056 230.648056 230.648056 221.950317 221.950317 221.950317 201.388687 201.388687 201.388687 201.388687 212.765991 212.765991 212.765991 221.307327 221.307327 221.307327 227.781494 227.781494 227.781494 235.262024 235.262024 235.262024 235.262024 249.885941 249.885941 249.885941 262.715240 262.715240 262.715240 272.880493 272.880493 272.880493 272.880493 277.702362 277.702362 277.702362 304.722687 304.722687 304.722687 298.426239 298.426239 298.426239 298.426239 329.127472 329.127472 329.127472 0.000000 0.000000 0.000000 0.000000 0.000000 0.000000 0.000000 0.000000 0.000000 0.000000
278.362579 278.362579 278.362579 278.362579 230.648056 230.648056 230.648056 221.950317 221.950317 221.950317 201.388687 201.388687 201.388687 201.388687 212.765991 212.765991 212.765991 221.307327 221.307327 221.307327 227.781494 227.781494 227.781494 235.262024 235.262024 235.262024 235.262024 249.885941 249.885941 249.885941 262.715240 262.715240 262.715240 272.880493 272.880493 272.880493 272.880493 277.702362 277.702362 277.702362 304.722687 304.722687 304.722687 298.426239 298.426239 298.426239 298.426239 329.127472 329.127472 329.127472 0.000000 0.000000 0.000000 0.000000 0.000000 0.000000 0.000000 0.000000 0.000000 0.000000
278.362579 278.362579 278.362579 83.508777 230.648056 230.648056 69.194420 221.950317 221.950317 221.950317 201.388687 201.388687 201.388687 201.388687 212.765991 212.765991 212.765991 221.307327 221.307327 221.307327 227.781494 227.781494 227.781494 235.262024 235.262024 235.262024 235.262024 249.885941 249.885941 249.885941 262.715240 262.715240 262.715240 272.880493 272.880493 272.880493 272.880493 277.702362 277.702362 277.702362 304.722687 304.722687 304.722687 298.426239 298.426239 298.426239 298.426239 329.127472 329.127472 329.127472 0.000000 0.000000 0.000000 0.000000 0.000000 0.000000 0.000000 0.000000 0.000000 0.000000
54.480384 272.401917 272.401917 272.401917 222.370224 222.370224 222.370224 210.097275 210.097275 210.097275 202.237488 202.237488 202.237488 202.237488 215.341232 215.341232 215.341232 218.274460 218.274460 218.274460 237.007874 237.007874 237.007874 238.265579 238.265579 238.265579 238.265579 249.418106 249.418106 249.418106 274.705780 274.705780 274.705780 267.197784 267.197784 267.197784 267.197784 280.000275 280.000275 280.000275 296.180450 296.180450 296.180450 303.493073 303.493073 303.493073 303.493073 0.000000 0.000000 0.000000 0.000000 0.000000 0.000000 0.000000 0.000000 0.000000 0.000000 0.000000 0.000000 0.000000
272.401917 272.401917 272.401917 272.401917 222.370224 222.370224 222.370224 210.097275 210.097275 210.097275 202.237488 202.237488 202.237488 202.237488 215.341232 215.341232 215.341232 218.274460 218.274460 218.274460 237.007874 237.007874 237.007874 238.265579 238.265579 238.265579 238.265579 249.418106 249.418106 249.418106 274.705780 274.705780 274.705780 267.197784 267.197784 267.197784 267.197784 280.000275 280.000275 280.000275 296.180450 296.180450 296.180450 303.493073 303.493073 121.397231 121.397231 0.000000 0.000000 0.000000 0.000000 0.000000 0.000000 0.000000 0.000000 0.000000 0.000000 0.000000 0.000000 0.000000
272.401917 272.401917 272.401917 272.401917 222.370224 222.370224 222.370224 210.097275 210.097275 210.097275 202.237488 202.237488 202.237488 202.237488 215.341232 215.341232 215.341232 218.274460 218.274460 218.274460 237.007874 237.007874 237.007874 238.265579 238.265579 238.265579 238.265579 249.418106 249.418106 249.418106 274.705780 274.705780 274.705780 267.197784 267.197784 267.197784 267.197784 280.000275 280.000275 280.000275 296.180450 296.180450 296.180450 303.493073 303.493073 91.047925 60.698615 0.000000 0.000000 0.000000 0.000000 0.000000 0.000000 0.000000 0.000000 0.000000 0.000000 0.000000 0.000000 0.000000
272.401917 272.401917 272.401917 272.401917 222.370224 222.370224 222.370224 210.097275 210.097275 210.097275 202.237488 202.237488 202.237488 202.237488 215.341232 215.341232 215.341232 218.274460 218.274460 218.274460 237.007874 237.007874 237.007874 238.265579 238.265579 238.265579 238.265579 249.418106 249.418106 249.418106 274.705780 274.705780 274.705780 267.197784 267.197784 267.197784 267.197784 280.000275 280.000275 84.000086 296.180450 296.180450 296.180450 303.493073 91.047925 91.047925 91.047925 0.000000 0.000000 0.000000 0.000000 0.000000 0.000000 0.000000 0.000000 0.000000 0.000000 0.000000 0.000000 0.000000
288.487152 288.487152 288.487152 288.487152 221.798950 221.798950 221.798950 218.532303 218.532303 218.532303 222.859146 222.859146 222.859146 222.859146 216.543991 216.543991 216.543991 221.635376 221.635376 221.635376 229.389847 229.389847 229.389847 233.616928 233.616928 233.616928 233.616928 239.703979 239.703979 239.703979 244.754013 244.754013 244.754013 266.876556 266.876556 266.876556 266.876556 268.930145 80.679047 268.930145 561.218384 561.218384 224.487357 0.000000 0.000000 0.000000 0.000000 0.000000 0.000000 0.000000 0.000000 0.000000 0.000000 0.000000 0.000000 0.000000 0.000000 0.000000 0.000000 0.000000
288.487152 288.487152 288.487152 288.487152 221.798950 221.798950 221.798950 218.532303 218.532303 218.532303 222.859146 222.859146 222.859146 222.859146 216.543991 216.543991 216.543991 221.635376 221.635376 221.635376 229.389847 229.389847 229.389847 233.616928 233.616928 233.616928 233.616928 239.703979 239.703979 239.703979 244.754013 244.754013 244.754013 266.876556 266.876556 266.876556 266.876556 268.930145 268.930145 268.930145 561.218384 561.218384 0.000000 0.000000 0.000000 0.000000 0.000000 0.000000 0.000000 0.000000 0.000000 0.000000 0.000000 0.000000 0.000000 0.000000 0.000000 0.000000 0.000000 0.000000
288.487152 288.487152 288.487152 288.487152 221.798950 221.798950 221.798950 218.532303 218.532303 218.532303 222.859146 222.859146 222.859146 222.859146 216.543991 216.543991 216.543991 221.635376 221.635376 221.635376 229.389847 229.389847 229.389847 233.616928 233.616928 233.616928 233.616928 239.703979 239.703979 239.703979 244.754013 244.754013 244.754013 266.876556 266.876556 266.876556 266.876556 268.930145 268.930145 268.930145 561.218384 0.000000 0.000000 0.000000 0.000000 0.000000 0.000000 0.000000 0.000000 0.000000 0.000000 0.000000 0.000000 0.000000 0.000000 0.000000 0.000000 0.000000 0.000000 0.000000
314.958344 314.958344 314.958344 314.958344 240.001526 240.001526 240.001526 220.949631 220.949631 220.949631 215.172684 215.172684 215.172684 215.172684 224.614151 224.614151 224.614151 226.542191 226.542191 226.542191 233.118591 233.118591 233.118591 234.524826 234.524826 234.524826 234.524826 240.772705 240.772705 240.772705 273.765839 273.765839 273.765839 276.580109 276.580109 276.580109 276.580109 265.446259 265.446259 265.446259 0.000000 0.000000 0.000000 0.000000 0.000000 0.000000 0.000000 0.000000 0.000000 0.000000 0.000000 0.000000 0.000000 0.000000 0.000000 0.000000 0.000000 0.000000 0.000000 0.000000
314.958344 314.958344 314.958344 314.958344 240.001526 240.001526 240.001526 220.949631 220.949631 220.949631 215.172684 215.172684 215.172684 215.172684 224.614151 224.614151 224.614151 226.542191 226.542191 226.542191 233.118591 233.118591 233.118591 234.524826 234.524826 234.524826 234.524826 240.772705 240.772705 240.772705 273.765839 273.765839 273.765839 276.580109 276.580109 276.580109 276.580109 265.446259 265.446259 265.446259 0.000000 0.000000 0.000000 0.000000 0.000000 0.000000 0.000000 0.000000 0.000000 0.000000 0.000000 0.000000 0.000000 0.000000 0.000000 0.000000 0.000000 0.000000 0.000000 0.000000
314.958344 314.958344 314.958344 314.958344 240.001526 240.001526 240.001526 220.949631 220.949631 220.949631 215.172684 215.172684 215.172684 215.172684 224.614151 224.614151 224.614151 226.542191 226.542191 226.542191 233.118591 233.118591 233.118591 234.524826 234.524826 234.524826 234.524826 240.772705 240.772705 240.772705 273.765839 273.765839 273.765839 276.580109 276.580109 276.580109 276.580109 265.446259 265.446259 265.446259 0.000000 0.000000 0.000000 0.000000 0.000000 0.000000 0.000000 0.000000 0.000000 0.000000 0.000000 0.000000 0.000000 0.000000 0.000000 0.000000 0.000000 0.000000 0.000000 0.000000
353.275513 353.275513 353.275513 353.275513 246.545212 246.545212 246.545212 244.959106 244.959106 244.959106 228.288742 228.288742 228.288742 228.288742 224.739334 224.739334 224.739334 230.891113 230.891113 230.891113 232.348038 232.348038 232.348038 239.196579 239.196579 239.196579 239.196579 604.842041 604.842041 604.842041 304.993378 304.993378 304.993378 269.357086 269.357086 269.357086 269.357086 283.891052 283.891052 283.891052 0.000000 0.000000 0.000000 0.000000 0.000000 0.000000 0.000000 0.000000 0.000000 0.000000 0.000000 0.000000 0.000000 0.000000 0.000000 0.000000 0.000000 0.000000 0.000000 0.000000
353.275513 353.275513 353.275513 353.275513 246.545212 246.545212 246.545212 244.959106 244.959106 244.959106 228.288742 228.288742 228.288742 228.288742 224.739334 224.739334 224.739334 230.891113 230.891113 230.891113 232.348038 232.348038 232.348038 239.196579 239.196579 239.196579 239.196579 604.842041 604.842041 604.842041 304.993378 304.993378 304.993378 269.357086 269.357086 269.357086 107.742836 283.891052 283.891052 283.891052 0.000000 0.000000 0.000000 0.000000 0.000000 0.000000 0.000000 0.000000 0.000000 0.000000 0.000000 0.000000 0.000000 0.000000 0.000000 0.000000 0.000000 0.000000 0.000000 0.000000
353.275513 353.275513 353.275513 353.275513 246.545212 246.545212 246.545212 244.959106 244.959106 244.959106 228.288742 228.288742 228.288742 228.288742 224.739334 224.739334 224.739334 230.891113 230.891113 230.891113 232.348038 232.348038 232.348038 239.196579 239.196579 239.196579 239.196579 604.842041 604.842041 604.842041 304.993378 304.993378 304.993378 269.357086 269.357086 269.357086 269.357086 113.556423 283.891052 113.556423 0.000000 0.000000 0.000000 0.000000 0.000000 0.000000 0.000000 0.000000 0.000000 0.000000 0.000000 0.000000 0.000000 0.000000 0.000000 0.000000 0.000000 0.000000 0.000000 0.000000
794.202698 794.202698 794.202698 794.202698 245.349380 245.349380 245.349380 333.504974 333.504974 333.504974 242.701889 242.701889 242.701889 242.701889 233.396439 233.396439 233.396439 216.145447 216.145447 216.145447 235.139297 235.139297 235.139297 227.623901 227.623901 227.623901 227.623901 242.151352 242.151352 242.151352 260.303680 260.303680 260.303680 271.548187 271.548187 271.548187 271.548187 389.035889 389.035889 389.035889 0.000000 0.000000 0.000000 0.000000 0.000000 0.000000 0.000000 0.000000 0.000000 0.000000 0.000000 0.000000 0.000000 0.000000 0.000000 0.000000 0.000000 0.000000 0.000000 0.000000
794.202698 794.202698 794.202698 794.202698 245.349380 245.349380 245.349380 333.504974 133.401992 333.504974 242.701889 242.701889 242.701889 242.701889 233.396439 233.396439 233.396439 216.145447 216.145447 216.145447 235.139297 235.139297 235.139297 227.623901 227.623901 227.623901 227.623901 242.151352 242.151352 242.151352 260.303680 260.303680 260.303680 271.548187 271.548187 271.548187 271.548187 155.614358 116.710771 116.710771 0.000000 0.000000 0.000000 0.000000 0.000000 0.000000 0.000000 0.000000 0.000000 0.000000 0.000000 0.000000 0.000000 0.000000 0.000000 0.000000 0.000000 0.000000 0.000000 0.000000
794.202698 794.202698 794.202698 794.202698 245.349380 245.349380 245.349380 133.401992 133.401992 333.504974 242.701889 242.701889 242.701889 242.701889 233.396439 233.396439 233.396439 216.145447 216.145447 216.145447 235.139297 235.139297 235.139297 227.623901 227.623901 227.623901 227.623901 242.151352 242.151352 242.151352 260.303680 260.303680 260.303680 271.548187 271.548187 108.619277 108.619277 155.614358 116.710771 77.807179 0.000000 0.000000 0.000000 0.000000 0.000000 0.000000 0.000000 0.000000 0.000000 0.000000 0.000000 0.000000 0.000000 0.000000 0.000000 0.000000 0.000000 0.000000 0.000000 0.000000
794.202698 794.202698 794.202698 794.202698 245.349380 245.349380 245.349380 133.401992 133.401992 333.504974 242.701889 242.701889 242.701889 242.701889 233.396439 233.396439 233.396439 216.145447 216.145447 216.145447 235.139297 235.139297 235.139297 227.623901 227.623901 227.623901 227.623901 242.151352 242.151352 242.151352 260.303680 260.303680 260.303680 271.548187 108.619277 81.464459 271.548187 155.614358 116.710771 194.517944 0.000000 0.000000 0.000000 0.000000 0.000000 0.000000 0.000000 0.000000 0.000000 0.000000 0.000000 0.000000 0.000000 0.000000 0.000000 0.000000 0.000000 0.000000 0.000000 0.000000
