Big_Beef/DataInputs30m/o_10_ChemistryPools/SOLUS_HumusN/layer4_humusN_gm2_BigBeef.asc
ncols        345
nrows        426
xllcorner    508562.338426187926
yllcorner    5265656.272683421150
cellsize     30.000000000000
NODATA_value -9999
[rows 336 to 363 of 426, columns 0 to 61 of 345]
0 0 0 0 0 0 0 0 0 0 0 0 0 0 0 0 0 0 0 0 0 0 0 0 64.39249420166015625 64.39249420166015625 64.39249420166015625 75.45282745361328125 75.45282745361328125 75.45282745361328125 101.11284637451171875 101.11284637451171875 101.11284637451171875 101.11284637451171875 133.4626617431640625 133.4626617431640625 133.4626617431640625 90.48996734619140625 90.48996734619140625 90.48996734619140625 145.0258026123046875 145.0258026123046875 145.0258026123046875 145.0258026123046875 332.034271240234375 332.034271240234375 332.034271240234375 120.37357330322265625 120.37357330322265625 120.37357330322265625 91.5452423095703125 91.5452423095703125 91.5452423095703125 91.5452423095703125 78.05937957763671875 78.05937957763671875 78.05937957763671875 243.0584716796875 243.0584716796875 243.0584716796875 80.1995391845703125 80.1995391845703125
0 0 0 0 0 0 0 0 0 0 0 0 0 0 0 0 0 0 0 0 0 0 0 0 64.39249420166015625 64.39249420166015625 64.39249420166015625 75.45282745361328125 75.45282745361328125 75.45282745361328125 101.11284637451171875 101.11284637451171875 101.11284637451171875 101.11284637451171875 133.4626617431640625 133.4626617431640625 133.4626617431640625 90.48996734619140625 90.48996734619140625 90.48996734619140625 145.0258026123046875 145.0258026123046875 145.0258026123046875 145.0258026123046875 332.034271240234375 332.034271240234375 332.034271240234375 120.37357330322265625 120.37357330322265625 120.37357330322265625 91.5452423095703125 91.5452423095703125 91.5452423095703125 91.5452423095703125 78.05937957763671875 78.05937957763671875 78.05937957763671875 243.0584716796875 243.0584716796875 243.0584716796875 80.1995391845703125 80.1995391845703125
0 0 0 0 0 0 0 0 0 0 0 0 0 0 0 0 0 0 0 0 0 0 0 0 55.2093048095703125 55.2093048095703125 55.2093048095703125 96.0526885986328125 96.0526885986328125 96.0526885986328125 64.7612762451171875 64.7612762451171875 64.7612762451171875 64.7612762451171875 79.2348175048828125 79.2348175048828125 79.2348175048828125 89.32683563232421875 89.32683563232421875 89.32683563232421875 89.15271759033203125 89.15271759033203125 89.15271759033203125 89.15271759033203125 246.9117584228515625 246.9117584228515625 246.9117584228515625 168.9317474365234375 168.9317474365234375 168.9317474365234375 132.68402099609375 132.68402099609375 132.68402099609375 132.68402099609375 261.6805419921875 261.6805419921875 261.6805419921875 149.28057861328125 149.28057861328125 149.28057861328125 91.40415191650390625 91.40415191650390625
0 0 0 0 0 0 0 0 0 0 0 0 0 0 0 0 0 0 0 0 0 0 0 0 55.2093048095703125 55.2093048095703125 55.2093048095703125 96.0526885986328125 96.0526885986328125 96.0526885986328125 64.7612762451171875 64.7612762451171875 64.7612762451171875 64.7612762451171875 79.2348175048828125 79.2348175048828125 79.2348175048828125 89.32683563232421875 89.32683563232421875 89.32683563232421875 89.15271759033203125 89.15271759033203125 89.15271759033203125 89.15271759033203125 246.9117584228515625 246.9117584228515625 246.9117584228515625 168.9317474365234375 168.9317474365234375 168.9317474365234375 132.68402099609375 132.68402099609375 132.68402099609375 132.68402099609375 261.6805419921875 261.6805419921875 261.6805419921875 149.28057861328125 149.28057861328125 149.28057861328125 91.40415191650390625 91.40415191650390625
0 0 0 0 0 0 0 0 0 0 0 0 0 0 0 0 0 0 0 0 0 0 0 0 55.2093048095703125 55.2093048095703125 55.2093048095703125 96.0526885986328125 96.0526885986328125 96.0526885986328125 64.7612762451171875 64.7612762451171875 64.7612762451171875 64.7612762451171875 79.2348175048828125 79.2348175048828125 79.2348175048828125 89.32683563232421875 89.32683563232421875 89.32683563232421875 89.15271759033203125 89.15271759033203125 89.15271759033203125 89.15271759033203125 246.9117584228515625 246.9117584228515625 246.9117584228515625 168.9317474365234375 168.9317474365234375 168.9317474365234375 132.68402099609375 132.68402099609375 132.68402099609375 132.68402099609375 261.6805419921875 261.6805419921875 261.6805419921875 149.28057861328125 149.28057861328125 149.28057861328125 91.40415191650390625 91.40415191650390625
0 0 0 0 0 0 0 0 0 0 0 0 0 0 0 0 0 0 0 0 58.9178619384765625 58.9178619384765625 58.9178619384765625 58.9178619384765625 66.40100860595703125 66.40100860595703125 66.40100860595703125 76.202362060546875 76.202362060546875 76.202362060546875 72.99672698974609375 72.99672698974609375 72.99672698974609375 72.99672698974609375 54.990009307861328125 54.990009307861328125 54.990009307861328125 83.11498260498046875 83.11498260498046875 83.11498260498046875 86.26670074462890625 86.26670074462890625 86.26670074462890625 86.26670074462890625 180.76727294921875 180.76727294921875 180.76727294921875 200.8423004150390625 200.8423004150390625 200.8423004150390625 124.49770355224609375 124.49770355224609375 124.49770355224609375 124.49770355224609375 394.019317626953125 394.019317626953125 394.019317626953125 375.303863525390625 375.303863525390625 375.303863525390625 109.54047393798828125 109.54047393798828125
0 0 0 0 0 0 0 0 0 0 0 0 0 0 0 0 0 0 0 0 58.9178619384765625 58.9178619384765625 58.9178619384765625 58.9178619384765625 66.40100860595703125 66.40100860595703125 66.40100860595703125 76.202362060546875 76.202362060546875 76.202362060546875 72.99672698974609375 72.99672698974609375 72.99672698974609375 72.99672698974609375 54.990009307861328125 54.990009307861328125 54.990009307861328125 83.11498260498046875 83.11498260498046875 83.11498260498046875 86.26670074462890625 86.26670074462890625 86.26670074462890625 86.26670074462890625 180.76727294921875 180.76727294921875 180.76727294921875 200.8423004150390625 200.8423004150390625 200.8423004150390625 124.49770355224609375 124.49770355224609375 124.49770355224609375 124.49770355224609375 394.019317626953125 394.019317626953125 394.019317626953125 375.303863525390625 375.303863525390625 375.303863525390625 109.54047393798828125 109.54047393798828125
0 0 0 0 0 0 0 0 0 0 0 0 0 0 0 0 0 0 0 0 58.9178619384765625 58.9178619384765625 58.9178619384765625 58.9178619384765625 66.40100860595703125 66.40100860595703125 66.40100860595703125 76.202362060546875 76.202362060546875 76.202362060546875 72.99672698974609375 72.99672698974609375 72.99672698974609375 72.99672698974609375 54.990009307861328125 54.990009307861328125 54.990009307861328125 83.11498260498046875 83.11498260498046875 83.11498260498046875 86.26670074462890625 86.26670074462890625 86.26670074462890625 86.26670074462890625 180.76727294921875 180.76727294921875 180.76727294921875 200.8423004150390625 200.8423004150390625 200.8423004150390625 124.49770355224609375 124.49770355224609375 124.49770355224609375 124.49770355224609375 394.019317626953125 394.019317626953125 394.019317626953125 375.303863525390625 375.303863525390625 375.303863525390625 109.54047393798828125 109.54047393798828125
0 0 0 0 0 0 0 0 0 0 0 0 0 0 0 0 0 0 0 0 64.59619903564453125 64.59619903564453125 64.59619903564453125 64.59619903564453125 60.387996673583984375 60.387996673583984375 60.387996673583984375 78.45464324951171875 78.45464324951171875 78.45464324951171875 71.708892822265625 71.708892822265625 71.708892822265625 71.708892822265625 50.294345855712890625 50.294345855712890625 50.294345855712890625 57.893604278564453125 57.893604278564453125 57.893604278564453125 107.28499603271484375 107.28499603271484375 107.28499603271484375 107.28499603271484375 245.92694091796875 245.92694091796875 245.92694091796875 202.019439697265625 202.019439697265625 202.019439697265625 127.7668609619140625 127.7668609619140625 127.7668609619140625 127.7668609619140625 366.141693115234375 366.141693115234375 366.141693115234375 388.987152099609375 388.987152099609375 388.987152099609375 109.7784423828125 109.7784423828125
0 0 0 0 0 0 0 0 0 0 0 0 0 0 0 0 0 0 0 0 64.59619903564453125 64.59619903564453125 64.59619903564453125 64.59619903564453125 60.387996673583984375 60.387996673583984375 60.387996673583984375 78.45464324951171875 78.45464324951171875 78.45464324951171875 71.708892822265625 71.708892822265625 71.708892822265625 71.708892822265625 50.294345855712890625 50.294345855712890625 50.294345855712890625 57.893604278564453125 57.893604278564453125 57.893604278564453125 107.28499603271484375 107.28499603271484375 107.28499603271484375 107.28499603271484375 245.92694091796875 245.92694091796875 245.92694091796875 202.019439697265625 202.019439697265625 202.019439697265625 127.7668609619140625 127.7668609619140625 127.7668609619140625 127.7668609619140625 366.141693115234375 366.141693115234375 366.141693115234375 388.987152099609375 388.987152099609375 388.987152099609375 109.7784423828125 109.7784423828125
0 0 0 0 0 0 0 0 0 0 0 0 0 0 0 0 0 0 0 0 64.59619903564453125 64.59619903564453125 64.59619903564453125 64.59619903564453125 60.387996673583984375 60.387996673583984375 60.387996673583984375 78.45464324951171875 78.45464324951171875 78.45464324951171875 71.708892822265625 71.708892822265625 71.708892822265625 71.708892822265625 50.294345855712890625 50.294345855712890625 50.294345855712890625 57.893604278564453125 57.893604278564453125 57.893604278564453125 107.28499603271484375 107.28499603271484375 107.28499603271484375 107.28499603271484375 245.92694091796875 245.92694091796875 245.92694091796875 202.019439697265625 202.019439697265625 202.019439697265625 127.7668609619140625 127.7668609619140625 127.7668609619140625 127.7668609619140625 366.141693115234375 366.141693115234375 366.141693115234375 388.987152099609375 388.987152099609375 388.987152099609375 109.7784423828125 109.7784423828125
0 0 0 0 0 0 0 0 0 0 0 0 0 0 0 0 0 0 0 0 90.01065826416015625 90.01065826416015625 90.01065826416015625 90.01065826416015625 56.225009918212890625 56.225009918212890625 56.225009918212890625 61.272228240966796875 61.272228240966796875 61.272228240966796875 61.647495269775390625 61.647495269775390625 61.647495269775390625 61.647495269775390625 57.2346038818359375 57.2346038818359375 57.2346038818359375 51.356426239013671875 51.356426239013671875 51.356426239013671875 60.311344146728515625 60.311344146728515625 60.311344146728515625 60.311344146728515625 88.60027313232421875 88.60027313232421875 88.60027313232421875 142.362884521484375 142.362884521484375 142.362884521484375 109.36325836181640625 109.36325836181640625 109.36325836181640625 109.36325836181640625 214.220855712890625 214.220855712890625 214.220855712890625 409.14111328125 409.14111328125 409.14111328125 243.4842529296875 243.4842529296875
0 0 0 0 0 0 0 0 0 0 0 0 0 0 0 0 0 0 0 0 90.01065826416015625 90.01065826416015625 90.01065826416015625 90.01065826416015625 56.225009918212890625 56.225009918212890625 56.225009918212890625 61.272228240966796875 61.272228240966796875 61.272228240966796875 61.647495269775390625 61.647495269775390625 61.647495269775390625 61.647495269775390625 57.2346038818359375 57.2346038818359375 57.2346038818359375 51.356426239013671875 51.356426239013671875 51.356426239013671875 60.311344146728515625 60.311344146728515625 60.311344146728515625 60.311344146728515625 88.60027313232421875 88.60027313232421875 88.60027313232421875 142.362884521484375 142.362884521484375 142.362884521484375 109.36325836181640625 109.36325836181640625 109.36325836181640625 109.36325836181640625 214.220855712890625 214.220855712890625 214.220855712890625 409.14111328125 409.14111328125 409.14111328125 243.4842529296875 243.4842529296875
0 0 0 0 0 0 0 0 0 0 0 0 0 0 0 0 0 0 0 0 90.01065826416015625 90.01065826416015625 90.01065826416015625 90.01065826416015625 56.225009918212890625 56.225009918212890625 56.225009918212890625 61.272228240966796875 61.272228240966796875 61.272228240966796875 61.647495269775390625 61.647495269775390625 61.647495269775390625 61.647495269775390625 57.2346038818359375 57.2346038818359375 57.2346038818359375 51.356426239013671875 51.356426239013671875 51.356426239013671875 60.311344146728515625 60.311344146728515625 60.311344146728515625 60.311344146728515625 88.60027313232421875 88.60027313232421875 88.60027313232421875 142.362884521484375 142.362884521484375 142.362884521484375 109.36325836181640625 109.36325836181640625 109.36325836181640625 109.36325836181640625 214.220855712890625 214.220855712890625 214.220855712890625 409.14111328125 409.14111328125 409.14111328125 243.4842529296875 243.4842529296875
0 0 0 0 0 0 0 0 0 0 0 0 0 0 0 0 0 0 0 0 90.01065826416015625 90.01065826416015625 90.01065826416015625 90.01065826416015625 56.225009918212890625 56.225009918212890625 56.225009918212890625 61.272228240966796875 61.272228240966796875 61.272228240966796875 61.647495269775390625 61.647495269775390625 61.647495269775390625 61.647495269775390625 57.2346038818359375 57.2346038818359375 57.2346038818359375 51.356426239013671875 51.356426239013671875 51.356426239013671875 60.311344146728515625 60.311344146728515625 60.311344146728515625 60.311344146728515625 88.60027313232421875 88.60027313232421875 88.60027313232421875 142.362884521484375 142.362884521484375 142.362884521484375 109.36325836181640625 109.36325836181640625 109.36325836181640625 109.36325836181640625 214.220855712890625 214.220855712890625 214.220855712890625 409.14111328125 409.14111328125 409.14111328125 243.4842529296875 243.4842529296875
0 0 0 0 0 0 0 0 0 0 0 0 0 0 0 0 0 0 0 0 65.25353240966796875 65.25353240966796875 65.25353240966796875 65.25353240966796875 58.909198760986328125 58.909198760986328125 58.909198760986328125 90.0837554931640625 90.0837554931640625 90.0837554931640625 91.9716644287109375 91.9716644287109375 91.9716644287109375 91.9716644287109375 59.8850250244140625 59.8850250244140625 59.8850250244140625 54.238834381103515625 54.238834381103515625 54.238834381103515625 86.96314239501953125 86.96314239501953125 86.96314239501953125 86.96314239501953125 92.37949371337890625 92.37949371337890625 92.37949371337890625 274.48162841796875 274.48162841796875 274.48162841796875 258.01580810546875 258.01580810546875 258.01580810546875 258.01580810546875 116.7662353515625 116.7662353515625 116.7662353515625 333.284637451171875 333.284637451171875 333.284637451171875 250.1647491455078125 250.1647491455078125
0 0 0 0 0 0 0 0 0 0 0 0 0 0 0 0 0 0 0 0 65.25353240966796875 65.25353240966796875 65.25353240966796875 65.25353240966796875 58.909198760986328125 58.909198760986328125 58.909198760986328125 90.0837554931640625 90.0837554931640625 90.0837554931640625 91.9716644287109375 91.9716644287109375 91.9716644287109375 91.9716644287109375 59.8850250244140625 59.8850250244140625 59.8850250244140625 54.238834381103515625 54.238834381103515625 54.238834381103515625 86.96314239501953125 86.96314239501953125 86.96314239501953125 86.96314239501953125 92.37949371337890625 92.37949371337890625 92.37949371337890625 274.48162841796875 274.48162841796875 274.48162841796875 258.01580810546875 258.01580810546875 258.01580810546875 258.01580810546875 116.7662353515625 116.7662353515625 116.7662353515625 333.284637451171875 333.284637451171875 333.284637451171875 250.1647491455078125 250.1647491455078125
0 0 0 0 0 0 0 0 0 0 0 0 0 0 0 0 0 0 0 0 65.25353240966796875 65.25353240966796875 65.25353240966796875 65.25353240966796875 58.909198760986328125 58.909198760986328125 58.909198760986328125 90.0837554931640625 90.0837554931640625 90.0837554931640625 91.9716644287109375 91.9716644287109375 91.9716644287109375 91.9716644287109375 59.8850250244140625 59.8850250244140625 59.8850250244140625 54.238834381103515625 54.238834381103515625 54.238834381103515625 86.96314239501953125 86.96314239501953125 86.96314239501953125 86.96314239501953125 92.37949371337890625 92.37949371337890625 92.37949371337890625 274.48162841796875 274.48162841796875 274.48162841796875 258.01580810546875 258.01580810546875 258.01580810546875 258.01580810546875 116.7662353515625 116.7662353515625 116.7662353515625 333.284637451171875 333.284637451171875 333.284637451171875 250.1647491455078125 250.1647491455078125
0 0 0 0 0 0 0 0 0 0 0 0 0 0 0 0 0 0 0 0 0 0 0 0 90.36624908447265625 90.36624908447265625 90.36624908447265625 86.142425537109375 86.142425537109375 86.142425537109375 60.047161102294921875 60.047161102294921875 60.047161102294921875 60.047161102294921875 58.036899566650390625 58.036899566650390625 58.036899566650390625 82.40805816650390625 82.40805816650390625 82.40805816650390625 94.1494903564453125 94.1494903564453125 94.1494903564453125 94.1494903564453125 87.4217529296875 87.4217529296875 87.4217529296875 323.082244873046875 323.082244873046875 323.082244873046875 334.4600830078125 334.4600830078125 334.4600830078125 334.4600830078125 181.489105224609375 181.489105224609375 181.489105224609375 243.4012298583984375 243.4012298583984375 243.4012298583984375 94.54383087158203125 94.54383087158203125
0 0 0 0 0 0 0 0 0 0 0 0 0 0 0 0 0 0 0 0 0 0 0 0 90.36624908447265625 90.36624908447265625 90.36624908447265625 86.142425537109375 86.142425537109375 86.142425537109375 60.047161102294921875 60.047161102294921875 60.047161102294921875 60.047161102294921875 58.036899566650390625 58.036899566650390625 58.036899566650390625 82.40805816650390625 82.40805816650390625 82.40805816650390625 94.1494903564453125 94.1494903564453125 94.1494903564453125 94.1494903564453125 87.4217529296875 87.4217529296875 87.4217529296875 323.082244873046875 323.082244873046875 323.082244873046875 334.4600830078125 334.4600830078125 334.4600830078125 334.4600830078125 181.489105224609375 181.489105224609375 181.489105224609375 243.4012298583984375 243.4012298583984375 243.4012298583984375 94.54383087158203125 94.54383087158203125
0 0 0 0 0 0 0 0 0 0 0 0 0 0 0 0 0 0 0 0 0 0 0 0 90.36624908447265625 90.36624908447265625 90.36624908447265625 86.142425537109375 86.142425537109375 86.142425537109375 60.047161102294921875 60.047161102294921875 60.047161102294921875 60.047161102294921875 58.036899566650390625 58.036899566650390625 58.036899566650390625 82.40805816650390625 82.40805816650390625 82.40805816650390625 94.1494903564453125 94.1494903564453125 94.1494903564453125 94.1494903564453125 87.4217529296875 87.4217529296875 87.4217529296875 323.082244873046875 323.082244873046875 323.082244873046875 334.4600830078125 334.4600830078125 334.4600830078125 334.4600830078125 181.489105224609375 181.489105224609375 181.489105224609375 243.4012298583984375 243.4012298583984375 243.4012298583984375 94.54383087158203125 94.54383087158203125
0 0 0 0 0 0 0 0 0 0 0 0 0 0 0 0 0 0 0 0 0 0 0 0 0 0 0 87.81085205078125 87.81085205078125 87.81085205078125 58.09454345703125 58.09454345703125 58.09454345703125 58.09454345703125 54.218963623046875 54.218963623046875 54.218963623046875 84.11600494384765625 84.11600494384765625 84.11600494384765625 61.802318572998046875 61.802318572998046875 61.802318572998046875 61.802318572998046875 111.76885986328125 111.76885986328125 111.76885986328125 336.269927978515625 336.269927978515625 336.269927978515625 377.014007568359375 377.014007568359375 377.014007568359375 377.014007568359375 261.394805908203125 261.394805908203125 261.394805908203125 210.9049835205078125 210.9049835205078125 210.9049835205078125 84.98528289794921875 84.98528289794921875
0 0 0 0 0 0 0 0 0 0 0 0 0 0 0 0 0 0 0 0 0 0 0 0 0 0 0 87.81085205078125 87.81085205078125 87.81085205078125 58.09454345703125 58.09454345703125 58.09454345703125 58.09454345703125 54.218963623046875 54.218963623046875 54.218963623046875 84.11600494384765625 84.11600494384765625 84.11600494384765625 61.802318572998046875 61.802318572998046875 61.802318572998046875 61.802318572998046875 111.76885986328125 111.76885986328125 111.76885986328125 336.269927978515625 336.269927978515625 336.269927978515625 377.014007568359375 377.014007568359375 377.014007568359375 377.014007568359375 261.394805908203125 261.394805908203125 261.394805908203125 210.9049835205078125 210.9049835205078125 210.9049835205078125 84.98528289794921875 84.98528289794921875
0 0 0 0 0 0 0 0 0 0 0 0 0 0 0 0 0 0 0 0 0 0 0 0 0 0 0 87.81085205078125 87.81085205078125 87.81085205078125 58.09454345703125 58.09454345703125 58.09454345703125 58.09454345703125 54.218963623046875 54.218963623046875 54.218963623046875 84.11600494384765625 84.11600494384765625 84.11600494384765625 61.802318572998046875 61.802318572998046875 61.802318572998046875 61.802318572998046875 111.76885986328125 111.76885986328125 111.76885986328125 336.269927978515625 336.269927978515625 336.269927978515625 377.014007568359375 377.014007568359375 377.014007568359375 377.014007568359375 261.394805908203125 261.394805908203125 261.394805908203125 210.9049835205078125 210.9049835205078125 210.9049835205078125 84.98528289794921875 84.98528289794921875
0 0 0 0 0 0 0 0 0 0 0 0 0 0 0 0 0 0 0 0 0 0 0 0 0 0 0 87.81085205078125 87.81085205078125 87.81085205078125 58.09454345703125 58.09454345703125 58.09454345703125 58.09454345703125 54.218963623046875 54.218963623046875 54.218963623046875 84.11600494384765625 84.11600494384765625 84.11600494384765625 61.802318572998046875 61.802318572998046875 61.802318572998046875 61.802318572998046875 111.76885986328125 111.76885986328125 111.76885986328125 336.269927978515625 336.269927978515625 336.269927978515625 377.014007568359375 377.014007568359375 377.014007568359375 377.014007568359375 261.394805908203125 261.394805908203125 261.394805908203125 210.9049835205078125 210.9049835205078125 210.9049835205078125 84.98528289794921875 84.98528289794921875
0 0 0 0 0 0 0 0 0 0 0 0 0 0 0 0 0 0 0 0 0 0 0 0 0 0 0 0 0 0 0 0 0 0 57.361034393310546875 57.361034393310546875 57.361034393310546875 52.72894287109375 52.72894287109375 52.72894287109375 65.276275634765625 65.276275634765625 65.276275634765625 65.276275634765625 112.99140167236328125 112.99140167236328125 112.99140167236328125 307.322174072265625 307.322174072265625 307.322174072265625 374.227325439453125 374.227325439453125 374.227325439453125 374.227325439453125 150.5219573974609375 150.5219573974609375 150.5219573974609375 218.40570068359375 218.40570068359375 218.40570068359375 104.6140594482421875 104.6140594482421875
0 0 0 0 0 0 0 0 0 0 0 0 0 0 0 0 0 0 0 0 0 0 0 0 0 0 0 0 0 0 0 0 0 0 57.361034393310546875 57.361034393310546875 57.361034393310546875 52.72894287109375 52.72894287109375 52.72894287109375 65.276275634765625 65.276275634765625 65.276275634765625 65.276275634765625 112.99140167236328125 112.99140167236328125 112.99140167236328125 307.322174072265625 307.322174072265625 307.322174072265625 374.227325439453125 374.227325439453125 374.227325439453125 374.227325439453125 150.5219573974609375 150.5219573974609375 150.5219573974609375 218.40570068359375 218.40570068359375 218.40570068359375 104.6140594482421875 104.6140594482421875
0 0 0 0 0 0 0 0 0 0 0 0 0 0 0 0 0 0 0 0 0 0 0 0 0 0 0 0 0 0 0 0 0 0 57.361034393310546875 57.361034393310546875 57.361034393310546875 52.72894287109375 52.72894287109375 52.72894287109375 65.276275634765625 65.276275634765625 65.276275634765625 65.276275634765625 112.99140167236328125 112.99140167236328125 112.99140167236328125 307.322174072265625 307.322174072265625 307.322174072265625 374.227325439453125 374.227325439453125 374.227325439453125 374.227325439453125 150.5219573974609375 150.5219573974609375 150.5219573974609375 218.40570068359375 218.40570068359375 218.40570068359375 104.6140594482421875 104.6140594482421875
