Big_Beef/DataInputs30m/o_10_ChemistryPools/SOLUS_HumusN/layer3_humusN_gm2_BigBeef.asc
ncols        345
nrows        426
xllcorner    508562.338426187926
yllcorner    5265656.272683421150
cellsize     30.000000000000
NODATA_value -9999
[rows 308 to 335 of 426, columns 0 to 62 of 345]
0 0 0 0 0 0 0 0 0 0 0 0 0 0 0 0 0 0 0 0 0 0 0 0 106.66651153564453125 106.66651153564453125 106.66651153564453125 117.46797943115234375 117.46797943115234375 117.46797943115234375 109.571319580078125 109.571319580078125 109.571319580078125 109.571319580078125 91.81687164306640625 91.81687164306640625 91.81687164306640625 139.2789459228515625 139.2789459228515625 139.2789459228515625 294.018646240234375 294.018646240234375 294.018646240234375 294.018646240234375 455.7630615234375 455.7630615234375 455.7630615234375 572.60809326171875 572.60809326171875 572.60809326171875 573.71307373046875 573.71307373046875 573.71307373046875 573.71307373046875 557.32293701171875 557.32293701171875 557.32293701171875 400.414886474609375 400.414886474609375 400.414886474609375 265.88372802734375 265.88372802734375 265.88372802734375
0 0 0 0 0 0 0 0 0 0 0 0 0 0 0 0 0 0 0 0 0 0 0 0 106.66651153564453125 106.66651153564453125 106.66651153564453125 117.46797943115234375 117.46797943115234375 117.46797943115234375 109.571319580078125 109.571319580078125 109.571319580078125 109.571319580078125 91.81687164306640625 91.81687164306640625 91.81687164306640625 139.2789459228515625 139.2789459228515625 139.2789459228515625 294.018646240234375 294.018646240234375 294.018646240234375 294.018646240234375 455.7630615234375 455.7630615234375 455.7630615234375 572.60809326171875 572.60809326171875 572.60809326171875 573.71307373046875 573.71307373046875 573.71307373046875 573.71307373046875 557.32293701171875 557.32293701171875 557.32293701171875 400.414886474609375 400.414886474609375 400.414886474609375 265.88372802734375 265.88372802734375 265.88372802734375
0 0 0 0 0 0 0 0 0 0 0 0 0 0 0 0 0 0 0 0 0 0 0 0 106.66651153564453125 106.66651153564453125 106.66651153564453125 117.46797943115234375 117.46797943115234375 117.46797943115234375 109.571319580078125 109.571319580078125 109.571319580078125 109.571319580078125 91.81687164306640625 91.81687164306640625 91.81687164306640625 139.2789459228515625 139.2789459228515625 139.2789459228515625 294.018646240234375 294.018646240234375 294.018646240234375 294.018646240234375 455.7630615234375 455.7630615234375 455.7630615234375 572.60809326171875 572.60809326171875 572.60809326171875 573.71307373046875 573.71307373046875 573.71307373046875 573.71307373046875 557.32293701171875 557.32293701171875 557.32293701171875 400.414886474609375 400.414886474609375 400.414886474609375 265.88372802734375 265.88372802734375 265.88372802734375
0 0 0 0 0 0 0 0 0 0 0 0 0 0 0 0 0 0 0 0 0 0 0 0 141.430908203125 141.430908203125 141.430908203125 99.86051177978515625 99.86051177978515625 99.86051177978515625 128.51080322265625 128.51080322265625 128.51080322265625 128.51080322265625 93.001190185546875 93.001190185546875 93.001190185546875 204.8539886474609375 204.8539886474609375 204.8539886474609375 394.206817626953125 394.206817626953125 394.206817626953125 394.206817626953125 565.44500732421875 565.44500732421875 565.44500732421875 599.1470947265625 599.1470947265625 599.1470947265625 525.38580322265625 525.38580322265625 525.38580322265625 525.38580322265625 525.03643798828125 525.03643798828125 525.03643798828125 360.653839111328125 360.653839111328125 360.653839111328125 218.6399383544921875 218.6399383544921875 218.6399383544921875
0 0 0 0 0 0 0 0 0 0 0 0 0 0 0 0 0 0 0 0 0 0 0 0 141.430908203125 141.430908203125 141.430908203125 99.86051177978515625 99.86051177978515625 99.86051177978515625 128.51080322265625 128.51080322265625 128.51080322265625 128.51080322265625 93.001190185546875 93.001190185546875 93.001190185546875 204.8539886474609375 204.8539886474609375 204.8539886474609375 394.206817626953125 394.206817626953125 394.206817626953125 394.206817626953125 565.44500732421875 565.44500732421875 565.44500732421875 599.1470947265625 599.1470947265625 599.1470947265625 525.38580322265625 525.38580322265625 525.38580322265625 525.38580322265625 525.03643798828125 525.03643798828125 525.03643798828125 360.653839111328125 360.653839111328125 360.653839111328125 218.6399383544921875 218.6399383544921875 218.6399383544921875
0 0 0 0 0 0 0 0 0 0 0 0 0 0 0 0 0 0 0 0 0 0 0 0 141.430908203125 141.430908203125 141.430908203125 99.86051177978515625 99.86051177978515625 99.86051177978515625 128.51080322265625 128.51080322265625 128.51080322265625 128.51080322265625 93.001190185546875 93.001190185546875 93.001190185546875 204.8539886474609375 204.8539886474609375 204.8539886474609375 394.206817626953125 394.206817626953125 394.206817626953125 394.206817626953125 565.44500732421875 565.44500732421875 565.44500732421875 599.1470947265625 599.1470947265625 599.1470947265625 525.38580322265625 525.38580322265625 525.38580322265625 525.38580322265625 525.03643798828125 525.03643798828125 525.03643798828125 360.653839111328125 360.653839111328125 360.653839111328125 218.6399383544921875 218.6399383544921875 218.6399383544921875
0 0 0 0 0 0 0 0 0 0 0 0 0 0 0 0 0 0 0 0 0 0 0 0 110.86103057861328125 110.86103057861328125 110.86103057861328125 127.85610198974609375 127.85610198974609375 127.85610198974609375 96.73760986328125 96.73760986328125 96.73760986328125 96.73760986328125 105.44799041748046875 105.44799041748046875 105.44799041748046875 328.801177978515625 328.801177978515625 328.801177978515625 495.779510498046875 495.779510498046875 495.779510498046875 495.779510498046875 576.826171875 576.826171875 576.826171875 280.171722412109375 280.171722412109375 280.171722412109375 451.909271240234375 451.909271240234375 451.909271240234375 451.909271240234375 502.351898193359375 502.351898193359375 502.351898193359375 399.029632568359375 399.029632568359375 399.029632568359375 245.36920166015625 245.36920166015625 245.36920166015625
0 0 0 0 0 0 0 0 0 0 0 0 0 0 0 0 0 0 0 0 0 0 0 0 110.86103057861328125 110.86103057861328125 110.86103057861328125 127.85610198974609375 127.85610198974609375 127.85610198974609375 96.73760986328125 96.73760986328125 96.73760986328125 96.73760986328125 105.44799041748046875 105.44799041748046875 105.44799041748046875 328.801177978515625 328.801177978515625 328.801177978515625 495.779510498046875 495.779510498046875 495.779510498046875 495.779510498046875 576.826171875 576.826171875 576.826171875 280.171722412109375 280.171722412109375 280.171722412109375 451.909271240234375 451.909271240234375 451.909271240234375 451.909271240234375 502.351898193359375 502.351898193359375 502.351898193359375 399.029632568359375 399.029632568359375 399.029632568359375 245.36920166015625 245.36920166015625 245.36920166015625
0 0 0 0 0 0 0 0 0 0 0 0 0 0 0 0 0 0 0 0 0 0 0 0 110.86103057861328125 110.86103057861328125 110.86103057861328125 127.85610198974609375 127.85610198974609375 127.85610198974609375 96.73760986328125 96.73760986328125 96.73760986328125 96.73760986328125 105.44799041748046875 105.44799041748046875 105.44799041748046875 328.801177978515625 328.801177978515625 328.801177978515625 495.779510498046875 495.779510498046875 495.779510498046875 495.779510498046875 576.826171875 576.826171875 576.826171875 280.171722412109375 280.171722412109375 280.171722412109375 451.909271240234375 451.909271240234375 451.909271240234375 451.909271240234375 502.351898193359375 502.351898193359375 502.351898193359375 399.029632568359375 399.029632568359375 399.029632568359375 245.36920166015625 245.36920166015625 245.36920166015625
0 0 0 0 0 0 0 0 0 0 0 0 0 0 0 0 0 0 0 0 0 0 0 0 110.86103057861328125 110.86103057861328125 110.86103057861328125 127.85610198974609375 127.85610198974609375 127.85610198974609375 96.73760986328125 96.73760986328125 96.73760986328125 96.73760986328125 105.44799041748046875 105.44799041748046875 105.44799041748046875 328.801177978515625 328.801177978515625 328.801177978515625 495.779510498046875 495.779510498046875 495.779510498046875 495.779510498046875 576.826171875 576.826171875 576.826171875 280.171722412109375 280.171722412109375 280.171722412109375 451.909271240234375 451.909271240234375 451.909271240234375 451.909271240234375 502.351898193359375 502.351898193359375 502.351898193359375 399.029632568359375 399.029632568359375 399.029632568359375 245.36920166015625 245.36920166015625 245.36920166015625
0 0 0 0 0 0 0 0 0 0 0 0 0 0 0 0 0 0 0 0 0 0 0 0 93.390045166015625 93.390045166015625 93.390045166015625 138.795806884765625 138.795806884765625 138.795806884765625 95.96734619140625 95.96734619140625 95.96734619140625 95.96734619140625 187.98541259765625 187.98541259765625 187.98541259765625 423.079864501953125 423.079864501953125 423.079864501953125 555.37738037109375 555.37738037109375 555.37738037109375 555.37738037109375 579.96148681640625 579.96148681640625 579.96148681640625 483.972900390625 483.972900390625 483.972900390625 374.732147216796875 374.732147216796875 374.732147216796875 374.732147216796875 426.38671875 426.38671875 426.38671875 406.959075927734375 406.959075927734375 406.959075927734375 275.769775390625 275.769775390625 275.769775390625
0 0 0 0 0 0 0 0 0 0 0 0 0 0 0 0 0 0 0 0 0 0 0 0 93.390045166015625 93.390045166015625 93.390045166015625 138.795806884765625 138.795806884765625 138.795806884765625 95.96734619140625 95.96734619140625 95.96734619140625 95.96734619140625 187.98541259765625 187.98541259765625 187.98541259765625 423.079864501953125 423.079864501953125 423.079864501953125 555.37738037109375 555.37738037109375 555.37738037109375 555.37738037109375 579.96148681640625 579.96148681640625 579.96148681640625 483.972900390625 483.972900390625 483.972900390625 374.732147216796875 374.732147216796875 374.732147216796875 374.732147216796875 426.38671875 426.38671875 426.38671875 406.959075927734375 406.959075927734375 406.959075927734375 275.769775390625 275.769775390625 275.769775390625
0 0 0 0 0 0 0 0 0 0 0 0 0 0 0 0 0 0 0 0 0 0 0 0 93.390045166015625 93.390045166015625 93.390045166015625 138.795806884765625 138.795806884765625 138.795806884765625 95.96734619140625 95.96734619140625 95.96734619140625 95.96734619140625 187.98541259765625 187.98541259765625 187.98541259765625 423.079864501953125 423.079864501953125 423.079864501953125 555.37738037109375 555.37738037109375 555.37738037109375 555.37738037109375 579.96148681640625 579.96148681640625 579.96148681640625 483.972900390625 483.972900390625 483.972900390625 374.732147216796875 374.732147216796875 374.732147216796875 374.732147216796875 426.38671875 426.38671875 426.38671875 406.959075927734375 406.959075927734375 406.959075927734375 275.769775390625 275.769775390625 275.769775390625
0 0 0 0 0 0 0 0 0 0 0 0 0 0 0 0 0 0 0 0 0 0 0 0 0 0 0 143.7835693359375 143.7835693359375 143.7835693359375 101.645172119140625 101.645172119140625 101.645172119140625 101.645172119140625 256.43841552734375 256.43841552734375 256.43841552734375 510.368682861328125 510.368682861328125 510.368682861328125 547.6038818359375 547.6038818359375 547.6038818359375 547.6038818359375 470.318695068359375 470.318695068359375 470.318695068359375 187.12286376953125 187.12286376953125 187.12286376953125 270.90386962890625 270.90386962890625 270.90386962890625 270.90386962890625 291.705657958984375 291.705657958984375 291.705657958984375 330.62445068359375 330.62445068359375 330.62445068359375 185.0355224609375 185.0355224609375 185.0355224609375
0 0 0 0 0 0 0 0 0 0 0 0 0 0 0 0 0 0 0 0 0 0 0 0 0 0 0 143.7835693359375 143.7835693359375 143.7835693359375 101.645172119140625 101.645172119140625 101.645172119140625 101.645172119140625 256.43841552734375 256.43841552734375 256.43841552734375 510.368682861328125 510.368682861328125 510.368682861328125 547.6038818359375 547.6038818359375 547.6038818359375 547.6038818359375 470.318695068359375 470.318695068359375 470.318695068359375 187.12286376953125 187.12286376953125 187.12286376953125 270.90386962890625 270.90386962890625 270.90386962890625 270.90386962890625 291.705657958984375 291.705657958984375 291.705657958984375 330.62445068359375 330.62445068359375 330.62445068359375 185.0355224609375 185.0355224609375 185.0355224609375
0 0 0 0 0 0 0 0 0 0 0 0 0 0 0 0 0 0 0 0 0 0 0 0 0 0 0 143.7835693359375 143.7835693359375 143.7835693359375 101.645172119140625 101.645172119140625 101.645172119140625 101.645172119140625 256.43841552734375 256.43841552734375 256.43841552734375 510.368682861328125 510.368682861328125 510.368682861328125 547.6038818359375 547.6038818359375 547.6038818359375 547.6038818359375 470.318695068359375 470.318695068359375 470.318695068359375 187.12286376953125 187.12286376953125 187.12286376953125 270.90386962890625 270.90386962890625 270.90386962890625 270.90386962890625 291.705657958984375 291.705657958984375 291.705657958984375 330.62445068359375 330.62445068359375 330.62445068359375 185.0355224609375 185.0355224609375 185.0355224609375
0 0 0 0 0 0 0 0 0 0 0 0 0 0 0 0 0 0 0 0 0 0 0 0 0 0 0 99.06412506103515625 99.06412506103515625 99.06412506103515625 177.7443389892578125 177.7443389892578125 177.7443389892578125 177.7443389892578125 432.456695556640625 432.456695556640625 432.456695556640625 393.822052001953125 393.822052001953125 393.822052001953125 512.1328125 512.1328125 512.1328125 512.1328125 193.507568359375 193.507568359375 193.507568359375 191.3290863037109375 191.3290863037109375 191.3290863037109375 92.59722900390625 92.59722900390625 92.59722900390625 92.59722900390625 95.847686767578125 95.847686767578125 95.847686767578125 273.169219970703125 273.169219970703125 273.169219970703125 122.88056182861328125 122.88056182861328125 122.88056182861328125
0 0 0 0 0 0 0 0 0 0 0 0 0 0 0 0 0 0 0 0 0 0 0 0 0 0 0 99.06412506103515625 99.06412506103515625 99.06412506103515625 177.7443389892578125 177.7443389892578125 177.7443389892578125 177.7443389892578125 432.456695556640625 432.456695556640625 432.456695556640625 393.822052001953125 393.822052001953125 393.822052001953125 512.1328125 512.1328125 512.1328125 512.1328125 193.507568359375 193.507568359375 193.507568359375 191.3290863037109375 191.3290863037109375 191.3290863037109375 92.59722900390625 92.59722900390625 92.59722900390625 92.59722900390625 95.847686767578125 95.847686767578125 95.847686767578125 273.169219970703125 273.169219970703125 273.169219970703125 122.88056182861328125 122.88056182861328125 122.88056182861328125
0 0 0 0 0 0 0 0 0 0 0 0 0 0 0 0 0 0 0 0 0 0 0 0 0 0 0 99.06412506103515625 99.06412506103515625 99.06412506103515625 177.7443389892578125 177.7443389892578125 177.7443389892578125 177.7443389892578125 432.456695556640625 432.456695556640625 432.456695556640625 393.822052001953125 393.822052001953125 393.822052001953125 512.1328125 512.1328125 512.1328125 512.1328125 193.507568359375 193.507568359375 193.507568359375 191.3290863037109375 191.3290863037109375 191.3290863037109375 92.59722900390625 92.59722900390625 92.59722900390625 92.59722900390625 95.847686767578125 95.847686767578125 95.847686767578125 273.169219970703125 273.169219970703125 273.169219970703125 122.88056182861328125 122.88056182861328125 122.88056182861328125
0 0 0 0 0 0 0 0 0 0 0 0 0 0 0 0 0 0 0 0 0 0 0 0 0 0 0 99.06412506103515625 99.06412506103515625 99.06412506103515625 177.7443389892578125 177.7443389892578125 177.7443389892578125 177.7443389892578125 432.456695556640625 432.456695556640625 432.456695556640625 393.822052001953125 393.822052001953125 393.822052001953125 512.1328125 512.1328125 512.1328125 512.1328125 193.507568359375 193.507568359375 193.507568359375 191.3290863037109375 191.3290863037109375 191.3290863037109375 92.59722900390625 92.59722900390625 92.59722900390625 92.59722900390625 95.847686767578125 95.847686767578125 95.847686767578125 273.169219970703125 273.169219970703125 273.169219970703125 122.88056182861328125 122.88056182861328125 122.88056182861328125
0 0 0 0 0 0 0 0 0 0 0 0 0 0 0 0 0 0 0 0 0 0 0 0 98.15114593505859375 98.15114593505859375 98.15114593505859375 100.32421112060546875 100.32421112060546875 100.32421112060546875 309.954315185546875 309.954315185546875 309.954315185546875 309.954315185546875 475.897186279296875 475.897186279296875 475.897186279296875 588.07904052734375 588.07904052734375 588.07904052734375 534.90447998046875 534.90447998046875 534.90447998046875 534.90447998046875 186.1519317626953125 186.1519317626953125 186.1519317626953125 96.03659820556640625 96.03659820556640625 96.03659820556640625 94.27454376220703125 94.27454376220703125 94.27454376220703125 94.27454376220703125 93.19576263427734375 93.19576263427734375 93.19576263427734375 279.260009765625 279.260009765625 279.260009765625 123.703643798828125 123.703643798828125 123.703643798828125
0 0 0 0 0 0 0 0 0 0 0 0 0 0 0 0 0 0 0 0 0 0 0 0 98.15114593505859375 98.15114593505859375 98.15114593505859375 100.32421112060546875 100.32421112060546875 100.32421112060546875 309.954315185546875 309.954315185546875 309.954315185546875 309.954315185546875 475.897186279296875 475.897186279296875 475.897186279296875 588.07904052734375 588.07904052734375 588.07904052734375 534.90447998046875 534.90447998046875 534.90447998046875 534.90447998046875 186.1519317626953125 186.1519317626953125 186.1519317626953125 96.03659820556640625 96.03659820556640625 96.03659820556640625 94.27454376220703125 94.27454376220703125 94.27454376220703125 94.27454376220703125 93.19576263427734375 93.19576263427734375 93.19576263427734375 279.260009765625 279.260009765625 279.260009765625 123.703643798828125 123.703643798828125 123.703643798828125
0 0 0 0 0 0 0 0 0 0 0 0 0 0 0 0 0 0 0 0 0 0 0 0 98.15114593505859375 98.15114593505859375 98.15114593505859375 100.32421112060546875 100.32421112060546875 100.32421112060546875 309.954315185546875 309.954315185546875 309.954315185546875 309.954315185546875 475.897186279296875 475.897186279296875 475.897186279296875 588.07904052734375 588.07904052734375 588.07904052734375 534.90447998046875 534.90447998046875 534.90447998046875 534.90447998046875 186.1519317626953125 186.1519317626953125 186.1519317626953125 96.03659820556640625 96.03659820556640625 96.03659820556640625 94.27454376220703125 94.27454376220703125 94.27454376220703125 94.27454376220703125 93.19576263427734375 93.19576263427734375 93.19576263427734375 279.260009765625 279.260009765625 279.260009765625 123.703643798828125 123.703643798828125 123.703643798828125
0 0 0 0 0 0 0 0 0 0 0 0 0 0 0 0 0 0 0 0 0 0 0 0 99.46523284912109375 99.46523284912109375 99.46523284912109375 133.095672607421875 133.095672607421875 133.095672607421875 357.070831298828125 357.070831298828125 357.070831298828125 357.070831298828125 311.4385986328125 311.4385986328125 311.4385986328125 217.5341796875 217.5341796875 217.5341796875 212.7419281005859375 212.7419281005859375 212.7419281005859375 212.7419281005859375 338.952789306640625 338.952789306640625 338.952789306640625 115.65192413330078125 115.65192413330078125 115.65192413330078125 83.940399169921875 83.940399169921875 83.940399169921875 83.940399169921875 110.654693603515625 110.654693603515625 110.654693603515625 304.298004150390625 304.298004150390625 304.298004150390625 118.605926513671875 118.605926513671875 118.605926513671875
0 0 0 0 0 0 0 0 0 0 0 0 0 0 0 0 0 0 0 0 0 0 0 0 99.46523284912109375 99.46523284912109375 99.46523284912109375 133.095672607421875 133.095672607421875 133.095672607421875 357.070831298828125 357.070831298828125 357.070831298828125 357.070831298828125 311.4385986328125 311.4385986328125 311.4385986328125 217.5341796875 217.5341796875 217.5341796875 212.7419281005859375 212.7419281005859375 212.7419281005859375 212.7419281005859375 338.952789306640625 338.952789306640625 338.952789306640625 115.65192413330078125 115.65192413330078125 115.65192413330078125 83.940399169921875 83.940399169921875 83.940399169921875 83.940399169921875 110.654693603515625 110.654693603515625 110.654693603515625 304.298004150390625 304.298004150390625 304.298004150390625 118.605926513671875 118.605926513671875 118.605926513671875
0 0 0 0 0 0 0 0 0 0 0 0 0 0 0 0 0 0 0 0 0 0 0 0 99.46523284912109375 99.46523284912109375 99.46523284912109375 133.095672607421875 133.095672607421875 133.095672607421875 357.070831298828125 357.070831298828125 357.070831298828125 357.070831298828125 311.4385986328125 311.4385986328125 311.4385986328125 217.5341796875 217.5341796875 217.5341796875 212.7419281005859375 212.7419281005859375 212.7419281005859375 212.7419281005859375 338.952789306640625 338.952789306640625 338.952789306640625 115.65192413330078125 115.65192413330078125 115.65192413330078125 83.940399169921875 83.940399169921875 83.940399169921875 83.940399169921875 110.654693603515625 110.654693603515625 110.654693603515625 304.298004150390625 304.298004150390625 304.298004150390625 118.605926513671875 118.605926513671875 118.605926513671875
0 0 0 0 0 0 0 0 0 0 0 0 0 0 0 0 0 0 0 0 0 0 0 0 100.616851806640625 100.616851806640625 100.616851806640625 105.963897705078125 105.963897705078125 105.963897705078125 126.396728515625 126.396728515625 126.396728515625 126.396728515625 175.294464111328125 175.294464111328125 175.294464111328125 110.45766448974609375 110.45766448974609375 110.45766448974609375 159.8292236328125 159.8292236328125 159.8292236328125 159.8292236328125 338.838592529296875 338.838592529296875 338.838592529296875 136.9920654296875 136.9920654296875 136.9920654296875 137.918792724609375 137.918792724609375 137.918792724609375 137.918792724609375 113.97667694091796875 113.97667694091796875 113.97667694091796875 328.978271484375 328.978271484375 328.978271484375 105.68410491943359375 105.68410491943359375 105.68410491943359375
0 0 0 0 0 0 0 0 0 0 0 0 0 0 0 0 0 0 0 0 0 0 0 0 100.616851806640625 100.616851806640625 100.616851806640625 105.963897705078125 105.963897705078125 105.963897705078125 126.396728515625 126.396728515625 126.396728515625 126.396728515625 175.294464111328125 175.294464111328125 175.294464111328125 110.45766448974609375 110.45766448974609375 110.45766448974609375 159.8292236328125 159.8292236328125 159.8292236328125 159.8292236328125 338.838592529296875 338.838592529296875 338.838592529296875 136.9920654296875 136.9920654296875 136.9920654296875 137.918792724609375 137.918792724609375 137.918792724609375 137.918792724609375 113.97667694091796875 113.97667694091796875 113.97667694091796875 328.978271484375 328.978271484375 328.978271484375 105.68410491943359375 105.68410491943359375 105.68410491943359375
