Big_Beef/DataInputs30m/o_10_ChemistryPools/SOLUS_HumusN/layer4_humusN_gm2_BigBeef.asc
ncols        345
nrows        426
xllcorner    508562.338426187926
yllcorner    5265656.272683421150
cellsize     30.000000000000
NODATA_value -9999
[rows 224 to 251 of 426, columns 62 to 123 of 345]
0 0 0 0 0 0 0 0 0 0 0 0 0 0 0 0 0 0 0 0 0 0 0 0 0 0 0 0 0 0 0 0 0 0 0 0 0 0 0 0 0 83.06241607666015625 83.06241607666015625 83.06241607666015625 83.06241607666015625 87.82851409912109375 87.82851409912109375 87.82851409912109375 163.6350555419921875 163.6350555419921875 163.6350555419921875 95.70804595947265625 95.70804595947265625 95.70804595947265625 95.70804595947265625 74.81377410888671875 74.81377410888671875 74.81377410888671875 102.2816619873046875 102.2816619873046875 102.2816619873046875 87.52999114990234375
0 0 0 0 0 0 0 0 0 0 0 0 0 0 0 0 0 0 0 0 0 0 0 0 0 0 0 0 0 0 0 0 0 0 0 0 0 0 86.1558074951171875 86.1558074951171875 86.1558074951171875 80.1663055419921875 80.1663055419921875 80.1663055419921875 80.1663055419921875 85.1886749267578125 85.1886749267578125 85.1886749267578125 99.66129302978515625 99.66129302978515625 99.66129302978515625 68.1570281982421875 68.1570281982421875 68.1570281982421875 68.1570281982421875 74.43549346923828125 74.43549346923828125 74.43549346923828125 68.13872528076171875 68.13872528076171875 68.13872528076171875 84.83160400390625
0 0 0 0 0 0 0 0 0 0 0 0 0 0 0 0 0 0 0 0 0 0 0 0 0 0 0 0 0 0 0 0 0 0 0 0 0 0 86.1558074951171875 86.1558074951171875 86.1558074951171875 80.1663055419921875 80.1663055419921875 80.1663055419921875 80.1663055419921875 85.1886749267578125 85.1886749267578125 85.1886749267578125 99.66129302978515625 99.66129302978515625 99.66129302978515625 68.1570281982421875 68.1570281982421875 68.1570281982421875 68.1570281982421875 74.43549346923828125 74.43549346923828125 74.43549346923828125 68.13872528076171875 68.13872528076171875 68.13872528076171875 84.83160400390625
0 0 0 0 0 0 0 0 0 0 0 0 0 0 0 0 0 0 0 0 0 0 0 0 0 0 0 0 0 0 0 0 0 0 0 0 0 0 86.1558074951171875 86.1558074951171875 86.1558074951171875 80.1663055419921875 80.1663055419921875 80.1663055419921875 80.1663055419921875 85.1886749267578125 85.1886749267578125 85.1886749267578125 99.66129302978515625 99.66129302978515625 99.66129302978515625 68.1570281982421875 68.1570281982421875 68.1570281982421875 68.1570281982421875 74.43549346923828125 74.43549346923828125 74.43549346923828125 68.13872528076171875 68.13872528076171875 68.13872528076171875 84.83160400390625
0 0 0 0 0 0 0 0 0 0 0 0 0 0 0 0 0 0 0 0 0 0 0 0 0 0 0 0 0 0 0 0 0 0 0 0 0 0 62.1366119384765625 62.1366119384765625 62.1366119384765625 82.4858551025390625 82.4858551025390625 82.4858551025390625 82.4858551025390625 78.8116912841796875 78.8116912841796875 78.8116912841796875 58.935642242431640625 58.935642242431640625 58.935642242431640625 70.44244384765625 70.44244384765625 70.44244384765625 70.44244384765625 73.20062255859375 73.20062255859375 73.20062255859375 58.748210906982421875 58.748210906982421875 58.748210906982421875 64.74079132080078125
0 0 0 0 0 0 0 0 0 0 0 0 0 0 0 0 0 0 0 0 0 0 0 0 0 0 0 0 0 0 0 0 0 0 0 0 0 0 62.1366119384765625 62.1366119384765625 62.1366119384765625 82.4858551025390625 82.4858551025390625 82.4858551025390625 82.4858551025390625 78.8116912841796875 78.8116912841796875 78.8116912841796875 58.935642242431640625 58.935642242431640625 58.935642242431640625 70.44244384765625 70.44244384765625 70.44244384765625 70.44244384765625 73.20062255859375 73.20062255859375 73.20062255859375 58.748210906982421875 58.748210906982421875 58.748210906982421875 64.74079132080078125
0 0 0 0 0 0 0 0 0 0 0 0 0 0 0 0 0 0 0 0 0 0 0 0 0 0 0 0 0 0 0 0 0 0 0 0 0 0 62.1366119384765625 62.1366119384765625 62.1366119384765625 82.4858551025390625 82.4858551025390625 82.4858551025390625 82.4858551025390625 78.8116912841796875 78.8116912841796875 78.8116912841796875 58.935642242431640625 58.935642242431640625 58.935642242431640625 70.44244384765625 70.44244384765625 70.44244384765625 70.44244384765625 73.20062255859375 73.20062255859375 73.20062255859375 58.748210906982421875 58.748210906982421875 58.748210906982421875 64.74079132080078125
0 0 0 0 0 0 0 0 0 0 0 0 0 0 0 0 0 0 0 0 0 0 0 0 0 0 0 0 0 0 0 83.25319671630859375 83.25319671630859375 83.25319671630859375 83.25319671630859375 57.763946533203125 57.763946533203125 57.763946533203125 56.318729400634765625 56.318729400634765625 56.318729400634765625 65.1457977294921875 65.1457977294921875 65.1457977294921875 65.1457977294921875 56.017642974853515625 56.017642974853515625 56.017642974853515625 49.094142913818359375 49.094142913818359375 49.094142913818359375 54.205310821533203125 54.205310821533203125 54.205310821533203125 54.205310821533203125 83.3124237060546875 83.3124237060546875 83.3124237060546875 57.870342254638671875 57.870342254638671875 57.870342254638671875 72.181365966796875
0 0 0 0 0 0 0 0 0 0 0 0 0 0 0 0 0 0 0 0 0 0 0 0 0 0 0 0 0 0 0 83.25319671630859375 83.25319671630859375 83.25319671630859375 83.25319671630859375 57.763946533203125 57.763946533203125 57.763946533203125 56.318729400634765625 56.318729400634765625 56.318729400634765625 65.1457977294921875 65.1457977294921875 65.1457977294921875 65.1457977294921875 56.017642974853515625 56.017642974853515625 56.017642974853515625 49.094142913818359375 49.094142913818359375 49.094142913818359375 54.205310821533203125 54.205310821533203125 54.205310821533203125 54.205310821533203125 83.3124237060546875 83.3124237060546875 83.3124237060546875 57.870342254638671875 57.870342254638671875 57.870342254638671875 72.181365966796875
0 0 0 0 0 0 0 0 0 0 0 0 0 0 0 0 0 0 0 0 0 0 0 0 0 0 0 0 0 0 0 83.25319671630859375 83.25319671630859375 83.25319671630859375 83.25319671630859375 57.763946533203125 57.763946533203125 57.763946533203125 56.318729400634765625 56.318729400634765625 56.318729400634765625 65.1457977294921875 65.1457977294921875 65.1457977294921875 65.1457977294921875 56.017642974853515625 56.017642974853515625 56.017642974853515625 49.094142913818359375 49.094142913818359375 49.094142913818359375 54.205310821533203125 54.205310821533203125 54.205310821533203125 54.205310821533203125 83.3124237060546875 83.3124237060546875 83.3124237060546875 57.870342254638671875 57.870342254638671875 57.870342254638671875 72.181365966796875
0 0 0 0 0 0 0 0 0 0 0 0 0 0 0 0 0 0 0 0 0 0 0 0 0 0 0 0 0 0 0 83.25319671630859375 83.25319671630859375 83.25319671630859375 83.25319671630859375 57.763946533203125 57.763946533203125 57.763946533203125 56.318729400634765625 56.318729400634765625 56.318729400634765625 65.1457977294921875 65.1457977294921875 65.1457977294921875 65.1457977294921875 56.017642974853515625 56.017642974853515625 56.017642974853515625 49.094142913818359375 49.094142913818359375 49.094142913818359375 54.205310821533203125 54.205310821533203125 54.205310821533203125 54.205310821533203125 83.3124237060546875 83.3124237060546875 83.3124237060546875 57.870342254638671875 57.870342254638671875 57.870342254638671875 72.181365966796875
0 0 0 0 0 0 0 0 0 0 0 0 0 0 0 0 0 0 0 0 0 0 0 0 0 0 0 0 0 0 0 52.5853118896484375 52.5853118896484375 52.5853118896484375 52.5853118896484375 77.59814453125 77.59814453125 77.59814453125 55.36688232421875 55.36688232421875 55.36688232421875 83.9183349609375 83.9183349609375 83.9183349609375 83.9183349609375 121.8589324951171875 121.8589324951171875 121.8589324951171875 92.52904510498046875 92.52904510498046875 92.52904510498046875 102.1904449462890625 102.1904449462890625 102.1904449462890625 102.1904449462890625 99.787139892578125 99.787139892578125 99.787139892578125 113.94952392578125 113.94952392578125 113.94952392578125 148.2539825439453125
0 0 0 0 0 0 0 0 0 0 0 0 0 0 0 0 0 0 0 0 0 0 0 0 0 0 0 0 0 0 0 52.5853118896484375 52.5853118896484375 52.5853118896484375 52.5853118896484375 77.59814453125 77.59814453125 77.59814453125 55.36688232421875 55.36688232421875 55.36688232421875 83.9183349609375 83.9183349609375 83.9183349609375 83.9183349609375 121.8589324951171875 121.8589324951171875 121.8589324951171875 92.52904510498046875 92.52904510498046875 92.52904510498046875 102.1904449462890625 102.1904449462890625 102.1904449462890625 102.1904449462890625 99.787139892578125 99.787139892578125 99.787139892578125 113.94952392578125 113.94952392578125 113.94952392578125 148.2539825439453125
0 0 0 0 0 0 0 0 0 0 0 0 0 0 0 0 0 0 0 0 0 0 0 0 0 0 0 0 0 0 0 52.5853118896484375 52.5853118896484375 52.5853118896484375 52.5853118896484375 77.59814453125 77.59814453125 77.59814453125 55.36688232421875 55.36688232421875 55.36688232421875 83.9183349609375 83.9183349609375 83.9183349609375 83.9183349609375 121.8589324951171875 121.8589324951171875 121.8589324951171875 92.52904510498046875 92.52904510498046875 92.52904510498046875 102.1904449462890625 102.1904449462890625 102.1904449462890625 102.1904449462890625 99.787139892578125 99.787139892578125 99.787139892578125 113.94952392578125 113.94952392578125 113.94952392578125 148.2539825439453125
0 0 0 0 0 0 0 0 0 0 0 0 0 0 0 0 0 0 0 0 0 0 0 0 0 0 0 0 55.577239990234375 55.577239990234375 55.577239990234375 64.33080291748046875 64.33080291748046875 64.33080291748046875 64.33080291748046875 65.5433502197265625 65.5433502197265625 65.5433502197265625 94.54624176025390625 94.54624176025390625 94.54624176025390625 77.38802337646484375 77.38802337646484375 77.38802337646484375 77.38802337646484375 113.83924102783203125 113.83924102783203125 113.83924102783203125 83.2083892822265625 83.2083892822265625 83.2083892822265625 120.44437408447265625 120.44437408447265625 120.44437408447265625 120.44437408447265625 89.31890106201171875 89.31890106201171875 89.31890106201171875 165.88604736328125 165.88604736328125 165.88604736328125 336.878448486328125
0 0 0 0 0 0 0 0 0 0 0 0 0 0 0 0 0 0 0 0 0 0 0 0 0 0 0 0 55.577239990234375 55.577239990234375 55.577239990234375 64.33080291748046875 64.33080291748046875 64.33080291748046875 64.33080291748046875 65.5433502197265625 65.5433502197265625 65.5433502197265625 94.54624176025390625 94.54624176025390625 94.54624176025390625 77.38802337646484375 77.38802337646484375 77.38802337646484375 77.38802337646484375 113.83924102783203125 113.83924102783203125 113.83924102783203125 83.2083892822265625 83.2083892822265625 83.2083892822265625 120.44437408447265625 120.44437408447265625 120.44437408447265625 120.44437408447265625 89.31890106201171875 89.31890106201171875 89.31890106201171875 165.88604736328125 165.88604736328125 165.88604736328125 336.878448486328125
0 0 0 0 0 0 0 0 0 0 0 0 0 0 0 0 0 0 0 0 0 0 0 0 0 0 0 0 55.577239990234375 55.577239990234375 55.577239990234375 64.33080291748046875 64.33080291748046875 64.33080291748046875 64.33080291748046875 65.5433502197265625 65.5433502197265625 65.5433502197265625 94.54624176025390625 94.54624176025390625 94.54624176025390625 77.38802337646484375 77.38802337646484375 77.38802337646484375 77.38802337646484375 113.83924102783203125 113.83924102783203125 113.83924102783203125 83.2083892822265625 83.2083892822265625 83.2083892822265625 120.44437408447265625 120.44437408447265625 120.44437408447265625 120.44437408447265625 89.31890106201171875 89.31890106201171875 89.31890106201171875 165.88604736328125 165.88604736328125 165.88604736328125 336.878448486328125
0 0 0 0 0 67.445770263671875 67.445770263671875 67.445770263671875 0 0 0 0 0 0 0 0 0 0 0 0 0 88.23380279541015625 88.23380279541015625 88.23380279541015625 88.23380279541015625 89.54327392578125 89.54327392578125 89.54327392578125 59.845951080322265625 59.845951080322265625 59.845951080322265625 63.3742523193359375 63.3742523193359375 63.3742523193359375 63.3742523193359375 95.655059814453125 95.655059814453125 95.655059814453125 66.5411834716796875 66.5411834716796875 66.5411834716796875 108.9497833251953125 108.9497833251953125 108.9497833251953125 108.9497833251953125 120.10155487060546875 120.10155487060546875 120.10155487060546875 86.01141357421875 86.01141357421875 86.01141357421875 173.59307861328125 173.59307861328125 173.59307861328125 173.59307861328125 132.497589111328125 132.497589111328125 132.497589111328125 167.0255584716796875 167.0255584716796875 167.0255584716796875 349.508392333984375
0 0 0 0 0 67.445770263671875 67.445770263671875 67.445770263671875 0 0 0 0 0 0 0 0 0 0 0 0 0 88.23380279541015625 88.23380279541015625 88.23380279541015625 88.23380279541015625 89.54327392578125 89.54327392578125 89.54327392578125 59.845951080322265625 59.845951080322265625 59.845951080322265625 63.3742523193359375 63.3742523193359375 63.3742523193359375 63.3742523193359375 95.655059814453125 95.655059814453125 95.655059814453125 66.5411834716796875 66.5411834716796875 66.5411834716796875 108.9497833251953125 108.9497833251953125 108.9497833251953125 108.9497833251953125 120.10155487060546875 120.10155487060546875 120.10155487060546875 86.01141357421875 86.01141357421875 86.01141357421875 173.59307861328125 173.59307861328125 173.59307861328125 173.59307861328125 132.497589111328125 132.497589111328125 132.497589111328125 167.0255584716796875 167.0255584716796875 167.0255584716796875 349.508392333984375
0 0 0 0 0 67.445770263671875 67.445770263671875 67.445770263671875 0 0 0 0 0 0 0 0 0 0 0 0 0 88.23380279541015625 88.23380279541015625 88.23380279541015625 88.23380279541015625 89.54327392578125 89.54327392578125 89.54327392578125 59.845951080322265625 59.845951080322265625 59.845951080322265625 63.3742523193359375 63.3742523193359375 63.3742523193359375 63.3742523193359375 95.655059814453125 95.655059814453125 95.655059814453125 66.5411834716796875 66.5411834716796875 66.5411834716796875 108.9497833251953125 108.9497833251953125 108.9497833251953125 108.9497833251953125 120.10155487060546875 120.10155487060546875 120.10155487060546875 86.01141357421875 86.01141357421875 86.01141357421875 173.59307861328125 173.59307861328125 173.59307861328125 173.59307861328125 132.497589111328125 132.497589111328125 132.497589111328125 167.0255584716796875 167.0255584716796875 167.0255584716796875 349.508392333984375
0 0 0 0 0 67.445770263671875 67.445770263671875 67.445770263671875 0 0 0 0 0 0 0 0 0 0 0 0 0 88.23380279541015625 88.23380279541015625 88.23380279541015625 88.23380279541015625 89.54327392578125 89.54327392578125 89.54327392578125 59.845951080322265625 59.845951080322265625 59.845951080322265625 63.3742523193359375 63.3742523193359375 63.3742523193359375 63.3742523193359375 95.655059814453125 95.655059814453125 95.655059814453125 66.5411834716796875 66.5411834716796875 66.5411834716796875 108.9497833251953125 108.9497833251953125 108.9497833251953125 108.9497833251953125 120.10155487060546875 120.10155487060546875 120.10155487060546875 86.01141357421875 86.01141357421875 86.01141357421875 173.59307861328125 173.59307861328125 173.59307861328125 173.59307861328125 132.497589111328125 132.497589111328125 132.497589111328125 167.0255584716796875 167.0255584716796875 167.0255584716796875 349.508392333984375
0 0 0 0 0 68.0432281494140625 68.0432281494140625 68.0432281494140625 0 0 0 0 0 0 0 0 0 0 0 0 0 81.17790985107421875 81.17790985107421875 81.17790985107421875 81.17790985107421875 83.76363372802734375 83.76363372802734375 83.76363372802734375 56.945270538330078125 56.945270538330078125 56.945270538330078125 79.796417236328125 79.796417236328125 79.796417236328125 79.796417236328125 57.958683013916015625 57.958683013916015625 57.958683013916015625 82.8819427490234375 82.8819427490234375 82.8819427490234375 78.09040069580078125 78.09040069580078125 78.09040069580078125 78.09040069580078125 116.64434814453125 116.64434814453125 116.64434814453125 94.46294403076171875 94.46294403076171875 94.46294403076171875 103.68766021728515625 103.68766021728515625 103.68766021728515625 103.68766021728515625 167.6468505859375 167.6468505859375 167.6468505859375 322.450042724609375 322.450042724609375 322.450042724609375 208.2736968994140625
0 0 0 0 0 68.0432281494140625 68.0432281494140625 68.0432281494140625 0 0 0 0 0 0 0 0 0 0 0 0 0 81.17790985107421875 81.17790985107421875 81.17790985107421875 81.17790985107421875 83.76363372802734375 83.76363372802734375 83.76363372802734375 56.945270538330078125 56.945270538330078125 56.945270538330078125 79.796417236328125 79.796417236328125 79.796417236328125 79.796417236328125 57.958683013916015625 57.958683013916015625 57.958683013916015625 82.8819427490234375 82.8819427490234375 82.8819427490234375 78.09040069580078125 78.09040069580078125 78.09040069580078125 78.09040069580078125 116.64434814453125 116.64434814453125 116.64434814453125 94.46294403076171875 94.46294403076171875 94.46294403076171875 103.68766021728515625 103.68766021728515625 103.68766021728515625 103.68766021728515625 167.6468505859375 167.6468505859375 167.6468505859375 322.450042724609375 322.450042724609375 322.450042724609375 208.2736968994140625
0 0 0 0 0 68.0432281494140625 68.0432281494140625 68.0432281494140625 0 0 0 0 0 0 0 0 0 0 0 0 0 81.17790985107421875 81.17790985107421875 81.17790985107421875 81.17790985107421875 83.76363372802734375 83.76363372802734375 83.76363372802734375 56.945270538330078125 56.945270538330078125 56.945270538330078125 79.796417236328125 79.796417236328125 79.796417236328125 79.796417236328125 57.958683013916015625 57.958683013916015625 57.958683013916015625 82.8819427490234375 82.8819427490234375 82.8819427490234375 78.09040069580078125 78.09040069580078125 78.09040069580078125 78.09040069580078125 116.64434814453125 116.64434814453125 116.64434814453125 94.46294403076171875 94.46294403076171875 94.46294403076171875 103.68766021728515625 103.68766021728515625 103.68766021728515625 103.68766021728515625 167.6468505859375 167.6468505859375 167.6468505859375 322.450042724609375 322.450042724609375 322.450042724609375 208.2736968994140625
0 0 0 0 0 68.39498138427734375 68.39498138427734375 68.39498138427734375 71.04198455810546875 71.04198455810546875 71.04198455810546875 71.04198455810546875 0 0 0 66.9532318115234375 66.9532318115234375 66.9532318115234375 0 0 0 67.446868896484375 67.446868896484375 67.446868896484375 67.446868896484375 58.641109466552734375 58.641109466552734375 58.641109466552734375 54.981853485107421875 54.981853485107421875 54.981853485107421875 73.1612091064453125 73.1612091064453125 73.1612091064453125 73.1612091064453125 52.345378875732421875 52.345378875732421875 52.345378875732421875 119.45977783203125 119.45977783203125 119.45977783203125 122.3653564453125 122.3653564453125 122.3653564453125 122.3653564453125 121.82666778564453125 121.82666778564453125 121.82666778564453125 165.9757080078125 165.9757080078125 165.9757080078125 159.6087799072265625 159.6087799072265625 159.6087799072265625 159.6087799072265625 172.309234619140625 172.309234619140625 172.309234619140625 131.19158935546875 131.19158935546875 131.19158935546875 113.62313079833984375
0 0 0 0 0 68.39498138427734375 68.39498138427734375 68.39498138427734375 71.04198455810546875 71.04198455810546875 71.04198455810546875 71.04198455810546875 0 0 0 66.9532318115234375 66.9532318115234375 66.9532318115234375 0 0 0 67.446868896484375 67.446868896484375 67.446868896484375 67.446868896484375 58.641109466552734375 58.641109466552734375 58.641109466552734375 54.981853485107421875 54.981853485107421875 54.981853485107421875 73.1612091064453125 73.1612091064453125 73.1612091064453125 73.1612091064453125 52.345378875732421875 52.345378875732421875 52.345378875732421875 119.45977783203125 119.45977783203125 119.45977783203125 122.3653564453125 122.3653564453125 122.3653564453125 122.3653564453125 121.82666778564453125 121.82666778564453125 121.82666778564453125 165.9757080078125 165.9757080078125 165.9757080078125 159.6087799072265625 159.6087799072265625 159.6087799072265625 159.6087799072265625 172.309234619140625 172.309234619140625 172.309234619140625 131.19158935546875 131.19158935546875 131.19158935546875 113.62313079833984375
0 0 0 0 0 68.39498138427734375 68.39498138427734375 68.39498138427734375 71.04198455810546875 71.04198455810546875 71.04198455810546875 71.04198455810546875 0 0 0 66.9532318115234375 66.9532318115234375 66.9532318115234375 0 0 0 67.446868896484375 67.446868896484375 67.446868896484375 67.446868896484375 58.641109466552734375 58.641109466552734375 58.641109466552734375 54.981853485107421875 54.981853485107421875 54.981853485107421875 73.1612091064453125 73.1612091064453125 73.1612091064453125 73.1612091064453125 52.345378875732421875 52.345378875732421875 52.345378875732421875 119.45977783203125 119.45977783203125 119.45977783203125 122.3653564453125 122.3653564453125 122.3653564453125 122.3653564453125 121.82666778564453125 121.82666778564453125 121.82666778564453125 165.9757080078125 165.9757080078125 165.9757080078125 159.6087799072265625 159.6087799072265625 159.6087799072265625 159.6087799072265625 172.309234619140625 172.309234619140625 172.309234619140625 131.19158935546875 131.19158935546875 131.19158935546875 113.62313079833984375
0 0 0 0 0 65.64321136474609375 65.64321136474609375 65.64321136474609375 66.37122344970703125 66.37122344970703125 66.37122344970703125 66.37122344970703125 69.95261383056640625 69.95261383056640625 69.95261383056640625 93.59588623046875 93.59588623046875 93.59588623046875 59.049892425537109375 59.049892425537109375 59.049892425537109375 58.188022613525390625 58.188022613525390625 58.188022613525390625 58.188022613525390625 55.671070098876953125 55.671070098876953125 55.671070098876953125 54.491970062255859375 54.491970062255859375 54.491970062255859375 94.62191009521484375 94.62191009521484375 94.62191009521484375 94.62191009521484375 162.0981597900390625 162.0981597900390625 162.0981597900390625 264.492279052734375 264.492279052734375 264.492279052734375 136.551910400390625 136.551910400390625 136.551910400390625 136.551910400390625 124.10875701904296875 124.10875701904296875 124.10875701904296875 111.770965576171875 111.770965576171875 111.770965576171875 116.4904327392578125 116.4904327392578125 116.4904327392578125 116.4904327392578125 90.91033935546875 90.91033935546875 90.91033935546875 92.09227752685546875 92.09227752685546875 92.09227752685546875 88.1995697021484375
