Big_Beef/DataInputs30m/o_10_ChemistryPools/SOLUS_HumusN/layer1_humusN_gm2_BigBeef_reduced.asc
ncols        345
nrows        426
xllcorner    508562.338426187926
yllcorner    5265656.272683421150
cellsize     30.000000000000
NODATA_value -9999
[rows 162 to 188 of 426, columns 240 to 299 of 345]
508.178833 508.178833 508.178833 315.726929 315.726929 315.726929 315.336273 315.336273 94.600886 314.951508 314.951508 314.951508 314.951508 284.363373 284.363373 284.363373 280.079987 140.039993 140.039993 273.902557 82.170770 82.170770 82.170770 113.960829 379.869415 379.869415 283.990570 283.990570 283.990570 284.565033 284.565033 284.565033 284.565033 315.803619 315.803619 315.803619 338.021942 338.021942 338.021942 306.583801 306.583801 306.583801 306.583801 358.325226 358.325226 358.325226 352.772491 352.772491 352.772491 355.769318 355.769318 355.769318 111.498244 371.660797 371.660797 371.660797 355.870972 355.870972 355.870972 354.816376
508.178833 508.178833 508.178833 315.726929 315.726929 315.726929 315.336273 315.336273 315.336273 314.951508 314.951508 314.951508 314.951508 284.363373 284.363373 284.363373 280.079987 280.079987 140.039993 273.902557 273.902557 82.170770 82.170770 113.960829 379.869415 379.869415 283.990570 283.990570 283.990570 284.565033 284.565033 284.565033 284.565033 315.803619 315.803619 315.803619 338.021942 338.021942 338.021942 306.583801 306.583801 306.583801 306.583801 358.325226 358.325226 358.325226 352.772491 352.772491 352.772491 355.769318 355.769318 355.769318 111.498244 371.660797 371.660797 371.660797 355.870972 355.870972 355.870972 354.816376
508.178833 508.178833 508.178833 315.726929 315.726929 315.726929 315.336273 315.336273 315.336273 314.951508 314.951508 314.951508 125.980605 284.363373 284.363373 284.363373 280.079987 280.079987 280.079987 273.902557 273.902557 273.902557 273.902557 379.869415 379.869415 379.869415 283.990570 283.990570 283.990570 284.565033 284.565033 284.565033 284.565033 315.803619 315.803619 315.803619 338.021942 338.021942 338.021942 306.583801 306.583801 306.583801 306.583801 358.325226 358.325226 358.325226 352.772491 352.772491 352.772491 355.769318 355.769318 355.769318 111.498244 371.660797 371.660797 371.660797 355.870972 106.761296 106.761296 141.926552
367.968842 367.968842 367.968842 363.568970 363.568970 363.568970 318.973846 318.973846 318.973846 310.411163 310.411163 310.411163 310.411163 292.910980 292.910980 292.910980 293.310059 293.310059 293.310059 279.576508 279.576508 279.576508 279.576508 262.224884 262.224884 262.224884 290.771942 290.771942 290.771942 309.939575 309.939575 309.939575 309.939575 329.830902 329.830902 329.830902 349.537354 349.537354 349.537354 359.201538 359.201538 359.201538 359.201538 360.058258 360.058258 360.058258 659.043762 659.043762 659.043762 338.080658 338.080658 338.080658 104.743080 104.743080 349.143585 349.143585 451.687927 135.506384 135.506384 471.020691
367.968842 367.968842 367.968842 363.568970 363.568970 363.568970 318.973846 318.973846 318.973846 310.411163 310.411163 310.411163 310.411163 292.910980 292.910980 292.910980 293.310059 293.310059 293.310059 279.576508 279.576508 279.576508 279.576508 262.224884 262.224884 262.224884 290.771942 290.771942 290.771942 309.939575 309.939575 309.939575 309.939575 329.830902 329.830902 329.830902 349.537354 349.537354 349.537354 359.201538 359.201538 359.201538 359.201538 360.058258 360.058258 360.058258 659.043762 659.043762 659.043762 338.080658 338.080658 338.080658 349.143585 349.143585 139.657436 139.657436 180.675174 180.675174 135.506384 188.408279
367.968842 367.968842 367.968842 363.568970 363.568970 363.568970 318.973846 318.973846 318.973846 310.411163 310.411163 310.411163 310.411163 292.910980 292.910980 292.910980 293.310059 293.310059 293.310059 279.576508 279.576508 279.576508 279.576508 262.224884 262.224884 262.224884 290.771942 290.771942 290.771942 309.939575 309.939575 309.939575 309.939575 329.830902 329.830902 329.830902 349.537354 349.537354 349.537354 359.201538 359.201538 359.201538 359.201538 360.058258 360.058258 360.058258 659.043762 659.043762 659.043762 338.080658 338.080658 338.080658 349.143585 349.143585 349.143585 104.743080 180.675174 451.687927 135.506384 141.306213
431.354706 431.354706 431.354706 401.431152 401.431152 401.431152 392.141632 392.141632 392.141632 386.700104 386.700104 386.700104 386.700104 342.398224 342.398224 342.398224 347.599640 347.599640 347.599640 313.210022 313.210022 313.210022 313.210022 299.235138 299.235138 299.235138 295.771149 295.771149 295.771149 278.259888 278.259888 278.259888 278.259888 317.832092 317.832092 317.832092 351.892456 351.892456 351.892456 356.272675 356.272675 356.272675 356.272675 336.945038 336.945038 336.945038 764.417480 764.417480 764.417480 361.033600 361.033600 361.033600 346.480591 346.480591 346.480591 346.480591 168.886025 422.215057 422.215057 307.783417
431.354706 431.354706 431.354706 401.431152 401.431152 401.431152 392.141632 392.141632 392.141632 386.700104 386.700104 386.700104 386.700104 342.398224 342.398224 342.398224 347.599640 347.599640 347.599640 313.210022 313.210022 313.210022 313.210022 299.235138 299.235138 299.235138 295.771149 295.771149 295.771149 278.259888 278.259888 278.259888 278.259888 317.832092 317.832092 317.832092 351.892456 351.892456 351.892456 356.272675 356.272675 356.272675 356.272675 336.945038 336.945038 336.945038 764.417480 764.417480 764.417480 144.413442 361.033600 361.033600 346.480591 346.480591 346.480591 346.480591 422.215057 168.886025 422.215057 307.783417
431.354706 431.354706 431.354706 401.431152 401.431152 401.431152 392.141632 392.141632 392.141632 386.700104 386.700104 386.700104 386.700104 342.398224 342.398224 342.398224 347.599640 347.599640 347.599640 313.210022 313.210022 313.210022 313.210022 299.235138 299.235138 299.235138 295.771149 295.771149 295.771149 278.259888 278.259888 278.259888 278.259888 317.832092 317.832092 317.832092 351.892456 351.892456 351.892456 356.272675 356.272675 356.272675 356.272675 336.945038 336.945038 336.945038 764.417480 764.417480 764.417480 361.033600 361.033600 361.033600 346.480591 346.480591 346.480591 346.480591 422.215057 168.886025 422.215057 307.783417
431.354706 431.354706 431.354706 401.431152 401.431152 401.431152 392.141632 392.141632 392.141632 386.700104 386.700104 386.700104 386.700104 342.398224 342.398224 342.398224 347.599640 347.599640 347.599640 313.210022 313.210022 313.210022 313.210022 299.235138 299.235138 299.235138 295.771149 295.771149 295.771149 278.259888 278.259888 278.259888 278.259888 317.832092 317.832092 317.832092 351.892456 351.892456 351.892456 356.272675 356.272675 356.272675 356.272675 336.945038 336.945038 336.945038 764.417480 764.417480 764.417480 361.033600 361.033600 361.033600 346.480591 346.480591 346.480591 346.480591 168.886025 168.886025 126.664522 92.335029
456.132935 456.132935 456.132935 415.549927 415.549927 415.549927 362.755249 362.755249 362.755249 397.831512 397.831512 397.831512 397.831512 376.252686 376.252686 376.252686 343.391113 343.391113 343.391113 369.312866 369.312866 369.312866 369.312866 320.719452 320.719452 320.719452 304.418030 304.418030 304.418030 281.649017 281.649017 281.649017 281.649017 312.886200 312.886200 312.886200 337.483246 337.483246 337.483246 361.210907 361.210907 361.210907 361.210907 343.110626 343.110626 343.110626 376.386871 376.386871 376.386871 336.575958 336.575958 336.575958 319.897278 319.897278 319.897278 319.897278 170.854275 170.854275 427.135681 0.000000
456.132935 456.132935 456.132935 415.549927 415.549927 415.549927 362.755249 362.755249 362.755249 397.831512 397.831512 397.831512 397.831512 376.252686 376.252686 376.252686 343.391113 343.391113 343.391113 369.312866 369.312866 369.312866 369.312866 320.719452 320.719452 320.719452 304.418030 304.418030 304.418030 281.649017 281.649017 281.649017 281.649017 312.886200 312.886200 312.886200 337.483246 337.483246 337.483246 361.210907 361.210907 361.210907 361.210907 343.110626 343.110626 343.110626 376.386871 376.386871 376.386871 336.575958 336.575958 134.630385 319.897278 319.897278 319.897278 319.897278 427.135681 170.854275 128.140709 0.000000
456.132935 456.132935 456.132935 415.549927 415.549927 415.549927 362.755249 362.755249 362.755249 397.831512 397.831512 397.831512 397.831512 376.252686 376.252686 376.252686 343.391113 343.391113 343.391113 369.312866 369.312866 369.312866 369.312866 320.719452 320.719452 320.719452 304.418030 304.418030 304.418030 281.649017 281.649017 281.649017 281.649017 312.886200 312.886200 312.886200 337.483246 337.483246 337.483246 361.210907 361.210907 361.210907 361.210907 343.110626 343.110626 343.110626 376.386871 376.386871 112.916066 134.630385 336.575958 336.575958 319.897278 319.897278 319.897278 319.897278 427.135681 128.140709 0.000000 0.000000
425.498627 425.498627 425.498627 359.269135 359.269135 359.269135 345.917450 345.917450 345.917450 325.200317 325.200317 325.200317 325.200317 342.567627 342.567627 342.567627 332.730133 332.730133 332.730133 307.901733 307.901733 307.901733 307.901733 291.458221 291.458221 291.458221 283.181366 283.181366 283.181366 438.444946 438.444946 438.444946 438.444946 294.555756 294.555756 294.555756 427.871643 427.871643 427.871643 336.520905 336.520905 336.520905 336.520905 333.814819 333.814819 333.814819 338.936615 338.936615 338.936615 460.553436 460.553436 460.553436 458.191162 458.191162 458.191162 183.276468 175.611062 131.708300 439.027649 0.000000
425.498627 425.498627 425.498627 359.269135 359.269135 359.269135 345.917450 345.917450 345.917450 325.200317 325.200317 325.200317 325.200317 342.567627 342.567627 342.567627 332.730133 332.730133 332.730133 307.901733 307.901733 307.901733 307.901733 291.458221 291.458221 291.458221 283.181366 283.181366 283.181366 438.444946 438.444946 438.444946 438.444946 294.555756 294.555756 294.555756 427.871643 427.871643 427.871643 336.520905 336.520905 336.520905 336.520905 333.814819 333.814819 333.814819 338.936615 338.936615 338.936615 460.553436 184.221377 184.221377 183.276468 183.276468 183.276468 183.276468 175.611062 175.611062 439.027649 0.000000
425.498627 425.498627 425.498627 359.269135 359.269135 359.269135 345.917450 345.917450 345.917450 325.200317 325.200317 325.200317 325.200317 342.567627 342.567627 342.567627 332.730133 332.730133 332.730133 307.901733 307.901733 307.901733 307.901733 291.458221 291.458221 291.458221 283.181366 283.181366 283.181366 438.444946 438.444946 438.444946 438.444946 294.555756 294.555756 294.555756 427.871643 427.871643 427.871643 336.520905 336.520905 336.520905 336.520905 333.814819 333.814819 333.814819 338.936615 338.936615 338.936615 460.553436 460.553436 460.553436 458.191162 458.191162 458.191162 137.457354 439.027649 439.027649 439.027649 0.000000
363.926727 363.926727 363.926727 334.132050 334.132050 334.132050 329.313843 329.313843 329.313843 325.022369 325.022369 325.022369 325.022369 321.753204 321.753204 321.753204 314.865753 314.865753 314.865753 291.101105 291.101105 291.101105 291.101105 286.802948 286.802948 286.802948 288.487030 288.487030 288.487030 272.216888 272.216888 272.216888 272.216888 288.368622 288.368622 288.368622 269.408783 269.408783 269.408783 421.878296 421.878296 421.878296 421.878296 308.537598 308.537598 308.537598 309.878601 309.878601 309.878601 308.630890 308.630890 308.630890 303.157013 303.157013 303.157013 303.157013 305.460938 305.460938 0.000000 0.000000
363.926727 363.926727 363.926727 334.132050 334.132050 334.132050 329.313843 329.313843 329.313843 325.022369 325.022369 325.022369 325.022369 321.753204 321.753204 321.753204 314.865753 314.865753 314.865753 291.101105 291.101105 291.101105 291.101105 286.802948 286.802948 286.802948 288.487030 288.487030 288.487030 272.216888 272.216888 272.216888 272.216888 288.368622 288.368622 288.368622 269.408783 269.408783 269.408783 421.878296 421.878296 421.878296 421.878296 308.537598 308.537598 308.537598 309.878601 309.878601 309.878601 308.630890 308.630890 308.630890 303.157013 303.157013 303.157013 303.157013 305.460938 305.460938 0.000000 0.000000
363.926727 363.926727 363.926727 334.132050 334.132050 334.132050 329.313843 329.313843 329.313843 325.022369 325.022369 325.022369 325.022369 321.753204 321.753204 321.753204 314.865753 314.865753 314.865753 291.101105 291.101105 291.101105 291.101105 286.802948 286.802948 286.802948 288.487030 288.487030 288.487030 272.216888 272.216888 272.216888 81.665070 115.347450 288.368622 288.368622 269.408783 269.408783 269.408783 421.878296 421.878296 421.878296 421.878296 308.537598 308.537598 308.537598 309.878601 309.878601 309.878601 308.630890 308.630890 308.630890 303.157013 303.157013 303.157013 303.157013 305.460938 305.460938 0.000000 0.000000
363.926727 363.926727 363.926727 334.132050 334.132050 334.132050 329.313843 329.313843 329.313843 325.022369 325.022369 325.022369 325.022369 321.753204 321.753204 321.753204 314.865753 314.865753 314.865753 291.101105 291.101105 291.101105 291.101105 286.802948 286.802948 286.802948 288.487030 288.487030 288.487030 272.216888 272.216888 272.216888 81.665070 115.347450 288.368622 288.368622 107.763515 269.408783 269.408783 421.878296 421.878296 421.878296 421.878296 308.537598 308.537598 308.537598 309.878601 309.878601 309.878601 308.630890 308.630890 308.630890 303.157013 303.157013 303.157013 303.157013 305.460938 0.000000 0.000000 0.000000
398.572418 398.572418 398.572418 320.481171 320.481171 320.481171 308.873230 308.873230 308.873230 297.427063 297.427063 297.427063 297.427063 308.315796 308.315796 308.315796 300.580872 300.580872 300.580872 297.960907 297.960907 297.960907 297.960907 285.693939 285.693939 285.693939 288.546967 288.546967 288.546967 273.029449 81.908838 81.908838 273.029449 264.300171 105.720070 264.300171 276.670380 276.670380 276.670380 279.901093 279.901093 279.901093 279.901093 290.226837 290.226837 290.226837 290.543976 290.543976 290.543976 297.764618 297.764618 297.764618 306.601593 306.601593 306.601593 306.601593 0.000000 0.000000 0.000000 0.000000
398.572418 398.572418 398.572418 320.481171 320.481171 320.481171 308.873230 308.873230 308.873230 297.427063 297.427063 297.427063 297.427063 308.315796 308.315796 308.315796 300.580872 300.580872 300.580872 297.960907 297.960907 297.960907 297.960907 285.693939 285.693939 285.693939 288.546967 288.546967 288.546967 273.029449 273.029449 273.029449 273.029449 264.300171 264.300171 105.720070 276.670380 276.670380 276.670380 279.901093 279.901093 279.901093 279.901093 290.226837 290.226837 290.226837 290.543976 290.543976 290.543976 297.764618 297.764618 297.764618 306.601593 306.601593 306.601593 306.601593 0.000000 0.000000 0.000000 0.000000
398.572418 398.572418 398.572418 320.481171 320.481171 320.481171 308.873230 308.873230 308.873230 297.427063 297.427063 297.427063 297.427063 308.315796 308.315796 308.315796 300.580872 300.580872 300.580872 297.960907 297.960907 297.960907 297.960907 285.693939 285.693939 285.693939 288.546967 288.546967 288.546967 273.029449 273.029449 273.029449 273.029449 264.300171 264.300171 79.290054 110.668154 276.670380 276.670380 279.901093 111.960439 111.960439 279.901093 290.226837 290.226837 290.226837 290.543976 290.543976 290.543976 297.764618 297.764618 297.764618 306.601593 306.601593 306.601593 0.000000 0.000000 0.000000 0.000000 0.000000
388.187775 388.187775 388.187775 307.742767 307.742767 307.742767 309.999420 309.999420 309.999420 305.196198 305.196198 305.196198 305.196198 290.422424 290.422424 290.422424 280.050354 280.050354 280.050354 289.635284 289.635284 289.635284 289.635284 298.348846 298.348846 298.348846 279.708618 279.708618 279.708618 307.662598 307.662598 307.662598 0.000000 0.000000 0.000000 0.000000 0.000000 0.000000 0.000000 412.043274 412.043274 123.612987 412.043274 279.244080 279.244080 279.244080 275.881683 275.881683 275.881683 287.565826 287.565826 287.565826 0.000000 0.000000 0.000000 0.000000 0.000000 0.000000 0.000000 0.000000
388.187775 388.187775 388.187775 307.742767 307.742767 307.742767 309.999420 309.999420 309.999420 305.196198 305.196198 305.196198 305.196198 290.422424 290.422424 290.422424 280.050354 280.050354 280.050354 289.635284 289.635284 289.635284 289.635284 298.348846 298.348846 298.348846 279.708618 279.708618 279.708618 307.662598 307.662598 0.000000 0.000000 0.000000 0.000000 0.000000 0.000000 0.000000 0.000000 123.612987 82.408656 82.408656 412.043274 279.244080 279.244080 279.244080 275.881683 275.881683 275.881683 287.565826 287.565826 287.565826 0.000000 0.000000 0.000000 0.000000 0.000000 0.000000 0.000000 0.000000
388.187775 388.187775 388.187775 307.742767 307.742767 307.742767 309.999420 309.999420 309.999420 305.196198 305.196198 305.196198 305.196198 290.422424 290.422424 290.422424 280.050354 280.050354 280.050354 289.635284 289.635284 289.635284 289.635284 298.348846 298.348846 298.348846 279.708618 279.708618 279.708618 307.662598 307.662598 0.000000 0.000000 0.000000 0.000000 0.000000 0.000000 0.000000 0.000000 206.021637 82.408656 123.612987 412.043274 279.244080 279.244080 279.244080 275.881683 275.881683 275.881683 287.565826 0.000000 0.000000 0.000000 0.000000 0.000000 0.000000 0.000000 0.000000 0.000000 0.000000
323.845978 323.845978 323.845978 300.783295 300.783295 300.783295 287.158661 287.158661 287.158661 278.976410 278.976410 278.976410 278.976410 275.395599 275.395599 275.395599 274.041107 274.041107 274.041107 284.721405 284.721405 284.721405 284.721405 273.018250 273.018250 273.018250 268.630585 268.630585 268.630585 0.000000 0.000000 0.000000 0.000000 0.000000 0.000000 0.000000 0.000000 0.000000 0.000000 0.000000 0.000000 0.000000 0.000000 0.000000 0.000000 0.000000 0.000000 0.000000 0.000000 0.000000 0.000000 0.000000 0.000000 0.000000 0.000000 0.000000 0.000000 0.000000 0.000000 0.000000
