Big_Beef/DataInputs30m/o_10_ChemistryPools/SOLUS_HumusN/layer1_humusN_gm2_BigBeef_reduced.asc
ncols        345
nrows        426
xllcorner    508562.338426187926
yllcorner    5265656.272683421150
cellsize     30.000000000000
NODATA_value -9999
[rows 216 to 242 of 426, columns 180 to 239 of 345]
288.039551 288.039551 288.039551 288.915955 288.915955 288.915955 283.734100 283.734100 283.734100 283.734100 331.836792 331.836792 331.836792 286.997833 286.997833 286.997833 266.088348 266.088348 266.088348 266.088348 257.856903 257.856903 257.856903 263.718689 263.718689 79.115610 267.743469 267.743469 267.743469 267.743469 269.775024 269.775024 269.775024 387.715271 387.715271 387.715271 386.701263 386.701263 386.701263 256.224457 256.224457 256.224457 102.489784 240.477951 240.477951 240.477951 234.019577 234.019577 234.019577 225.395325 225.395325 225.395325 225.395325 213.682114 213.682114 213.682114 301.912323 301.912323 301.912323 204.212692
288.039551 288.039551 288.039551 288.915955 288.915955 288.915955 283.734100 283.734100 283.734100 283.734100 331.836792 331.836792 331.836792 286.997833 286.997833 286.997833 266.088348 266.088348 266.088348 266.088348 257.856903 257.856903 257.856903 263.718689 263.718689 263.718689 267.743469 267.743469 267.743469 267.743469 269.775024 269.775024 269.775024 387.715271 387.715271 387.715271 386.701263 386.701263 154.680508 256.224457 256.224457 256.224457 256.224457 96.191182 240.477951 240.477951 234.019577 234.019577 234.019577 225.395325 225.395325 225.395325 225.395325 213.682114 213.682114 213.682114 301.912323 301.912323 301.912323 204.212692
291.024689 291.024689 291.024689 292.717041 292.717041 292.717041 304.628937 304.628937 304.628937 304.628937 286.702148 286.702148 286.702148 387.907349 387.907349 387.907349 292.442017 292.442017 292.442017 292.442017 259.477264 259.477264 259.477264 266.806152 266.806152 266.806152 263.350800 263.350800 263.350800 263.350800 257.301361 257.301361 257.301361 365.044373 365.044373 365.044373 365.318268 365.318268 146.127309 240.003036 240.003036 240.003036 96.001216 92.405684 231.014206 231.014206 323.873749 323.873749 323.873749 227.974976 227.974976 227.974976 227.974976 227.555893 227.555893 227.555893 112.273818 280.684540 280.684540 87.438742
291.024689 291.024689 291.024689 292.717041 292.717041 292.717041 304.628937 304.628937 304.628937 304.628937 286.702148 286.702148 286.702148 387.907349 387.907349 387.907349 292.442017 292.442017 292.442017 292.442017 259.477264 259.477264 259.477264 266.806152 266.806152 266.806152 263.350800 263.350800 263.350800 263.350800 257.301361 257.301361 257.301361 365.044373 365.044373 365.044373 365.318268 365.318268 365.318268 96.001216 240.003036 240.003036 240.003036 92.405684 231.014206 231.014206 323.873749 323.873749 129.549501 227.974976 227.974976 68.392495 227.974976 227.555893 227.555893 227.555893 280.684540 112.273818 84.205365 87.438742
291.024689 291.024689 291.024689 292.717041 292.717041 292.717041 304.628937 304.628937 304.628937 304.628937 286.702148 286.702148 286.702148 387.907349 387.907349 387.907349 292.442017 292.442017 292.442017 292.442017 103.790907 259.477264 259.477264 266.806152 266.806152 266.806152 263.350800 263.350800 263.350800 263.350800 257.301361 257.301361 257.301361 365.044373 365.044373 365.044373 365.318268 365.318268 365.318268 240.003036 240.003036 240.003036 72.000914 92.405684 92.405684 92.405684 323.873749 323.873749 323.873749 227.974976 227.974976 68.392495 45.594996 68.266771 68.266771 227.555893 112.273818 112.273818 84.205365 291.462463
273.074860 273.074860 273.074860 285.409882 285.409882 285.409882 301.235779 301.235779 301.235779 301.235779 284.915558 284.915558 284.915558 365.228760 365.228760 365.228760 310.860931 124.344374 310.860931 310.860931 317.297241 317.297241 317.297241 223.217545 223.217545 223.217545 232.035706 232.035706 232.035706 232.035706 234.792557 234.792557 234.792557 360.252533 144.101015 360.252533 239.970154 239.970154 71.991049 126.714907 316.787262 316.787262 316.787262 93.043345 93.043345 310.144470 205.904282 205.904282 205.904282 310.205078 310.205078 93.061527 310.205078 84.814795 84.814795 113.086391 74.980305 187.450760 187.450760 271.455902
273.074860 273.074860 273.074860 285.409882 285.409882 285.409882 301.235779 301.235779 301.235779 301.235779 284.915558 284.915558 284.915558 365.228760 365.228760 365.228760 310.860931 93.258283 310.860931 310.860931 126.918898 317.297241 317.297241 223.217545 223.217545 223.217545 232.035706 232.035706 232.035706 232.035706 234.792557 234.792557 234.792557 360.252533 108.075764 360.252533 239.970154 239.970154 239.970154 316.787262 316.787262 316.787262 95.036182 93.043345 93.043345 310.144470 205.904282 205.904282 41.180857 310.205078 93.061527 93.061527 310.205078 84.814795 113.086391 282.715973 187.450760 187.450760 187.450760 271.455902
273.074860 273.074860 273.074860 285.409882 285.409882 285.409882 301.235779 301.235779 301.235779 301.235779 284.915558 284.915558 284.915558 365.228760 365.228760 365.228760 310.860931 310.860931 310.860931 310.860931 317.297241 95.189176 317.297241 223.217545 223.217545 223.217545 232.035706 232.035706 232.035706 232.035706 234.792557 234.792557 234.792557 108.075764 360.252533 360.252533 71.991049 239.970154 95.988063 316.787262 316.787262 316.787262 126.714907 124.057790 310.144470 310.144470 205.904282 41.180857 205.904282 310.205078 310.205078 93.061527 93.061527 84.814795 113.086391 282.715973 187.450760 187.450760 187.450760 271.455902
273.074860 273.074860 273.074860 285.409882 285.409882 285.409882 301.235779 301.235779 301.235779 301.235779 284.915558 284.915558 284.915558 365.228760 365.228760 365.228760 124.344374 310.860931 310.860931 310.860931 317.297241 317.297241 317.297241 223.217545 223.217545 89.287019 232.035706 232.035706 232.035706 92.814284 234.792557 70.437770 70.437770 108.075764 108.075764 144.101015 239.970154 239.970154 239.970154 316.787262 316.787262 316.787262 316.787262 124.057790 124.057790 310.144470 205.904282 205.904282 205.904282 124.082033 124.082033 93.061527 124.082033 113.086391 282.715973 282.715973 187.450760 187.450760 187.450760 271.455902
260.372192 260.372192 260.372192 268.452057 268.452057 268.452057 283.873901 283.873901 283.873901 283.873901 346.111084 346.111084 346.111084 234.088455 234.088455 93.635383 92.803824 92.803824 309.346069 309.346069 222.680603 222.680603 89.072243 315.856049 315.856049 94.756818 99.169853 330.566162 99.169853 99.169853 73.387009 73.387009 73.387009 99.585887 99.585887 99.585887 95.813062 127.750747 95.813062 114.511110 286.277771 286.277771 114.511110 117.410610 293.526520 117.410610 79.846125 79.846125 79.846125 199.544174 199.544174 199.544174 79.817671 101.198634 252.996582 252.996582 176.473770 176.473770 176.473770 184.876114
260.372192 260.372192 260.372192 268.452057 268.452057 268.452057 283.873901 283.873901 283.873901 283.873901 138.444436 346.111084 346.111084 234.088455 234.088455 234.088455 309.346069 92.803824 309.346069 309.346069 222.680603 222.680603 222.680603 315.856049 126.342421 126.342421 132.226467 132.226467 99.169853 330.566162 244.623352 97.849342 244.623352 331.952942 99.585887 99.585887 127.750747 127.750747 319.376862 114.511110 114.511110 114.511110 114.511110 117.410610 117.410610 293.526520 199.615311 199.615311 199.615311 199.544174 199.544174 199.544174 199.544174 101.198634 101.198634 101.198634 70.589509 176.473770 176.473770 184.876114
260.372192 260.372192 260.372192 268.452057 268.452057 268.452057 283.873901 283.873901 283.873901 283.873901 346.111084 346.111084 346.111084 234.088455 234.088455 234.088455 92.803824 92.803824 92.803824 92.803824 222.680603 89.072243 89.072243 126.342421 94.756818 94.756818 330.566162 330.566162 99.169853 99.169853 73.387009 244.623352 244.623352 132.781179 132.781179 99.585887 319.376862 319.376862 319.376862 286.277771 286.277771 286.277771 286.277771 293.526520 117.410610 293.526520 199.615311 199.615311 199.615311 199.544174 199.544174 199.544174 199.544174 252.996582 252.996582 101.198634 70.589509 70.589509 176.473770 184.876114
251.424698 251.424698 251.424698 252.062943 252.062943 252.062943 259.590698 259.590698 259.590698 259.590698 252.506088 252.506088 252.506088 238.765427 95.506172 95.506172 71.343171 237.810562 71.343171 71.343171 94.691341 71.018507 236.728348 103.481272 103.481272 103.481272 106.172007 106.172007 141.562673 141.562673 337.523712 337.523712 67.504743 314.264069 94.279224 314.264069 207.963730 83.185493 83.185493 204.858215 204.858215 204.858215 204.858215 209.112320 209.112320 209.112320 284.633057 284.633057 284.633057 199.579697 199.579697 199.579697 199.579697 252.864975 252.864975 252.864975 177.929520 71.171809 71.171809 256.025757
251.424698 251.424698 251.424698 252.062943 252.062943 252.062943 259.590698 259.590698 259.590698 259.590698 252.506088 252.506088 252.506088 95.506172 238.765427 238.765427 237.810562 237.810562 237.810562 95.124226 236.728348 236.728348 94.691341 137.975026 137.975026 344.937561 141.562673 106.172007 106.172007 106.172007 101.257118 101.257118 101.257118 94.279224 125.705629 314.264069 207.963730 207.963730 207.963730 204.858215 204.858215 204.858215 204.858215 209.112320 209.112320 83.644929 284.633057 284.633057 284.633057 199.579697 199.579697 199.579697 199.579697 252.864975 252.864975 252.864975 177.929520 177.929520 71.171809 102.410304
251.424698 251.424698 251.424698 252.062943 252.062943 252.062943 259.590698 259.590698 259.590698 259.590698 252.506088 101.002437 101.002437 95.506172 238.765427 238.765427 95.124226 95.124226 237.810562 237.810562 236.728348 236.728348 236.728348 344.937561 137.975026 344.937561 141.562673 141.562673 353.906677 106.172007 101.257118 101.257118 135.009487 125.705629 314.264069 314.264069 207.963730 207.963730 207.963730 204.858215 204.858215 204.858215 204.858215 209.112320 209.112320 209.112320 284.633057 284.633057 284.633057 199.579697 199.579697 199.579697 199.579697 252.864975 252.864975 252.864975 177.929520 177.929520 177.929520 256.025757
249.391968 249.391968 249.391968 262.248413 262.248413 262.248413 372.798676 372.798676 372.798676 149.119472 149.078310 372.695770 372.695770 252.326187 252.326187 252.326187 256.314850 256.314850 256.314850 256.314850 248.969864 74.690962 248.969864 252.795731 252.795731 101.118294 107.458305 143.277737 358.194336 143.277737 243.462143 243.462143 243.462143 232.231522 232.231522 232.231522 223.014038 223.014038 223.014038 311.374298 311.374298 311.374298 311.374298 201.017929 60.305381 201.017929 204.435852 204.435852 204.435852 192.867065 192.867065 192.867065 192.867065 184.355026 184.355026 184.355026 195.074112 195.074112 195.074112 178.769165
249.391968 249.391968 249.391968 262.248413 262.248413 262.248413 372.798676 111.839607 111.839607 111.839607 111.808736 372.695770 372.695770 252.326187 252.326187 252.326187 256.314850 256.314850 256.314850 256.314850 248.969864 74.690962 248.969864 252.795731 252.795731 101.118294 358.194336 143.277737 358.194336 358.194336 243.462143 243.462143 243.462143 232.231522 232.231522 232.231522 223.014038 223.014038 223.014038 311.374298 311.374298 311.374298 93.412293 201.017929 201.017929 201.017929 204.435852 204.435852 204.435852 77.146827 192.867065 192.867065 192.867065 184.355026 184.355026 184.355026 195.074112 195.074112 195.074112 178.769165
249.391968 249.391968 249.391968 262.248413 104.899367 104.899367 149.119472 111.839607 372.798676 372.798676 372.695770 372.695770 372.695770 252.326187 252.326187 252.326187 256.314850 256.314850 256.314850 256.314850 248.969864 248.969864 248.969864 252.795731 252.795731 252.795731 358.194336 358.194336 358.194336 358.194336 243.462143 243.462143 243.462143 232.231522 232.231522 232.231522 223.014038 223.014038 223.014038 311.374298 311.374298 311.374298 311.374298 201.017929 201.017929 201.017929 204.435852 204.435852 204.435852 192.867065 192.867065 192.867065 192.867065 184.355026 184.355026 184.355026 195.074112 195.074112 195.074112 178.769165
249.391968 99.756789 99.756789 104.899367 262.248413 262.248413 372.798676 372.798676 372.798676 372.798676 372.695770 372.695770 372.695770 252.326187 252.326187 252.326187 256.314850 256.314850 256.314850 256.314850 248.969864 248.969864 248.969864 252.795731 252.795731 252.795731 358.194336 358.194336 358.194336 358.194336 243.462143 243.462143 243.462143 232.231522 232.231522 232.231522 223.014038 223.014038 223.014038 311.374298 311.374298 311.374298 311.374298 201.017929 201.017929 201.017929 204.435852 204.435852 204.435852 192.867065 192.867065 192.867065 192.867065 184.355026 184.355026 184.355026 195.074112 195.074112 195.074112 178.769165
103.626064 259.065155 259.065155 267.900146 267.900146 267.900146 277.943085 277.943085 277.943085 277.943085 267.098663 267.098663 267.098663 264.296722 264.296722 264.296722 245.967361 245.967361 245.967361 245.967361 259.889740 259.889740 259.889740 262.652191 262.652191 262.652191 259.684021 259.684021 259.684021 259.684021 251.767654 251.767654 251.767654 249.672012 249.672012 249.672012 225.961349 225.961349 225.961349 214.917969 214.917969 214.917969 214.917969 220.542557 220.542557 220.542557 202.174698 202.174698 202.174698 267.566162 267.566162 267.566162 267.566162 195.921371 195.921371 195.921371 209.804916 209.804916 209.804916 196.690933
259.065155 259.065155 259.065155 267.900146 267.900146 267.900146 277.943085 277.943085 277.943085 277.943085 267.098663 267.098663 267.098663 264.296722 264.296722 264.296722 245.967361 245.967361 245.967361 245.967361 259.889740 103.955898 259.889740 262.652191 262.652191 262.652191 259.684021 259.684021 259.684021 259.684021 251.767654 251.767654 251.767654 249.672012 249.672012 249.672012 225.961349 225.961349 225.961349 214.917969 214.917969 214.917969 214.917969 220.542557 220.542557 220.542557 202.174698 202.174698 202.174698 267.566162 267.566162 267.566162 267.566162 195.921371 195.921371 195.921371 209.804916 209.804916 209.804916 196.690933
259.065155 259.065155 259.065155 267.900146 267.900146 267.900146 277.943085 277.943085 277.943085 277.943085 267.098663 267.098663 267.098663 264.296722 264.296722 264.296722 245.967361 245.967361 245.967361 245.967361 259.889740 259.889740 259.889740 262.652191 262.652191 262.652191 259.684021 259.684021 259.684021 259.684021 251.767654 251.767654 251.767654 249.672012 249.672012 249.672012 225.961349 225.961349 225.961349 214.917969 214.917969 214.917969 214.917969 220.542557 220.542557 220.542557 202.174698 202.174698 202.174698 267.566162 267.566162 267.566162 267.566162 195.921371 195.921371 195.921371 209.804916 209.804916 209.804916 196.690933
265.632751 265.632751 265.632751 264.794037 264.794037 264.794037 271.628571 271.628571 271.628571 271.628571 287.551910 287.551910 287.551910 280.828766 280.828766 280.828766 277.799988 277.799988 277.799988 277.799988 293.380157 293.380157 293.380157 266.666840 266.666840 266.666840 257.343719 257.343719 257.343719 257.343719 263.346771 263.346771 263.346771 259.634186 259.634186 259.634186 256.922028 256.922028 256.922028 247.348709 247.348709 247.348709 247.348709 233.898880 233.898880 233.898880 309.977783 309.977783 309.977783 288.589111 288.589111 288.589111 288.589111 210.685410 210.685410 210.685410 488.532440 488.532440 488.532440 203.329239
265.632751 265.632751 265.632751 264.794037 264.794037 264.794037 271.628571 271.628571 271.628571 271.628571 287.551910 287.551910 287.551910 280.828766 280.828766 280.828766 277.799988 277.799988 277.799988 277.799988 293.380157 293.380157 293.380157 266.666840 266.666840 266.666840 257.343719 257.343719 257.343719 257.343719 263.346771 263.346771 263.346771 259.634186 259.634186 259.634186 256.922028 256.922028 256.922028 247.348709 247.348709 247.348709 247.348709 233.898880 233.898880 233.898880 309.977783 309.977783 309.977783 288.589111 288.589111 288.589111 288.589111 210.685410 210.685410 210.685410 488.532440 488.532440 488.532440 203.329239
265.632751 265.632751 265.632751 264.794037 264.794037 264.794037 271.628571 271.628571 271.628571 271.628571 287.551910 287.551910 287.551910 280.828766 280.828766 280.828766 277.799988 277.799988 277.799988 277.799988 293.380157 293.380157 293.380157 266.666840 266.666840 266.666840 257.343719 257.343719 257.343719 257.343719 263.346771 263.346771 263.346771 259.634186 259.634186 259.634186 256.922028 256.922028 256.922028 247.348709 247.348709 247.348709 247.348709 233.898880 233.898880 233.898880 309.977783 309.977783 309.977783 288.589111 288.589111 288.589111 288.589111 210.685410 210.685410 210.685410 488.532440 488.532440 488.532440 203.329239
261.448273 261.448273 261.448273 265.124634 265.124634 265.124634 272.853546 272.853546 272.853546 272.853546 268.160492 268.160492 268.160492 284.559601 284.559601 284.559601 301.532715 301.532715 301.532715 301.532715 319.800140 319.800140 319.800140 304.196014 304.196014 304.196014 260.590363 260.590363 260.590363 260.590363 266.196747 266.196747 266.196747 264.489166 264.489166 264.489166 262.013336 262.013336 262.013336 258.938324 258.938324 258.938324 258.938324 250.984085 250.984085 250.984085 237.837967 237.837967 237.837967 224.872864 224.872864 224.872864 224.872864 228.555191 228.555191 228.555191 476.866577 476.866577 476.866577 232.180832
261.448273 261.448273 261.448273 265.124634 265.124634 265.124634 272.853546 272.853546 272.853546 272.853546 268.160492 268.160492 268.160492 284.559601 284.559601 284.559601 301.532715 301.532715 301.532715 301.532715 319.800140 319.800140 319.800140 304.196014 304.196014 304.196014 260.590363 260.590363 260.590363 260.590363 266.196747 266.196747 266.196747 264.489166 264.489166 264.489166 262.013336 262.013336 262.013336 258.938324 258.938324 258.938324 258.938324 250.984085 250.984085 250.984085 237.837967 237.837967 237.837967 224.872864 224.872864 224.872864 224.872864 228.555191 228.555191 228.555191 476.866577 476.866577 476.866577 232.180832
