Big_Beef/DataInputs30m/o_10_ChemistryPools/SOLUS_HumusN/layer1_humusN_gm2_BigBeef.asc
ncols        345
nrows        426
xllcorner    508562.338426187926
yllcorner    5265656.272683421150
cellsize     30.000000000000
NODATA_value -9999
[rows 364 to 391 of 426, columns 0 to 61 of 345]
0 0 0 0 0 0 0 0 0 0 0 0 0 0 0 0 0 0 0 0 0 0 0 0 0 0 0 0 0 0 0 0 0 0 240.9813690185546875 240.9813690185546875 240.9813690185546875 240.4739837646484375 240.4739837646484375 240.4739837646484375 240.9228057861328125 240.9228057861328125 240.9228057861328125 240.9228057861328125 353.0277099609375 353.0277099609375 353.0277099609375 757.47454833984375 757.47454833984375 757.47454833984375 915.58843994140625 915.58843994140625 915.58843994140625 915.58843994140625 328.43927001953125 328.43927001953125 328.43927001953125 573.94134521484375 573.94134521484375 573.94134521484375 441.465545654296875 441.465545654296875
0 0 0 0 0 0 0 0 0 0 0 0 0 0 0 0 0 0 0 0 0 0 0 0 0 0 0 0 0 0 0 0 0 0 240.9813690185546875 240.9813690185546875 240.9813690185546875 240.4739837646484375 240.4739837646484375 240.4739837646484375 240.9228057861328125 240.9228057861328125 240.9228057861328125 240.9228057861328125 353.0277099609375 353.0277099609375 353.0277099609375 757.47454833984375 757.47454833984375 757.47454833984375 915.58843994140625 915.58843994140625 915.58843994140625 915.58843994140625 328.43927001953125 328.43927001953125 328.43927001953125 573.94134521484375 573.94134521484375 573.94134521484375 441.465545654296875 441.465545654296875
0 0 0 0 0 0 0 0 0 0 0 0 0 0 0 0 0 0 0 0 0 0 0 0 0 0 0 0 0 0 0 0 0 0 240.9813690185546875 240.9813690185546875 240.9813690185546875 240.4739837646484375 240.4739837646484375 240.4739837646484375 240.9228057861328125 240.9228057861328125 240.9228057861328125 240.9228057861328125 353.0277099609375 353.0277099609375 353.0277099609375 757.47454833984375 757.47454833984375 757.47454833984375 915.58843994140625 915.58843994140625 915.58843994140625 915.58843994140625 328.43927001953125 328.43927001953125 328.43927001953125 573.94134521484375 573.94134521484375 573.94134521484375 441.465545654296875 441.465545654296875
0 0 0 0 0 0 0 0 0 0 0 0 0 0 0 0 0 0 0 0 0 0 0 0 0 0 0 357.841217041015625 357.841217041015625 357.841217041015625 244.96038818359375 244.96038818359375 244.96038818359375 244.96038818359375 237.4172210693359375 237.4172210693359375 237.4172210693359375 235.50518798828125 235.50518798828125 235.50518798828125 238.9719696044921875 238.9719696044921875 238.9719696044921875 238.9719696044921875 354.76422119140625 354.76422119140625 354.76422119140625 630.48553466796875 630.48553466796875 630.48553466796875 916.85015869140625 916.85015869140625 916.85015869140625 916.85015869140625 513.81396484375 513.81396484375 513.81396484375 599.37310791015625 599.37310791015625 599.37310791015625 578.44659423828125 578.44659423828125
0 0 0 0 0 0 0 0 0 0 0 0 0 0 0 0 0 0 0 0 0 0 0 0 0 0 0 357.841217041015625 357.841217041015625 357.841217041015625 244.96038818359375 244.96038818359375 244.96038818359375 244.96038818359375 237.4172210693359375 237.4172210693359375 237.4172210693359375 235.50518798828125 235.50518798828125 235.50518798828125 238.9719696044921875 238.9719696044921875 238.9719696044921875 238.9719696044921875 354.76422119140625 354.76422119140625 354.76422119140625 630.48553466796875 630.48553466796875 630.48553466796875 916.85015869140625 916.85015869140625 916.85015869140625 916.85015869140625 513.81396484375 513.81396484375 513.81396484375 599.37310791015625 599.37310791015625 599.37310791015625 578.44659423828125 578.44659423828125
0 0 0 0 0 0 0 0 0 0 0 0 0 0 0 0 0 0 0 0 0 0 0 0 0 0 0 357.841217041015625 357.841217041015625 357.841217041015625 244.96038818359375 244.96038818359375 244.96038818359375 244.96038818359375 237.4172210693359375 237.4172210693359375 237.4172210693359375 235.50518798828125 235.50518798828125 235.50518798828125 238.9719696044921875 238.9719696044921875 238.9719696044921875 238.9719696044921875 354.76422119140625 354.76422119140625 354.76422119140625 630.48553466796875 630.48553466796875 630.48553466796875 916.85015869140625 916.85015869140625 916.85015869140625 916.85015869140625 513.81396484375 513.81396484375 513.81396484375 599.37310791015625 599.37310791015625 599.37310791015625 578.44659423828125 578.44659423828125
0 0 0 0 0 0 0 0 0 0 0 0 0 0 0 0 0 0 0 0 0 0 0 0 0 0 0 357.841217041015625 357.841217041015625 357.841217041015625 244.96038818359375 244.96038818359375 244.96038818359375 244.96038818359375 237.4172210693359375 237.4172210693359375 237.4172210693359375 235.50518798828125 235.50518798828125 235.50518798828125 238.9719696044921875 238.9719696044921875 238.9719696044921875 238.9719696044921875 354.76422119140625 354.76422119140625 354.76422119140625 630.48553466796875 630.48553466796875 630.48553466796875 916.85015869140625 916.85015869140625 916.85015869140625 916.85015869140625 513.81396484375 513.81396484375 513.81396484375 599.37310791015625 599.37310791015625 599.37310791015625 578.44659423828125 578.44659423828125
0 0 0 0 0 0 0 0 0 0 0 0 0 0 0 0 0 0 0 0 0 0 0 0 517.04833984375 517.04833984375 517.04833984375 348.612548828125 348.612548828125 348.612548828125 248.62469482421875 248.62469482421875 248.62469482421875 248.62469482421875 257.245635986328125 257.245635986328125 257.245635986328125 241.4134674072265625 241.4134674072265625 241.4134674072265625 240.0591583251953125 240.0591583251953125 240.0591583251953125 240.0591583251953125 247.4840087890625 247.4840087890625 247.4840087890625 279.973724365234375 279.973724365234375 279.973724365234375 908.955810546875 908.955810546875 908.955810546875 908.955810546875 401.014556884765625 401.014556884765625 401.014556884765625 884.02520751953125 884.02520751953125 884.02520751953125 566.995361328125 566.995361328125
0 0 0 0 0 0 0 0 0 0 0 0 0 0 0 0 0 0 0 0 0 0 0 0 517.04833984375 517.04833984375 517.04833984375 348.612548828125 348.612548828125 348.612548828125 248.62469482421875 248.62469482421875 248.62469482421875 248.62469482421875 257.245635986328125 257.245635986328125 257.245635986328125 241.4134674072265625 241.4134674072265625 241.4134674072265625 240.0591583251953125 240.0591583251953125 240.0591583251953125 240.0591583251953125 247.4840087890625 247.4840087890625 247.4840087890625 279.973724365234375 279.973724365234375 279.973724365234375 908.955810546875 908.955810546875 908.955810546875 908.955810546875 401.014556884765625 401.014556884765625 401.014556884765625 884.02520751953125 884.02520751953125 884.02520751953125 566.995361328125 566.995361328125
0 0 0 0 0 0 0 0 0 0 0 0 0 0 0 0 0 0 0 0 0 0 0 0 517.04833984375 517.04833984375 517.04833984375 348.612548828125 348.612548828125 348.612548828125 248.62469482421875 248.62469482421875 248.62469482421875 248.62469482421875 257.245635986328125 257.245635986328125 257.245635986328125 241.4134674072265625 241.4134674072265625 241.4134674072265625 240.0591583251953125 240.0591583251953125 240.0591583251953125 240.0591583251953125 247.4840087890625 247.4840087890625 247.4840087890625 279.973724365234375 279.973724365234375 279.973724365234375 908.955810546875 908.955810546875 908.955810546875 908.955810546875 401.014556884765625 401.014556884765625 401.014556884765625 884.02520751953125 884.02520751953125 884.02520751953125 566.995361328125 566.995361328125
0 0 0 0 0 0 0 0 0 0 0 0 0 0 0 0 0 0 0 0 264.06884765625 264.06884765625 264.06884765625 264.06884765625 596.23553466796875 596.23553466796875 596.23553466796875 363.831329345703125 363.831329345703125 363.831329345703125 248.0601959228515625 248.0601959228515625 248.0601959228515625 248.0601959228515625 363.258941650390625 363.258941650390625 363.258941650390625 241.25213623046875 241.25213623046875 241.25213623046875 237.1885528564453125 237.1885528564453125 237.1885528564453125 237.1885528564453125 244.8768463134765625 244.8768463134765625 244.8768463134765625 265.518585205078125 265.518585205078125 265.518585205078125 773.10577392578125 773.10577392578125 773.10577392578125 773.10577392578125 556.77001953125 556.77001953125 556.77001953125 754.74945068359375 754.74945068359375 754.74945068359375 329.82550048828125 329.82550048828125
0 0 0 0 0 0 0 0 0 0 0 0 0 0 0 0 0 0 0 0 264.06884765625 264.06884765625 264.06884765625 264.06884765625 596.23553466796875 596.23553466796875 596.23553466796875 363.831329345703125 363.831329345703125 363.831329345703125 248.0601959228515625 248.0601959228515625 248.0601959228515625 248.0601959228515625 363.258941650390625 363.258941650390625 363.258941650390625 241.25213623046875 241.25213623046875 241.25213623046875 237.1885528564453125 237.1885528564453125 237.1885528564453125 237.1885528564453125 244.8768463134765625 244.8768463134765625 244.8768463134765625 265.518585205078125 265.518585205078125 265.518585205078125 773.10577392578125 773.10577392578125 773.10577392578125 773.10577392578125 556.77001953125 556.77001953125 556.77001953125 754.74945068359375 754.74945068359375 754.74945068359375 329.82550048828125 329.82550048828125
0 0 0 0 0 0 0 0 0 0 0 0 0 0 0 0 0 0 0 0 264.06884765625 264.06884765625 264.06884765625 264.06884765625 596.23553466796875 596.23553466796875 596.23553466796875 363.831329345703125 363.831329345703125 363.831329345703125 248.0601959228515625 248.0601959228515625 248.0601959228515625 248.0601959228515625 363.258941650390625 363.258941650390625 363.258941650390625 241.25213623046875 241.25213623046875 241.25213623046875 237.1885528564453125 237.1885528564453125 237.1885528564453125 237.1885528564453125 244.8768463134765625 244.8768463134765625 244.8768463134765625 265.518585205078125 265.518585205078125 265.518585205078125 773.10577392578125 773.10577392578125 773.10577392578125 773.10577392578125 556.77001953125 556.77001953125 556.77001953125 754.74945068359375 754.74945068359375 754.74945068359375 329.82550048828125 329.82550048828125
0 0 0 0 0 0 0 0 0 0 0 0 0 0 0 0 0 0 0 0 0 0 0 0 603.22998046875 603.22998046875 603.22998046875 532.4476318359375 532.4476318359375 532.4476318359375 244.0516510009765625 244.0516510009765625 244.0516510009765625 244.0516510009765625 232.9220123291015625 232.9220123291015625 232.9220123291015625 331.938995361328125 331.938995361328125 331.938995361328125 232.1688079833984375 232.1688079833984375 232.1688079833984375 232.1688079833984375 245.4943389892578125 245.4943389892578125 245.4943389892578125 402.53717041015625 402.53717041015625 402.53717041015625 797.60516357421875 797.60516357421875 797.60516357421875 797.60516357421875 381.574859619140625 381.574859619140625 381.574859619140625 747.662353515625 747.662353515625 747.662353515625 401.052978515625 401.052978515625
0 0 0 0 0 0 0 0 0 0 0 0 0 0 0 0 0 0 0 0 0 0 0 0 603.22998046875 603.22998046875 603.22998046875 532.4476318359375 532.4476318359375 532.4476318359375 244.0516510009765625 244.0516510009765625 244.0516510009765625 244.0516510009765625 232.9220123291015625 232.9220123291015625 232.9220123291015625 331.938995361328125 331.938995361328125 331.938995361328125 232.1688079833984375 232.1688079833984375 232.1688079833984375 232.1688079833984375 245.4943389892578125 245.4943389892578125 245.4943389892578125 402.53717041015625 402.53717041015625 402.53717041015625 797.60516357421875 797.60516357421875 797.60516357421875 797.60516357421875 381.574859619140625 381.574859619140625 381.574859619140625 747.662353515625 747.662353515625 747.662353515625 401.052978515625 401.052978515625
0 0 0 0 0 0 0 0 0 0 0 0 0 0 0 0 0 0 0 0 0 0 0 0 603.22998046875 603.22998046875 603.22998046875 532.4476318359375 532.4476318359375 532.4476318359375 244.0516510009765625 244.0516510009765625 244.0516510009765625 244.0516510009765625 232.9220123291015625 232.9220123291015625 232.9220123291015625 331.938995361328125 331.938995361328125 331.938995361328125 232.1688079833984375 232.1688079833984375 232.1688079833984375 232.1688079833984375 245.4943389892578125 245.4943389892578125 245.4943389892578125 402.53717041015625 402.53717041015625 402.53717041015625 797.60516357421875 797.60516357421875 797.60516357421875 797.60516357421875 381.574859619140625 381.574859619140625 381.574859619140625 747.662353515625 747.662353515625 747.662353515625 401.052978515625 401.052978515625
0 0 0 0 0 0 0 0 0 0 0 0 0 0 0 0 0 0 0 0 0 0 0 0 603.22998046875 603.22998046875 603.22998046875 532.4476318359375 532.4476318359375 532.4476318359375 244.0516510009765625 244.0516510009765625 244.0516510009765625 244.0516510009765625 232.9220123291015625 232.9220123291015625 232.9220123291015625 331.938995361328125 331.938995361328125 331.938995361328125 232.1688079833984375 232.1688079833984375 232.1688079833984375 232.1688079833984375 245.4943389892578125 245.4943389892578125 245.4943389892578125 402.53717041015625 402.53717041015625 402.53717041015625 797.60516357421875 797.60516357421875 797.60516357421875 797.60516357421875 381.574859619140625 381.574859619140625 381.574859619140625 747.662353515625 747.662353515625 747.662353515625 401.052978515625 401.052978515625
0 0 0 0 0 0 0 0 0 0 0 0 0 0 0 0 0 0 0 0 0 0 0 0 0 0 0 272.018096923828125 272.018096923828125 272.018096923828125 254.9827880859375 254.9827880859375 254.9827880859375 254.9827880859375 250.1379241943359375 250.1379241943359375 250.1379241943359375 331.83331298828125 331.83331298828125 331.83331298828125 229.4442901611328125 229.4442901611328125 229.4442901611328125 229.4442901611328125 265.221282958984375 265.221282958984375 265.221282958984375 708.66845703125 708.66845703125 708.66845703125 915.67852783203125 915.67852783203125 915.67852783203125 915.67852783203125 385.638702392578125 385.638702392578125 385.638702392578125 414.903350830078125 414.903350830078125 414.903350830078125 893.704345703125 893.704345703125
0 0 0 0 0 0 0 0 0 0 0 0 0 0 0 0 0 0 0 0 0 0 0 0 0 0 0 272.018096923828125 272.018096923828125 272.018096923828125 254.9827880859375 254.9827880859375 254.9827880859375 254.9827880859375 250.1379241943359375 250.1379241943359375 250.1379241943359375 331.83331298828125 331.83331298828125 331.83331298828125 229.4442901611328125 229.4442901611328125 229.4442901611328125 229.4442901611328125 265.221282958984375 265.221282958984375 265.221282958984375 708.66845703125 708.66845703125 708.66845703125 915.67852783203125 915.67852783203125 915.67852783203125 915.67852783203125 385.638702392578125 385.638702392578125 385.638702392578125 414.903350830078125 414.903350830078125 414.903350830078125 893.704345703125 893.704345703125
0 0 0 0 0 0 0 0 0 0 0 0 0 0 0 0 0 0 0 0 0 0 0 0 0 0 0 272.018096923828125 272.018096923828125 272.018096923828125 254.9827880859375 254.9827880859375 254.9827880859375 254.9827880859375 250.1379241943359375 250.1379241943359375 250.1379241943359375 331.83331298828125 331.83331298828125 331.83331298828125 229.4442901611328125 229.4442901611328125 229.4442901611328125 229.4442901611328125 265.221282958984375 265.221282958984375 265.221282958984375 708.66845703125 708.66845703125 708.66845703125 915.67852783203125 915.67852783203125 915.67852783203125 915.67852783203125 385.638702392578125 385.638702392578125 385.638702392578125 414.903350830078125 414.903350830078125 414.903350830078125 893.704345703125 893.704345703125
0 0 0 0 0 0 0 0 0 0 0 0 0 0 0 0 0 0 0 0 0 0 0 0 0 0 0 280.221649169921875 280.221649169921875 280.221649169921875 280.170928955078125 280.170928955078125 280.170928955078125 280.170928955078125 433.372344970703125 433.372344970703125 433.372344970703125 283.743011474609375 283.743011474609375 283.743011474609375 230.4882659912109375 230.4882659912109375 230.4882659912109375 230.4882659912109375 336.43310546875 336.43310546875 336.43310546875 631.26812744140625 631.26812744140625 631.26812744140625 428.165283203125 428.165283203125 428.165283203125 428.165283203125 393.9385986328125 393.9385986328125 393.9385986328125 331.445159912109375 331.445159912109375 331.445159912109375 669.71478271484375 669.71478271484375
0 0 0 0 0 0 0 0 0 0 0 0 0 0 0 0 0 0 0 0 0 0 0 0 0 0 0 280.221649169921875 280.221649169921875 280.221649169921875 280.170928955078125 280.170928955078125 280.170928955078125 280.170928955078125 433.372344970703125 433.372344970703125 433.372344970703125 283.743011474609375 283.743011474609375 283.743011474609375 230.4882659912109375 230.4882659912109375 230.4882659912109375 230.4882659912109375 336.43310546875 336.43310546875 336.43310546875 631.26812744140625 631.26812744140625 631.26812744140625 428.165283203125 428.165283203125 428.165283203125 428.165283203125 393.9385986328125 393.9385986328125 393.9385986328125 331.445159912109375 331.445159912109375 331.445159912109375 669.71478271484375 669.71478271484375
0 0 0 0 0 0 0 0 0 0 0 0 0 0 0 0 0 0 0 0 0 0 0 0 0 0 0 280.221649169921875 280.221649169921875 280.221649169921875 280.170928955078125 280.170928955078125 280.170928955078125 280.170928955078125 433.372344970703125 433.372344970703125 433.372344970703125 283.743011474609375 283.743011474609375 283.743011474609375 230.4882659912109375 230.4882659912109375 230.4882659912109375 230.4882659912109375 336.43310546875 336.43310546875 336.43310546875 631.26812744140625 631.26812744140625 631.26812744140625 428.165283203125 428.165283203125 428.165283203125 428.165283203125 393.9385986328125 393.9385986328125 393.9385986328125 331.445159912109375 331.445159912109375 331.445159912109375 669.71478271484375 669.71478271484375
0 0 0 0 0 0 0 0 0 0 0 0 0 0 0 0 0 0 0 0 0 0 0 0 0 0 0 296.012603759765625 296.012603759765625 296.012603759765625 294.417388916015625 294.417388916015625 294.417388916015625 294.417388916015625 285.044952392578125 285.044952392578125 285.044952392578125 269.7265625 269.7265625 269.7265625 244.7787322998046875 244.7787322998046875 244.7787322998046875 244.7787322998046875 359.8131103515625 359.8131103515625 359.8131103515625 318.528839111328125 318.528839111328125 318.528839111328125 406.8824462890625 406.8824462890625 406.8824462890625 406.8824462890625 880.17303466796875 880.17303466796875 880.17303466796875 328.930999755859375 328.930999755859375 328.930999755859375 321.55316162109375 321.55316162109375
0 0 0 0 0 0 0 0 0 0 0 0 0 0 0 0 0 0 0 0 0 0 0 0 0 0 0 296.012603759765625 296.012603759765625 296.012603759765625 294.417388916015625 294.417388916015625 294.417388916015625 294.417388916015625 285.044952392578125 285.044952392578125 285.044952392578125 269.7265625 269.7265625 269.7265625 244.7787322998046875 244.7787322998046875 244.7787322998046875 244.7787322998046875 359.8131103515625 359.8131103515625 359.8131103515625 318.528839111328125 318.528839111328125 318.528839111328125 406.8824462890625 406.8824462890625 406.8824462890625 406.8824462890625 880.17303466796875 880.17303466796875 880.17303466796875 328.930999755859375 328.930999755859375 328.930999755859375 321.55316162109375 321.55316162109375
0 0 0 0 0 0 0 0 0 0 0 0 0 0 0 0 0 0 0 0 0 0 0 0 0 0 0 296.012603759765625 296.012603759765625 296.012603759765625 294.417388916015625 294.417388916015625 294.417388916015625 294.417388916015625 285.044952392578125 285.044952392578125 285.044952392578125 269.7265625 269.7265625 269.7265625 244.7787322998046875 244.7787322998046875 244.7787322998046875 244.7787322998046875 359.8131103515625 359.8131103515625 359.8131103515625 318.528839111328125 318.528839111328125 318.528839111328125 406.8824462890625 406.8824462890625 406.8824462890625 406.8824462890625 880.17303466796875 880.17303466796875 880.17303466796875 328.930999755859375 328.930999755859375 328.930999755859375 321.55316162109375 321.55316162109375
0 0 0 0 0 0 0 0 0 0 0 0 0 0 0 0 0 0 0 0 0 0 0 0 0 0 0 296.012603759765625 296.012603759765625 296.012603759765625 294.417388916015625 294.417388916015625 294.417388916015625 294.417388916015625 285.044952392578125 285.044952392578125 285.044952392578125 269.7265625 269.7265625 269.7265625 244.7787322998046875 244.7787322998046875 244.7787322998046875 244.7787322998046875 359.8131103515625 359.8131103515625 359.8131103515625 318.528839111328125 318.528839111328125 318.528839111328125 406.8824462890625 406.8824462890625 406.8824462890625 406.8824462890625 880.17303466796875 880.17303466796875 880.17303466796875 328.930999755859375 328.930999755859375 328.930999755859375 321.55316162109375 321.55316162109375
0 0 0 0 0 0 0 0 0 0 0 0 0 0 0 0 0 0 0 0 0 0 0 0 0 0 0 300.16668701171875 300.16668701171875 300.16668701171875 328.358154296875 328.358154296875 328.358154296875 328.358154296875 327.040740966796875 327.040740966796875 327.040740966796875 290.226531982421875 290.226531982421875 290.226531982421875 386.78045654296875 386.78045654296875 386.78045654296875 386.78045654296875 271.24151611328125 271.24151611328125 271.24151611328125 305.815277099609375 305.815277099609375 305.815277099609375 383.2188720703125 383.2188720703125 383.2188720703125 383.2188720703125 897.41748046875 897.41748046875 897.41748046875 358.498046875 358.498046875 358.498046875 318.217437744140625 318.217437744140625
