Big_Beef/DataInputs30m/o_10_ChemistryPools/SOLUS_HumusN/layer4_humusN_gm2_BigBeef_reduced.asc
ncols        345
nrows        426
xllcorner    508562.338426187926
yllcorner    5265656.272683421150
cellsize     30.000000000000
NODATA_value -9999
[rows 108 to 134 of 426, columns 244 to 304 of 345]
84.861458 84.861458 85.254959 85.254959 85.254959 81.170815 81.170815 24.351245 24.351245 31.763199 105.877327 42.350931 106.451897 106.451897 106.451897 106.392395 106.392395 106.392395 106.392395 106.689537 106.689537 32.006862 39.788700 39.788700 99.471748 26.846108 89.487022 89.487022 89.487022 98.073120 98.073120 29.421937 90.691170 27.207352 90.691170 67.761864 67.761864 67.761864 67.761864 99.693695 29.908110 99.693695 65.926773 65.926773 65.926773 99.671783 29.901536 29.901536 85.619370 85.619370 85.619370 85.619370 19.110926 63.703083 63.703083 82.587898 82.587898 82.587898 109.414955 109.414955 109.414955
83.593857 83.593857 84.046410 84.046410 84.046410 124.799622 37.439888 37.439888 124.799622 80.734810 80.734810 80.734810 78.010719 78.010719 78.010719 75.974800 75.974800 75.974800 75.974800 72.814636 72.814636 72.814636 28.238761 70.596901 70.596901 53.813129 134.532822 53.813129 134.532822 63.777020 63.777020 63.777020 88.051559 35.220624 88.051559 68.933144 68.933144 68.933144 68.933144 14.030477 14.030477 14.030477 65.733673 65.733673 65.733673 58.647190 58.647190 17.594158 86.517601 86.517601 86.517601 86.517601 19.561236 65.204117 65.204117 77.536385 77.536385 77.536385 239.815506 239.815506 239.815506
83.593857 83.593857 84.046410 84.046410 84.046410 124.799622 37.439888 37.439888 124.799622 80.734810 80.734810 80.734810 78.010719 78.010719 78.010719 30.389920 75.974800 75.974800 75.974800 72.814636 72.814636 72.814636 28.238761 70.596901 70.596901 134.532822 134.532822 134.532822 53.813129 63.777020 63.777020 19.133107 26.415469 26.415469 35.220624 68.933144 68.933144 68.933144 68.933144 70.152382 70.152382 70.152382 65.733673 65.733673 65.733673 58.647190 58.647190 58.647190 86.517601 34.607041 86.517601 86.517601 19.561236 65.204117 65.204117 77.536385 77.536385 77.536385 239.815506 239.815506 239.815506
83.593857 83.593857 84.046410 84.046410 84.046410 124.799622 124.799622 124.799622 124.799622 80.734810 80.734810 80.734810 78.010719 78.010719 15.602144 30.389920 75.974800 75.974800 75.974800 72.814636 21.844392 72.814636 28.238761 70.596901 70.596901 53.813129 134.532822 134.532822 134.532822 63.777020 63.777020 63.777020 26.415469 88.051559 88.051559 68.933144 68.933144 68.933144 68.933144 70.152382 70.152382 70.152382 65.733673 65.733673 65.733673 58.647190 58.647190 58.647190 86.517601 86.517601 86.517601 86.517601 19.561236 65.204117 65.204117 77.536385 77.536385 77.536385 239.815506 239.815506 239.815506
91.356224 91.356224 80.225029 80.225029 80.225029 79.971115 79.971115 79.971115 79.971115 42.847947 107.119865 107.119865 76.224297 76.224297 76.224297 77.023857 77.023857 77.023857 77.023857 73.884842 73.884842 73.884842 29.065293 72.663231 72.663231 78.075897 78.075897 78.075897 78.075897 66.701500 66.701500 66.701500 67.496567 67.496567 67.496567 75.443794 75.443794 75.443794 75.443794 73.707573 73.707573 73.707573 61.899502 61.899502 61.899502 67.394371 67.394371 67.394371 71.135620 71.135620 71.135620 71.135620 92.383812 27.715145 92.383812 82.016685 82.016685 82.016685 94.765778 94.765778 94.765778
91.356224 91.356224 80.225029 80.225029 80.225029 31.988447 79.971115 79.971115 79.971115 42.847947 42.847947 42.847947 76.224297 76.224297 76.224297 77.023857 77.023857 77.023857 77.023857 73.884842 73.884842 73.884842 29.065293 72.663231 72.663231 78.075897 78.075897 78.075897 78.075897 66.701500 66.701500 66.701500 67.496567 67.496567 67.496567 75.443794 75.443794 75.443794 75.443794 73.707573 73.707573 73.707573 61.899502 61.899502 61.899502 67.394371 67.394371 67.394371 71.135620 71.135620 71.135620 71.135620 92.383812 27.715145 92.383812 82.016685 82.016685 82.016685 94.765778 94.765778 94.765778
91.356224 91.356224 80.225029 80.225029 80.225029 23.991335 23.991335 23.991335 79.971115 32.135961 42.847947 42.847947 76.224297 76.224297 76.224297 77.023857 77.023857 77.023857 77.023857 73.884842 73.884842 73.884842 29.065293 29.065293 72.663231 78.075897 78.075897 78.075897 78.075897 66.701500 66.701500 66.701500 67.496567 67.496567 67.496567 75.443794 75.443794 75.443794 75.443794 73.707573 73.707573 73.707573 61.899502 61.899502 61.899502 67.394371 67.394371 67.394371 71.135620 71.135620 71.135620 71.135620 92.383812 27.715145 92.383812 82.016685 82.016685 82.016685 94.765778 94.765778 94.765778
84.038757 84.038757 85.088234 34.035294 34.035294 22.211532 22.211532 29.615375 22.211532 80.291824 24.087548 32.116730 74.182472 74.182472 74.182472 109.340729 109.340729 109.340729 109.340729 111.924408 111.924408 111.924408 117.522255 117.522255 47.008903 80.931641 80.931641 80.931641 80.931641 68.092506 68.092506 68.092506 73.283638 73.283638 73.283638 73.580475 73.580475 73.580475 73.580475 76.194473 76.194473 76.194473 71.517769 71.517769 71.517769 68.487938 68.487938 68.487938 77.399559 77.399559 77.399559 77.399559 70.999451 70.999451 28.399781 67.531151 67.531151 67.531151 83.171486 83.171486 83.171486
84.038757 84.038757 25.526471 85.088234 25.526471 22.211532 74.038437 29.615375 22.211532 80.291824 32.116730 80.291824 74.182472 74.182472 74.182472 109.340729 43.736292 43.736292 43.736292 44.769764 44.769764 44.769764 117.522255 47.008903 47.008903 80.931641 80.931641 80.931641 80.931641 68.092506 68.092506 68.092506 73.283638 73.283638 73.283638 73.580475 73.580475 73.580475 73.580475 76.194473 76.194473 76.194473 71.517769 71.517769 71.517769 68.487938 68.487938 68.487938 77.399559 77.399559 77.399559 77.399559 70.999451 70.999451 21.299836 67.531151 67.531151 67.531151 83.171486 83.171486 83.171486
84.038757 84.038757 85.088234 85.088234 85.088234 22.211532 74.038437 74.038437 74.038437 80.291824 80.291824 80.291824 74.182472 29.672989 29.672989 43.736292 43.736292 109.340729 109.340729 44.769764 111.924408 44.769764 47.008903 47.008903 117.522255 80.931641 80.931641 80.931641 80.931641 68.092506 68.092506 68.092506 73.283638 73.283638 73.283638 73.580475 73.580475 73.580475 73.580475 76.194473 76.194473 76.194473 71.517769 71.517769 71.517769 68.487938 68.487938 68.487938 77.399559 77.399559 77.399559 77.399559 70.999451 70.999451 21.299836 67.531151 67.531151 67.531151 83.171486 83.171486 83.171486
84.038757 84.038757 85.088234 85.088234 25.526471 22.211532 22.211532 29.615375 74.038437 80.291824 24.087548 80.291824 74.182472 29.672989 74.182472 109.340729 109.340729 109.340729 109.340729 111.924408 111.924408 111.924408 47.008903 47.008903 117.522255 80.931641 80.931641 80.931641 80.931641 68.092506 68.092506 68.092506 73.283638 73.283638 73.283638 73.580475 73.580475 73.580475 73.580475 76.194473 76.194473 76.194473 71.517769 71.517769 71.517769 68.487938 68.487938 68.487938 77.399559 77.399559 77.399559 77.399559 70.999451 70.999451 21.299836 20.259346 67.531151 67.531151 83.171486 83.171486 83.171486
78.984917 78.984917 83.171623 83.171623 83.171623 22.418480 22.418480 22.418480 22.418480 24.676560 24.676560 24.676560 24.354429 81.181427 81.181427 171.673889 171.673889 171.673889 171.673889 81.816536 81.816536 81.816536 31.726420 31.726420 79.316048 80.754829 80.754829 80.754829 80.754829 77.386169 77.386169 77.386169 72.935715 72.935715 72.935715 76.146080 76.146080 76.146080 76.146080 83.290947 83.290947 83.290947 69.159706 69.159706 69.159706 68.375366 68.375366 68.375366 68.623741 68.623741 68.623741 68.623741 71.664375 71.664375 71.664375 58.071613 145.179031 145.179031 85.578697 85.578697 85.578697
78.984917 78.984917 83.171623 83.171623 24.951488 74.728264 74.728264 74.728264 74.728264 82.255196 82.255196 24.676560 81.181427 81.181427 81.181427 171.673889 171.673889 171.673889 171.673889 81.816536 81.816536 32.726615 31.726420 79.316048 79.316048 80.754829 80.754829 80.754829 80.754829 77.386169 77.386169 77.386169 72.935715 72.935715 72.935715 76.146080 76.146080 76.146080 76.146080 83.290947 83.290947 83.290947 69.159706 69.159706 69.159706 68.375366 68.375366 68.375366 68.623741 68.623741 68.623741 68.623741 71.664375 71.664375 71.664375 58.071613 145.179031 145.179031 85.578697 85.578697 85.578697
78.984917 78.984917 83.171623 83.171623 24.951488 74.728264 74.728264 74.728264 74.728264 82.255196 16.451039 82.255196 81.181427 81.181427 81.181427 171.673889 171.673889 171.673889 171.673889 81.816536 81.816536 32.726615 79.316048 79.316048 79.316048 80.754829 80.754829 80.754829 80.754829 77.386169 77.386169 77.386169 72.935715 72.935715 72.935715 76.146080 76.146080 76.146080 76.146080 83.290947 83.290947 83.290947 69.159706 69.159706 69.159706 68.375366 68.375366 68.375366 68.623741 68.623741 68.623741 68.623741 71.664375 71.664375 71.664375 58.071613 145.179031 145.179031 85.578697 85.578697 85.578697
79.527046 79.527046 80.322632 80.322632 80.322632 75.342400 75.342400 75.342400 15.068480 83.526413 83.526413 83.526413 79.165901 79.165901 79.165901 89.708252 89.708252 89.708252 89.708252 77.366982 30.946793 77.366982 80.935005 80.935005 80.935005 84.258095 84.258095 84.258095 84.258095 80.473106 80.473106 80.473106 74.690300 74.690300 74.690300 81.924011 81.924011 81.924011 81.924011 77.605293 77.605293 77.605293 77.762962 77.762962 77.762962 72.137184 72.137184 72.137184 85.449837 85.449837 85.449837 85.449837 76.394051 76.394051 76.394051 104.309776 41.723911 104.309776 84.437744 84.437744 84.437744
79.527046 79.527046 80.322632 80.322632 80.322632 75.342400 75.342400 75.342400 75.342400 83.526413 83.526413 83.526413 79.165901 79.165901 79.165901 89.708252 89.708252 89.708252 89.708252 77.366982 30.946793 77.366982 80.935005 80.935005 80.935005 84.258095 84.258095 84.258095 84.258095 80.473106 80.473106 80.473106 74.690300 74.690300 74.690300 81.924011 81.924011 81.924011 81.924011 77.605293 77.605293 77.605293 77.762962 77.762962 77.762962 72.137184 72.137184 72.137184 85.449837 85.449837 85.449837 85.449837 76.394051 76.394051 76.394051 104.309776 41.723911 104.309776 84.437744 84.437744 84.437744
79.527046 79.527046 80.322632 80.322632 80.322632 75.342400 75.342400 75.342400 75.342400 83.526413 83.526413 83.526413 79.165901 79.165901 79.165901 89.708252 89.708252 89.708252 89.708252 30.946793 30.946793 77.366982 80.935005 80.935005 80.935005 84.258095 84.258095 84.258095 84.258095 80.473106 80.473106 80.473106 74.690300 74.690300 74.690300 81.924011 81.924011 81.924011 81.924011 77.605293 77.605293 77.605293 77.762962 77.762962 77.762962 72.137184 72.137184 72.137184 85.449837 85.449837 85.449837 85.449837 76.394051 76.394051 76.394051 104.309776 41.723911 104.309776 84.437744 84.437744 84.437744
83.315880 83.315880 84.349792 84.349792 84.349792 85.277496 85.277496 85.277496 85.277496 80.085892 80.085892 80.085892 78.596191 78.596191 78.596191 79.828331 79.828331 79.828331 79.828331 41.847678 104.619194 104.619194 75.476707 75.476707 75.476707 76.852699 76.852699 76.852699 76.852699 68.410118 68.410118 68.410118 76.325966 76.325966 76.325966 76.165672 76.165672 76.165672 76.165672 81.302292 81.302292 81.302292 80.802315 80.802315 80.802315 79.135605 79.135605 79.135605 79.456123 79.456123 79.456123 79.456123 76.810081 76.810081 76.810081 74.185570 29.674228 29.674228 81.340988 81.340988 81.340988
83.315880 83.315880 84.349792 84.349792 84.349792 85.277496 85.277496 85.277496 85.277496 80.085892 80.085892 80.085892 78.596191 78.596191 78.596191 79.828331 79.828331 79.828331 79.828331 41.847678 41.847678 104.619194 75.476707 75.476707 75.476707 76.852699 76.852699 76.852699 76.852699 68.410118 68.410118 68.410118 76.325966 76.325966 76.325966 76.165672 76.165672 76.165672 76.165672 81.302292 81.302292 81.302292 80.802315 80.802315 80.802315 79.135605 79.135605 79.135605 79.456123 79.456123 79.456123 79.456123 76.810081 76.810081 76.810081 74.185570 74.185570 29.674228 81.340988 81.340988 81.340988
83.315880 83.315880 84.349792 84.349792 84.349792 85.277496 85.277496 85.277496 85.277496 80.085892 80.085892 80.085892 78.596191 78.596191 78.596191 79.828331 79.828331 79.828331 31.931333 41.847678 104.619194 104.619194 75.476707 75.476707 75.476707 76.852699 76.852699 76.852699 76.852699 68.410118 68.410118 68.410118 76.325966 76.325966 76.325966 76.165672 76.165672 76.165672 76.165672 81.302292 81.302292 81.302292 80.802315 80.802315 80.802315 79.135605 79.135605 79.135605 79.456123 79.456123 79.456123 79.456123 76.810081 76.810081 76.810081 29.674228 29.674228 29.674228 81.340988 81.340988 81.340988
83.315880 83.315880 84.349792 84.349792 84.349792 85.277496 85.277496 85.277496 85.277496 80.085892 80.085892 80.085892 78.596191 31.438477 78.596191 79.828331 79.828331 31.931333 31.931333 41.847678 104.619194 104.619194 75.476707 75.476707 30.190683 76.852699 76.852699 76.852699 76.852699 68.410118 68.410118 68.410118 76.325966 76.325966 76.325966 76.165672 76.165672 76.165672 76.165672 81.302292 81.302292 81.302292 80.802315 80.802315 80.802315 79.135605 79.135605 79.135605 79.456123 79.456123 79.456123 79.456123 76.810081 76.810081 76.810081 74.185570 74.185570 29.674228 32.536396 81.340988 81.340988
78.569374 78.569374 78.536247 78.536247 78.536247 84.436653 84.436653 84.436653 84.436653 113.191582 113.191582 45.276633 42.630619 42.630619 106.576546 40.486869 40.486869 40.486869 40.486869 106.522179 106.522179 106.522179 107.580284 107.580284 107.580284 68.305542 68.305542 68.305542 68.305542 72.231956 72.231956 72.231956 70.408653 70.408653 70.408653 66.914902 66.914902 66.914902 66.914902 74.568977 74.568977 74.568977 75.767105 75.767105 75.767105 78.958710 78.958710 78.958710 77.197464 77.197464 77.197464 77.197464 81.863548 81.863548 81.863548 79.078201 23.723461 79.078201 118.609367 35.582812 118.609367
78.569374 78.569374 78.536247 78.536247 78.536247 84.436653 84.436653 84.436653 84.436653 45.276633 45.276633 45.276633 106.576546 42.630619 42.630619 101.217171 40.486869 101.217171 101.217171 42.608872 42.608872 106.522179 107.580284 43.032114 107.580284 68.305542 68.305542 68.305542 68.305542 72.231956 72.231956 72.231956 70.408653 70.408653 70.408653 66.914902 66.914902 66.914902 66.914902 74.568977 74.568977 74.568977 75.767105 75.767105 75.767105 78.958710 78.958710 78.958710 77.197464 77.197464 77.197464 77.197464 81.863548 81.863548 81.863548 79.078201 79.078201 79.078201 118.609367 35.582812 118.609367
78.569374 78.569374 78.536247 78.536247 78.536247 84.436653 84.436653 84.436653 33.774662 45.276633 45.276633 45.276633 106.576546 106.576546 42.630619 101.217171 40.486869 101.217171 101.217171 106.522179 42.608872 42.608872 43.032114 107.580284 107.580284 68.305542 68.305542 68.305542 68.305542 72.231956 72.231956 72.231956 70.408653 70.408653 70.408653 66.914902 66.914902 66.914902 66.914902 74.568977 74.568977 74.568977 75.767105 75.767105 75.767105 78.958710 78.958710 78.958710 77.197464 77.197464 77.197464 77.197464 81.863548 81.863548 32.745420 79.078201 79.078201 79.078201 118.609367 35.582812 118.609367
77.016258 77.016258 77.389244 77.389244 77.389244 122.030937 48.812376 48.812376 122.030937 91.504005 91.504005 91.504005 118.340652 118.340652 118.340652 30.023206 30.023206 75.058014 30.023206 75.455727 75.455727 22.636719 43.854813 109.637032 109.637032 75.637367 75.637367 75.637367 75.637367 76.135719 76.135719 76.135719 75.240135 75.240135 75.240135 70.461403 70.461403 70.461403 70.461403 75.245453 75.245453 75.245453 85.134308 85.134308 85.134308 71.620712 71.620712 71.620712 81.057472 81.057472 81.057472 81.057472 80.332596 80.332596 80.332596 98.027092 98.027092 98.027092 117.546021 117.546021 35.263808
77.016258 77.016258 77.389244 77.389244 77.389244 122.030937 48.812376 122.030937 122.030937 91.504005 91.504005 91.504005 118.340652 47.336262 118.340652 30.023206 75.058014 75.058014 75.058014 75.455727 75.455727 30.182291 109.637032 43.854813 109.637032 22.691211 75.637367 75.637367 75.637367 76.135719 76.135719 76.135719 75.240135 75.240135 75.240135 70.461403 70.461403 70.461403 70.461403 75.245453 75.245453 75.245453 85.134308 85.134308 85.134308 71.620712 71.620712 71.620712 81.057472 81.057472 81.057472 81.057472 80.332596 80.332596 80.332596 98.027092 98.027092 98.027092 117.546021 35.263808 35.263808
77.016258 77.016258 77.389244 77.389244 77.389244 122.030937 48.812376 48.812376 122.030937 91.504005 91.504005 91.504005 118.340652 118.340652 118.340652 75.058014 30.023206 30.023206 75.058014 75.455727 75.455727 30.182291 43.854813 109.637032 109.637032 75.637367 75.637367 75.637367 75.637367 76.135719 76.135719 76.135719 75.240135 75.240135 75.240135 70.461403 70.461403 70.461403 70.461403 75.245453 75.245453 75.245453 85.134308 85.134308 85.134308 71.620712 71.620712 71.620712 81.057472 81.057472 81.057472 81.057472 80.332596 32.133039 80.332596 98.027092 98.027092 98.027092 117.546021 117.546021 35.263808
