Big_Beef/DataInputs30m/o_10_ChemistryPools/SOLUS_HumusN/layer4_humusN_gm2_BigBeef.asc
ncols        345
nrows        426
xllcorner    508562.338426187926
yllcorner    5265656.272683421150
cellsize     30.000000000000
NODATA_value -9999
[rows 308 to 335 of 426, columns 0 to 61 of 345]
0 0 0 0 0 0 0 0 0 0 0 0 0 0 0 0 0 0 0 0 0 0 0 0 72.03195953369140625 72.03195953369140625 72.03195953369140625 77.0504302978515625 77.0504302978515625 77.0504302978515625 70.563812255859375 70.563812255859375 70.563812255859375 70.563812255859375 66.70858001708984375 66.70858001708984375 66.70858001708984375 94.21842193603515625 94.21842193603515625 94.21842193603515625 187.6600799560546875 187.6600799560546875 187.6600799560546875 187.6600799560546875 322.263702392578125 322.263702392578125 322.263702392578125 504.665924072265625 504.665924072265625 504.665924072265625 550.71063232421875 550.71063232421875 550.71063232421875 550.71063232421875 574.95867919921875 574.95867919921875 574.95867919921875 354.648681640625 354.648681640625 354.648681640625 214.7423553466796875 214.7423553466796875
0 0 0 0 0 0 0 0 0 0 0 0 0 0 0 0 0 0 0 0 0 0 0 0 72.03195953369140625 72.03195953369140625 72.03195953369140625 77.0504302978515625 77.0504302978515625 77.0504302978515625 70.563812255859375 70.563812255859375 70.563812255859375 70.563812255859375 66.70858001708984375 66.70858001708984375 66.70858001708984375 94.21842193603515625 94.21842193603515625 94.21842193603515625 187.6600799560546875 187.6600799560546875 187.6600799560546875 187.6600799560546875 322.263702392578125 322.263702392578125 322.263702392578125 504.665924072265625 504.665924072265625 504.665924072265625 550.71063232421875 550.71063232421875 550.71063232421875 550.71063232421875 574.95867919921875 574.95867919921875 574.95867919921875 354.648681640625 354.648681640625 354.648681640625 214.7423553466796875 214.7423553466796875
0 0 0 0 0 0 0 0 0 0 0 0 0 0 0 0 0 0 0 0 0 0 0 0 72.03195953369140625 72.03195953369140625 72.03195953369140625 77.0504302978515625 77.0504302978515625 77.0504302978515625 70.563812255859375 70.563812255859375 70.563812255859375 70.563812255859375 66.70858001708984375 66.70858001708984375 66.70858001708984375 94.21842193603515625 94.21842193603515625 94.21842193603515625 187.6600799560546875 187.6600799560546875 187.6600799560546875 187.6600799560546875 322.263702392578125 322.263702392578125 322.263702392578125 504.665924072265625 504.665924072265625 504.665924072265625 550.71063232421875 550.71063232421875 550.71063232421875 550.71063232421875 574.95867919921875 574.95867919921875 574.95867919921875 354.648681640625 354.648681640625 354.648681640625 214.7423553466796875 214.7423553466796875
0 0 0 0 0 0 0 0 0 0 0 0 0 0 0 0 0 0 0 0 0 0 0 0 90.29306793212890625 90.29306793212890625 90.29306793212890625 67.45145416259765625 67.45145416259765625 67.45145416259765625 87.04366302490234375 87.04366302490234375 87.04366302490234375 87.04366302490234375 66.7987060546875 66.7987060546875 66.7987060546875 142.1764678955078125 142.1764678955078125 142.1764678955078125 327.601470947265625 327.601470947265625 327.601470947265625 327.601470947265625 495.292022705078125 495.292022705078125 495.292022705078125 563.75506591796875 563.75506591796875 563.75506591796875 531.71929931640625 531.71929931640625 531.71929931640625 531.71929931640625 456.677032470703125 456.677032470703125 456.677032470703125 298.126678466796875 298.126678466796875 298.126678466796875 173.9586181640625 173.9586181640625
0 0 0 0 0 0 0 0 0 0 0 0 0 0 0 0 0 0 0 0 0 0 0 0 90.29306793212890625 90.29306793212890625 90.29306793212890625 67.45145416259765625 67.45145416259765625 67.45145416259765625 87.04366302490234375 87.04366302490234375 87.04366302490234375 87.04366302490234375 66.7987060546875 66.7987060546875 66.7987060546875 142.1764678955078125 142.1764678955078125 142.1764678955078125 327.601470947265625 327.601470947265625 327.601470947265625 327.601470947265625 495.292022705078125 495.292022705078125 495.292022705078125 563.75506591796875 563.75506591796875 563.75506591796875 531.71929931640625 531.71929931640625 531.71929931640625 531.71929931640625 456.677032470703125 456.677032470703125 456.677032470703125 298.126678466796875 298.126678466796875 298.126678466796875 173.9586181640625 173.9586181640625
0 0 0 0 0 0 0 0 0 0 0 0 0 0 0 0 0 0 0 0 0 0 0 0 90.29306793212890625 90.29306793212890625 90.29306793212890625 67.45145416259765625 67.45145416259765625 67.45145416259765625 87.04366302490234375 87.04366302490234375 87.04366302490234375 87.04366302490234375 66.7987060546875 66.7987060546875 66.7987060546875 142.1764678955078125 142.1764678955078125 142.1764678955078125 327.601470947265625 327.601470947265625 327.601470947265625 327.601470947265625 495.292022705078125 495.292022705078125 495.292022705078125 563.75506591796875 563.75506591796875 563.75506591796875 531.71929931640625 531.71929931640625 531.71929931640625 531.71929931640625 456.677032470703125 456.677032470703125 456.677032470703125 298.126678466796875 298.126678466796875 298.126678466796875 173.9586181640625 173.9586181640625
0 0 0 0 0 0 0 0 0 0 0 0 0 0 0 0 0 0 0 0 0 0 0 0 89.05348968505859375 89.05348968505859375 89.05348968505859375 91.00670623779296875 91.00670623779296875 91.00670623779296875 65.61701202392578125 65.61701202392578125 65.61701202392578125 65.61701202392578125 71.86193084716796875 71.86193084716796875 71.86193084716796875 257.792022705078125 257.792022705078125 257.792022705078125 413.421234130859375 413.421234130859375 413.421234130859375 413.421234130859375 516.94451904296875 516.94451904296875 516.94451904296875 247.2284088134765625 247.2284088134765625 247.2284088134765625 478.463592529296875 478.463592529296875 478.463592529296875 478.463592529296875 500.772796630859375 500.772796630859375 500.772796630859375 371.830780029296875 371.830780029296875 371.830780029296875 214.1475372314453125 214.1475372314453125
0 0 0 0 0 0 0 0 0 0 0 0 0 0 0 0 0 0 0 0 0 0 0 0 89.05348968505859375 89.05348968505859375 89.05348968505859375 91.00670623779296875 91.00670623779296875 91.00670623779296875 65.61701202392578125 65.61701202392578125 65.61701202392578125 65.61701202392578125 71.86193084716796875 71.86193084716796875 71.86193084716796875 257.792022705078125 257.792022705078125 257.792022705078125 413.421234130859375 413.421234130859375 413.421234130859375 413.421234130859375 516.94451904296875 516.94451904296875 516.94451904296875 247.2284088134765625 247.2284088134765625 247.2284088134765625 478.463592529296875 478.463592529296875 478.463592529296875 478.463592529296875 500.772796630859375 500.772796630859375 500.772796630859375 371.830780029296875 371.830780029296875 371.830780029296875 214.1475372314453125 214.1475372314453125
0 0 0 0 0 0 0 0 0 0 0 0 0 0 0 0 0 0 0 0 0 0 0 0 89.05348968505859375 89.05348968505859375 89.05348968505859375 91.00670623779296875 91.00670623779296875 91.00670623779296875 65.61701202392578125 65.61701202392578125 65.61701202392578125 65.61701202392578125 71.86193084716796875 71.86193084716796875 71.86193084716796875 257.792022705078125 257.792022705078125 257.792022705078125 413.421234130859375 413.421234130859375 413.421234130859375 413.421234130859375 516.94451904296875 516.94451904296875 516.94451904296875 247.2284088134765625 247.2284088134765625 247.2284088134765625 478.463592529296875 478.463592529296875 478.463592529296875 478.463592529296875 500.772796630859375 500.772796630859375 500.772796630859375 371.830780029296875 371.830780029296875 371.830780029296875 214.1475372314453125 214.1475372314453125
0 0 0 0 0 0 0 0 0 0 0 0 0 0 0 0 0 0 0 0 0 0 0 0 89.05348968505859375 89.05348968505859375 89.05348968505859375 91.00670623779296875 91.00670623779296875 91.00670623779296875 65.61701202392578125 65.61701202392578125 65.61701202392578125 65.61701202392578125 71.86193084716796875 71.86193084716796875 71.86193084716796875 257.792022705078125 257.792022705078125 257.792022705078125 413.421234130859375 413.421234130859375 413.421234130859375 413.421234130859375 516.94451904296875 516.94451904296875 516.94451904296875 247.2284088134765625 247.2284088134765625 247.2284088134765625 478.463592529296875 478.463592529296875 478.463592529296875 478.463592529296875 500.772796630859375 500.772796630859375 500.772796630859375 371.830780029296875 371.830780029296875 371.830780029296875 214.1475372314453125 214.1475372314453125
0 0 0 0 0 0 0 0 0 0 0 0 0 0 0 0 0 0 0 0 0 0 0 0 73.77216339111328125 73.77216339111328125 73.77216339111328125 102.384246826171875 102.384246826171875 102.384246826171875 63.162769317626953125 63.162769317626953125 63.162769317626953125 63.162769317626953125 126.82292938232421875 126.82292938232421875 126.82292938232421875 365.690216064453125 365.690216064453125 365.690216064453125 493.749847412109375 493.749847412109375 493.749847412109375 493.749847412109375 547.0548095703125 547.0548095703125 547.0548095703125 471.57958984375 471.57958984375 471.57958984375 398.497100830078125 398.497100830078125 398.497100830078125 398.497100830078125 480.397796630859375 480.397796630859375 480.397796630859375 417.48193359375 417.48193359375 417.48193359375 246.9411773681640625 246.9411773681640625
0 0 0 0 0 0 0 0 0 0 0 0 0 0 0 0 0 0 0 0 0 0 0 0 73.77216339111328125 73.77216339111328125 73.77216339111328125 102.384246826171875 102.384246826171875 102.384246826171875 63.162769317626953125 63.162769317626953125 63.162769317626953125 63.162769317626953125 126.82292938232421875 126.82292938232421875 126.82292938232421875 365.690216064453125 365.690216064453125 365.690216064453125 493.749847412109375 493.749847412109375 493.749847412109375 493.749847412109375 547.0548095703125 547.0548095703125 547.0548095703125 471.57958984375 471.57958984375 471.57958984375 398.497100830078125 398.497100830078125 398.497100830078125 398.497100830078125 480.397796630859375 480.397796630859375 480.397796630859375 417.48193359375 417.48193359375 417.48193359375 246.9411773681640625 246.9411773681640625
0 0 0 0 0 0 0 0 0 0 0 0 0 0 0 0 0 0 0 0 0 0 0 0 73.77216339111328125 73.77216339111328125 73.77216339111328125 102.384246826171875 102.384246826171875 102.384246826171875 63.162769317626953125 63.162769317626953125 63.162769317626953125 63.162769317626953125 126.82292938232421875 126.82292938232421875 126.82292938232421875 365.690216064453125 365.690216064453125 365.690216064453125 493.749847412109375 493.749847412109375 493.749847412109375 493.749847412109375 547.0548095703125 547.0548095703125 547.0548095703125 471.57958984375 471.57958984375 471.57958984375 398.497100830078125 398.497100830078125 398.497100830078125 398.497100830078125 480.397796630859375 480.397796630859375 480.397796630859375 417.48193359375 417.48193359375 417.48193359375 246.9411773681640625 246.9411773681640625
0 0 0 0 0 0 0 0 0 0 0 0 0 0 0 0 0 0 0 0 0 0 0 0 0 0 0 91.029754638671875 91.029754638671875 91.029754638671875 75.8749237060546875 75.8749237060546875 75.8749237060546875 75.8749237060546875 247.7756805419921875 247.7756805419921875 247.7756805419921875 477.086151123046875 477.086151123046875 477.086151123046875 504.123931884765625 504.123931884765625 504.123931884765625 504.123931884765625 429.6197509765625 429.6197509765625 429.6197509765625 169.1591033935546875 169.1591033935546875 169.1591033935546875 237.8890228271484375 237.8890228271484375 237.8890228271484375 237.8890228271484375 273.223236083984375 273.223236083984375 273.223236083984375 323.920867919921875 323.920867919921875 323.920867919921875 170.689453125 170.689453125
0 0 0 0 0 0 0 0 0 0 0 0 0 0 0 0 0 0 0 0 0 0 0 0 0 0 0 91.029754638671875 91.029754638671875 91.029754638671875 75.8749237060546875 75.8749237060546875 75.8749237060546875 75.8749237060546875 247.7756805419921875 247.7756805419921875 247.7756805419921875 477.086151123046875 477.086151123046875 477.086151123046875 504.123931884765625 504.123931884765625 504.123931884765625 504.123931884765625 429.6197509765625 429.6197509765625 429.6197509765625 169.1591033935546875 169.1591033935546875 169.1591033935546875 237.8890228271484375 237.8890228271484375 237.8890228271484375 237.8890228271484375 273.223236083984375 273.223236083984375 273.223236083984375 323.920867919921875 323.920867919921875 323.920867919921875 170.689453125 170.689453125
0 0 0 0 0 0 0 0 0 0 0 0 0 0 0 0 0 0 0 0 0 0 0 0 0 0 0 91.029754638671875 91.029754638671875 91.029754638671875 75.8749237060546875 75.8749237060546875 75.8749237060546875 75.8749237060546875 247.7756805419921875 247.7756805419921875 247.7756805419921875 477.086151123046875 477.086151123046875 477.086151123046875 504.123931884765625 504.123931884765625 504.123931884765625 504.123931884765625 429.6197509765625 429.6197509765625 429.6197509765625 169.1591033935546875 169.1591033935546875 169.1591033935546875 237.8890228271484375 237.8890228271484375 237.8890228271484375 237.8890228271484375 273.223236083984375 273.223236083984375 273.223236083984375 323.920867919921875 323.920867919921875 323.920867919921875 170.689453125 170.689453125
0 0 0 0 0 0 0 0 0 0 0 0 0 0 0 0 0 0 0 0 0 0 0 0 0 0 0 66.65102386474609375 66.65102386474609375 66.65102386474609375 154.8826141357421875 154.8826141357421875 154.8826141357421875 154.8826141357421875 400.514007568359375 400.514007568359375 400.514007568359375 367.462554931640625 367.462554931640625 367.462554931640625 489.983428955078125 489.983428955078125 489.983428955078125 489.983428955078125 185.45684814453125 185.45684814453125 185.45684814453125 162.86712646484375 162.86712646484375 162.86712646484375 64.6974639892578125 64.6974639892578125 64.6974639892578125 64.6974639892578125 70.15782928466796875 70.15782928466796875 70.15782928466796875 261.987335205078125 261.987335205078125 261.987335205078125 113.22624969482421875 113.22624969482421875
0 0 0 0 0 0 0 0 0 0 0 0 0 0 0 0 0 0 0 0 0 0 0 0 0 0 0 66.65102386474609375 66.65102386474609375 66.65102386474609375 154.8826141357421875 154.8826141357421875 154.8826141357421875 154.8826141357421875 400.514007568359375 400.514007568359375 400.514007568359375 367.462554931640625 367.462554931640625 367.462554931640625 489.983428955078125 489.983428955078125 489.983428955078125 489.983428955078125 185.45684814453125 185.45684814453125 185.45684814453125 162.86712646484375 162.86712646484375 162.86712646484375 64.6974639892578125 64.6974639892578125 64.6974639892578125 64.6974639892578125 70.15782928466796875 70.15782928466796875 70.15782928466796875 261.987335205078125 261.987335205078125 261.987335205078125 113.22624969482421875 113.22624969482421875
0 0 0 0 0 0 0 0 0 0 0 0 0 0 0 0 0 0 0 0 0 0 0 0 0 0 0 66.65102386474609375 66.65102386474609375 66.65102386474609375 154.8826141357421875 154.8826141357421875 154.8826141357421875 154.8826141357421875 400.514007568359375 400.514007568359375 400.514007568359375 367.462554931640625 367.462554931640625 367.462554931640625 489.983428955078125 489.983428955078125 489.983428955078125 489.983428955078125 185.45684814453125 185.45684814453125 185.45684814453125 162.86712646484375 162.86712646484375 162.86712646484375 64.6974639892578125 64.6974639892578125 64.6974639892578125 64.6974639892578125 70.15782928466796875 70.15782928466796875 70.15782928466796875 261.987335205078125 261.987335205078125 261.987335205078125 113.22624969482421875 113.22624969482421875
0 0 0 0 0 0 0 0 0 0 0 0 0 0 0 0 0 0 0 0 0 0 0 0 0 0 0 66.65102386474609375 66.65102386474609375 66.65102386474609375 154.8826141357421875 154.8826141357421875 154.8826141357421875 154.8826141357421875 400.514007568359375 400.514007568359375 400.514007568359375 367.462554931640625 367.462554931640625 367.462554931640625 489.983428955078125 489.983428955078125 489.983428955078125 489.983428955078125 185.45684814453125 185.45684814453125 185.45684814453125 162.86712646484375 162.86712646484375 162.86712646484375 64.6974639892578125 64.6974639892578125 64.6974639892578125 64.6974639892578125 70.15782928466796875 70.15782928466796875 70.15782928466796875 261.987335205078125 261.987335205078125 261.987335205078125 113.22624969482421875 113.22624969482421875
0 0 0 0 0 0 0 0 0 0 0 0 0 0 0 0 0 0 0 0 0 0 0 0 68.33092498779296875 68.33092498779296875 68.33092498779296875 71.8943939208984375 71.8943939208984375 71.8943939208984375 279.302947998046875 279.302947998046875 279.302947998046875 279.302947998046875 441.2191162109375 441.2191162109375 441.2191162109375 531.23822021484375 531.23822021484375 531.23822021484375 478.127655029296875 478.127655029296875 478.127655029296875 478.127655029296875 167.0371246337890625 167.0371246337890625 167.0371246337890625 82.85852813720703125 82.85852813720703125 82.85852813720703125 61.1011962890625 61.1011962890625 61.1011962890625 61.1011962890625 59.867122650146484375 59.867122650146484375 59.867122650146484375 236.7984771728515625 236.7984771728515625 236.7984771728515625 105.474609375 105.474609375
0 0 0 0 0 0 0 0 0 0 0 0 0 0 0 0 0 0 0 0 0 0 0 0 68.33092498779296875 68.33092498779296875 68.33092498779296875 71.8943939208984375 71.8943939208984375 71.8943939208984375 279.302947998046875 279.302947998046875 279.302947998046875 279.302947998046875 441.2191162109375 441.2191162109375 441.2191162109375 531.23822021484375 531.23822021484375 531.23822021484375 478.127655029296875 478.127655029296875 478.127655029296875 478.127655029296875 167.0371246337890625 167.0371246337890625 167.0371246337890625 82.85852813720703125 82.85852813720703125 82.85852813720703125 61.1011962890625 61.1011962890625 61.1011962890625 61.1011962890625 59.867122650146484375 59.867122650146484375 59.867122650146484375 236.7984771728515625 236.7984771728515625 236.7984771728515625 105.474609375 105.474609375
0 0 0 0 0 0 0 0 0 0 0 0 0 0 0 0 0 0 0 0 0 0 0 0 68.33092498779296875 68.33092498779296875 68.33092498779296875 71.8943939208984375 71.8943939208984375 71.8943939208984375 279.302947998046875 279.302947998046875 279.302947998046875 279.302947998046875 441.2191162109375 441.2191162109375 441.2191162109375 531.23822021484375 531.23822021484375 531.23822021484375 478.127655029296875 478.127655029296875 478.127655029296875 478.127655029296875 167.0371246337890625 167.0371246337890625 167.0371246337890625 82.85852813720703125 82.85852813720703125 82.85852813720703125 61.1011962890625 61.1011962890625 61.1011962890625 61.1011962890625 59.867122650146484375 59.867122650146484375 59.867122650146484375 236.7984771728515625 236.7984771728515625 236.7984771728515625 105.474609375 105.474609375
0 0 0 0 0 0 0 0 0 0 0 0 0 0 0 0 0 0 0 0 0 0 0 0 59.460529327392578125 59.460529327392578125 59.460529327392578125 98.45255279541015625 98.45255279541015625 98.45255279541015625 309.97015380859375 309.97015380859375 309.97015380859375 309.97015380859375 291.067230224609375 291.067230224609375 291.067230224609375 211.8047332763671875 211.8047332763671875 211.8047332763671875 207.7861785888671875 207.7861785888671875 207.7861785888671875 207.7861785888671875 303.046234130859375 303.046234130859375 303.046234130859375 94.11673736572265625 94.11673736572265625 94.11673736572265625 52.54534912109375 52.54534912109375 52.54534912109375 52.54534912109375 71.57753753662109375 71.57753753662109375 71.57753753662109375 221.1987762451171875 221.1987762451171875 221.1987762451171875 87.058135986328125 87.058135986328125
0 0 0 0 0 0 0 0 0 0 0 0 0 0 0 0 0 0 0 0 0 0 0 0 59.460529327392578125 59.460529327392578125 59.460529327392578125 98.45255279541015625 98.45255279541015625 98.45255279541015625 309.97015380859375 309.97015380859375 309.97015380859375 309.97015380859375 291.067230224609375 291.067230224609375 291.067230224609375 211.8047332763671875 211.8047332763671875 211.8047332763671875 207.7861785888671875 207.7861785888671875 207.7861785888671875 207.7861785888671875 303.046234130859375 303.046234130859375 303.046234130859375 94.11673736572265625 94.11673736572265625 94.11673736572265625 52.54534912109375 52.54534912109375 52.54534912109375 52.54534912109375 71.57753753662109375 71.57753753662109375 71.57753753662109375 221.1987762451171875 221.1987762451171875 221.1987762451171875 87.058135986328125 87.058135986328125
0 0 0 0 0 0 0 0 0 0 0 0 0 0 0 0 0 0 0 0 0 0 0 0 59.460529327392578125 59.460529327392578125 59.460529327392578125 98.45255279541015625 98.45255279541015625 98.45255279541015625 309.97015380859375 309.97015380859375 309.97015380859375 309.97015380859375 291.067230224609375 291.067230224609375 291.067230224609375 211.8047332763671875 211.8047332763671875 211.8047332763671875 207.7861785888671875 207.7861785888671875 207.7861785888671875 207.7861785888671875 303.046234130859375 303.046234130859375 303.046234130859375 94.11673736572265625 94.11673736572265625 94.11673736572265625 52.54534912109375 52.54534912109375 52.54534912109375 52.54534912109375 71.57753753662109375 71.57753753662109375 71.57753753662109375 221.1987762451171875 221.1987762451171875 221.1987762451171875 87.058135986328125 87.058135986328125
0 0 0 0 0 0 0 0 0 0 0 0 0 0 0 0 0 0 0 0 0 0 0 0 64.39249420166015625 64.39249420166015625 64.39249420166015625 75.45282745361328125 75.45282745361328125 75.45282745361328125 101.11284637451171875 101.11284637451171875 101.11284637451171875 101.11284637451171875 133.4626617431640625 133.4626617431640625 133.4626617431640625 90.48996734619140625 90.48996734619140625 90.48996734619140625 145.0258026123046875 145.0258026123046875 145.0258026123046875 145.0258026123046875 332.034271240234375 332.034271240234375 332.034271240234375 120.37357330322265625 120.37357330322265625 120.37357330322265625 91.5452423095703125 91.5452423095703125 91.5452423095703125 91.5452423095703125 78.05937957763671875 78.05937957763671875 78.05937957763671875 243.0584716796875 243.0584716796875 243.0584716796875 80.1995391845703125 80.1995391845703125
0 0 0 0 0 0 0 0 0 0 0 0 0 0 0 0 0 0 0 0 0 0 0 0 64.39249420166015625 64.39249420166015625 64.39249420166015625 75.45282745361328125 75.45282745361328125 75.45282745361328125 101.11284637451171875 101.11284637451171875 101.11284637451171875 101.11284637451171875 133.4626617431640625 133.4626617431640625 133.4626617431640625 90.48996734619140625 90.48996734619140625 90.48996734619140625 145.0258026123046875 145.0258026123046875 145.0258026123046875 145.0258026123046875 332.034271240234375 332.034271240234375 332.034271240234375 120.37357330322265625 120.37357330322265625 120.37357330322265625 91.5452423095703125 91.5452423095703125 91.5452423095703125 91.5452423095703125 78.05937957763671875 78.05937957763671875 78.05937957763671875 243.0584716796875 243.0584716796875 243.0584716796875 80.1995391845703125 80.1995391845703125
