Big_Beef/DataInputs30m/o_10_ChemistryPools/SOLUS_HumusN/layer4_humusN_gm2_BigBeef_reduced.asc
ncols        345
nrows        426
xllcorner    508562.338426187926
yllcorner    5265656.272683421150
cellsize     30.000000000000
NODATA_value -9999
[rows 351 to 377 of 426, columns 0 to 60 of 345]
0.000000 0.000000 0.000000 0.000000 0.000000 0.000000 0.000000 0.000000 0.000000 0.000000 0.000000 0.000000 0.000000 0.000000 0.000000 0.000000 0.000000 0.000000 0.000000 0.000000 26.101413 26.101413 26.101413 26.101413 17.672760 17.672760 17.672760 27.025128 27.025128 27.025128 27.591500 27.591500 91.971664 91.971664 59.885025 59.885025 59.885025 54.238834 54.238834 54.238834 86.963142 26.088944 26.088944 34.785257 27.713849 92.379494 92.379494 274.481628 274.481628 274.481628 258.015808 258.015808 103.206325 103.206325 116.766235 116.766235 116.766235 333.284637 333.284637 333.284637 250.164749
0.000000 0.000000 0.000000 0.000000 0.000000 0.000000 0.000000 0.000000 0.000000 0.000000 0.000000 0.000000 0.000000 0.000000 0.000000 0.000000 0.000000 0.000000 0.000000 0.000000 65.253532 65.253532 65.253532 65.253532 58.909199 58.909199 58.909199 27.025128 27.025128 36.033503 91.971664 36.788666 91.971664 91.971664 59.885025 59.885025 59.885025 54.238834 54.238834 54.238834 86.963142 26.088944 86.963142 34.785257 92.379494 92.379494 92.379494 274.481628 274.481628 274.481628 258.015808 258.015808 258.015808 103.206325 116.766235 116.766235 116.766235 333.284637 333.284637 333.284637 250.164749
0.000000 0.000000 0.000000 0.000000 0.000000 0.000000 0.000000 0.000000 0.000000 0.000000 0.000000 0.000000 0.000000 0.000000 0.000000 0.000000 0.000000 0.000000 0.000000 0.000000 65.253532 65.253532 65.253532 65.253532 58.909199 58.909199 58.909199 27.025128 27.025128 90.083755 91.971664 91.971664 27.591500 27.591500 59.885025 17.965508 17.965508 54.238834 54.238834 54.238834 26.088944 86.963142 86.963142 86.963142 36.951798 92.379494 92.379494 274.481628 274.481628 274.481628 258.015808 258.015808 258.015808 103.206325 116.766235 116.766235 46.706495 99.985395 333.284637 333.284637 250.164749
0.000000 0.000000 0.000000 0.000000 0.000000 0.000000 0.000000 0.000000 0.000000 0.000000 0.000000 0.000000 0.000000 0.000000 0.000000 0.000000 0.000000 0.000000 0.000000 0.000000 0.000000 0.000000 0.000000 0.000000 36.146500 90.366249 90.366249 17.228485 25.842729 86.142426 60.047161 60.047161 18.014149 18.014149 17.411071 58.036900 58.036900 82.408058 82.408058 82.408058 28.244848 94.149490 94.149490 37.659797 34.968702 26.226527 87.421753 323.082245 323.082245 323.082245 334.460083 334.460083 334.460083 133.784035 181.489105 181.489105 54.446734 243.401230 243.401230 243.401230 94.543831
0.000000 0.000000 0.000000 0.000000 0.000000 0.000000 0.000000 0.000000 0.000000 0.000000 0.000000 0.000000 0.000000 0.000000 0.000000 0.000000 0.000000 0.000000 0.000000 0.000000 0.000000 0.000000 0.000000 0.000000 27.109876 27.109876 27.109876 17.228485 25.842729 34.456971 60.047161 60.047161 60.047161 12.009432 58.036900 58.036900 58.036900 24.722418 24.722418 24.722418 94.149490 28.244848 28.244848 28.244848 87.421753 17.484351 87.421753 323.082245 323.082245 323.082245 334.460083 334.460083 100.338029 100.338029 72.595643 54.446734 54.446734 73.020372 243.401230 243.401230 94.543831
0.000000 0.000000 0.000000 0.000000 0.000000 0.000000 0.000000 0.000000 0.000000 0.000000 0.000000 0.000000 0.000000 0.000000 0.000000 0.000000 0.000000 0.000000 0.000000 0.000000 0.000000 0.000000 0.000000 0.000000 90.366249 27.109876 18.073250 25.842729 25.842729 34.456971 60.047161 24.018865 60.047161 24.018865 58.036900 17.411071 17.411071 24.722418 82.408058 82.408058 94.149490 28.244848 28.244848 28.244848 26.226527 26.226527 26.226527 96.924677 323.082245 323.082245 334.460083 334.460083 100.338029 100.338029 54.446734 72.595643 72.595643 243.401230 243.401230 243.401230 94.543831
0.000000 0.000000 0.000000 0.000000 0.000000 0.000000 0.000000 0.000000 0.000000 0.000000 0.000000 0.000000 0.000000 0.000000 0.000000 0.000000 0.000000 0.000000 0.000000 0.000000 0.000000 0.000000 0.000000 0.000000 0.000000 0.000000 0.000000 35.124341 26.343257 35.124341 58.094543 58.094543 23.237818 58.094543 54.218964 16.265690 16.265690 84.116005 84.116005 84.116005 61.802319 18.540696 18.540696 18.540696 33.530659 111.768860 111.768860 336.269928 336.269928 336.269928 377.014008 377.014008 113.104207 113.104207 78.418445 104.557924 104.557924 210.904984 84.361995 210.904984 84.985283
0.000000 0.000000 0.000000 0.000000 0.000000 0.000000 0.000000 0.000000 0.000000 0.000000 0.000000 0.000000 0.000000 0.000000 0.000000 0.000000 0.000000 0.000000 0.000000 0.000000 0.000000 0.000000 0.000000 0.000000 0.000000 0.000000 0.000000 35.124341 35.124341 87.810852 58.094543 58.094543 58.094543 58.094543 54.218964 54.218964 54.218964 84.116005 25.234802 25.234802 61.802319 61.802319 61.802319 18.540696 33.530659 111.768860 111.768860 336.269928 336.269928 336.269928 377.014008 377.014008 113.104207 113.104207 261.394806 261.394806 104.557924 210.904984 210.904984 210.904984 84.985283
0.000000 0.000000 0.000000 0.000000 0.000000 0.000000 0.000000 0.000000 0.000000 0.000000 0.000000 0.000000 0.000000 0.000000 0.000000 0.000000 0.000000 0.000000 0.000000 0.000000 0.000000 0.000000 0.000000 0.000000 0.000000 0.000000 0.000000 87.810852 26.343257 87.810852 58.094543 17.428364 58.094543 58.094543 54.218964 16.265690 16.265690 25.234802 25.234802 84.116005 61.802319 61.802319 61.802319 12.360464 33.530659 111.768860 111.768860 336.269928 336.269928 336.269928 377.014008 377.014008 377.014008 113.104207 78.418445 261.394806 261.394806 84.361995 210.904984 210.904984 84.985283
0.000000 0.000000 0.000000 0.000000 0.000000 0.000000 0.000000 0.000000 0.000000 0.000000 0.000000 0.000000 0.000000 0.000000 0.000000 0.000000 0.000000 0.000000 0.000000 0.000000 0.000000 0.000000 0.000000 0.000000 0.000000 0.000000 0.000000 35.124341 0.000000 0.000000 0.000000 17.428364 58.094543 17.428364 16.265690 16.265690 16.265690 25.234802 25.234802 84.116005 61.802319 61.802319 61.802319 12.360464 22.353772 33.530659 111.768860 336.269928 336.269928 336.269928 377.014008 377.014008 377.014008 377.014008 261.394806 261.394806 52.278962 63.271498 84.361995 210.904984 84.985283
0.000000 0.000000 0.000000 0.000000 0.000000 0.000000 0.000000 0.000000 0.000000 0.000000 0.000000 0.000000 0.000000 0.000000 0.000000 0.000000 0.000000 0.000000 0.000000 0.000000 0.000000 0.000000 0.000000 0.000000 0.000000 0.000000 0.000000 0.000000 0.000000 0.000000 0.000000 0.000000 0.000000 0.000000 17.208311 57.361034 57.361034 52.728943 52.728943 52.728943 65.276276 65.276276 65.276276 19.582883 33.897422 33.897422 112.991402 307.322174 307.322174 307.322174 374.227325 374.227325 374.227325 374.227325 150.521957 150.521957 45.156589 218.405701 65.521713 218.405701 104.614059
0.000000 0.000000 0.000000 0.000000 0.000000 0.000000 0.000000 0.000000 0.000000 0.000000 0.000000 0.000000 0.000000 0.000000 0.000000 0.000000 0.000000 0.000000 0.000000 0.000000 0.000000 0.000000 0.000000 0.000000 0.000000 0.000000 0.000000 0.000000 0.000000 0.000000 0.000000 0.000000 0.000000 0.000000 57.361034 57.361034 57.361034 52.728943 52.728943 52.728943 65.276276 65.276276 26.110511 19.582883 33.897422 112.991402 112.991402 307.322174 307.322174 307.322174 374.227325 374.227325 374.227325 374.227325 150.521957 150.521957 45.156589 218.405701 218.405701 65.521713 31.384219
0.000000 0.000000 0.000000 0.000000 0.000000 0.000000 0.000000 0.000000 0.000000 0.000000 0.000000 0.000000 0.000000 0.000000 0.000000 0.000000 0.000000 0.000000 0.000000 0.000000 0.000000 0.000000 0.000000 0.000000 0.000000 0.000000 0.000000 0.000000 0.000000 0.000000 0.000000 0.000000 0.000000 0.000000 57.361034 57.361034 57.361034 52.728943 52.728943 52.728943 65.276276 65.276276 26.110511 19.582883 33.897422 112.991402 112.991402 307.322174 307.322174 307.322174 374.227325 374.227325 374.227325 374.227325 150.521957 150.521957 150.521957 218.405701 65.521713 43.681141 31.384219
0.000000 0.000000 0.000000 0.000000 0.000000 0.000000 0.000000 0.000000 0.000000 0.000000 0.000000 0.000000 0.000000 0.000000 0.000000 0.000000 0.000000 0.000000 0.000000 0.000000 0.000000 0.000000 0.000000 0.000000 0.000000 0.000000 0.000000 0.000000 0.000000 0.000000 0.000000 0.000000 0.000000 0.000000 59.519444 59.519444 59.519444 54.291935 54.291935 54.291935 59.270767 59.270767 59.270767 59.270767 41.116559 41.116559 102.791397 238.799545 238.799545 238.799545 322.988007 322.988007 322.988007 322.988007 146.492294 146.492294 146.492294 221.145813 221.145813 221.145813 115.117851
0.000000 0.000000 0.000000 0.000000 0.000000 0.000000 0.000000 0.000000 0.000000 0.000000 0.000000 0.000000 0.000000 0.000000 0.000000 0.000000 0.000000 0.000000 0.000000 0.000000 0.000000 0.000000 0.000000 0.000000 0.000000 0.000000 0.000000 0.000000 0.000000 0.000000 0.000000 0.000000 0.000000 0.000000 59.519444 59.519444 59.519444 54.291935 54.291935 54.291935 59.270767 59.270767 59.270767 59.270767 41.116559 102.791397 102.791397 238.799545 238.799545 238.799545 322.988007 322.988007 322.988007 322.988007 146.492294 146.492294 146.492294 221.145813 221.145813 221.145813 115.117851
0.000000 0.000000 0.000000 0.000000 0.000000 0.000000 0.000000 0.000000 0.000000 0.000000 0.000000 0.000000 0.000000 0.000000 0.000000 0.000000 0.000000 0.000000 0.000000 0.000000 0.000000 0.000000 0.000000 0.000000 0.000000 0.000000 0.000000 0.000000 0.000000 0.000000 0.000000 0.000000 0.000000 0.000000 59.519444 59.519444 59.519444 54.291935 54.291935 54.291935 59.270767 59.270767 23.708307 59.270767 30.837420 102.791397 102.791397 238.799545 238.799545 238.799545 322.988007 322.988007 322.988007 322.988007 146.492294 146.492294 146.492294 221.145813 221.145813 221.145813 115.117851
0.000000 0.000000 0.000000 0.000000 0.000000 0.000000 0.000000 0.000000 0.000000 0.000000 0.000000 0.000000 0.000000 0.000000 0.000000 0.000000 0.000000 0.000000 0.000000 0.000000 0.000000 0.000000 0.000000 0.000000 0.000000 0.000000 0.000000 0.000000 0.000000 0.000000 67.466820 67.466820 67.466820 67.466820 61.882198 61.882198 61.882198 58.195507 58.195507 58.195507 59.202236 59.202236 59.202236 59.202236 30.471548 30.471548 101.571823 179.429672 179.429672 179.429672 304.149323 304.149323 304.149323 304.149323 187.248749 187.248749 187.248749 265.408661 265.408661 265.408661 155.124207
0.000000 0.000000 0.000000 0.000000 0.000000 0.000000 0.000000 0.000000 0.000000 0.000000 0.000000 0.000000 0.000000 0.000000 0.000000 0.000000 0.000000 0.000000 0.000000 0.000000 0.000000 0.000000 0.000000 0.000000 0.000000 0.000000 0.000000 0.000000 0.000000 0.000000 67.466820 67.466820 67.466820 67.466820 61.882198 61.882198 61.882198 58.195507 58.195507 58.195507 59.202236 59.202236 59.202236 23.680895 30.471548 30.471548 20.314365 179.429672 179.429672 179.429672 304.149323 304.149323 304.149323 304.149323 37.449750 187.248749 187.248749 265.408661 265.408661 265.408661 155.124207
0.000000 0.000000 0.000000 0.000000 0.000000 0.000000 0.000000 0.000000 0.000000 0.000000 0.000000 0.000000 0.000000 0.000000 0.000000 0.000000 0.000000 0.000000 0.000000 0.000000 0.000000 0.000000 0.000000 0.000000 0.000000 0.000000 0.000000 0.000000 0.000000 0.000000 67.466820 67.466820 67.466820 67.466820 61.882198 61.882198 61.882198 58.195507 58.195507 58.195507 59.202236 59.202236 59.202236 23.680895 101.571823 20.314365 30.471548 179.429672 179.429672 179.429672 304.149323 304.149323 304.149323 304.149323 56.174627 187.248749 187.248749 265.408661 265.408661 265.408661 155.124207
0.000000 0.000000 0.000000 0.000000 0.000000 0.000000 0.000000 0.000000 0.000000 0.000000 0.000000 0.000000 0.000000 0.000000 0.000000 0.000000 0.000000 0.000000 0.000000 0.000000 0.000000 0.000000 0.000000 0.000000 0.000000 0.000000 0.000000 0.000000 0.000000 0.000000 67.466820 67.466820 67.466820 67.466820 61.882198 61.882198 61.882198 58.195507 58.195507 58.195507 59.202236 59.202236 59.202236 59.202236 30.471548 30.471548 30.471548 179.429672 179.429672 179.429672 304.149323 304.149323 304.149323 304.149323 187.248749 187.248749 187.248749 265.408661 265.408661 265.408661 155.124207
0.000000 0.000000 0.000000 0.000000 0.000000 0.000000 0.000000 0.000000 0.000000 0.000000 0.000000 0.000000 0.000000 0.000000 0.000000 0.000000 0.000000 0.000000 0.000000 0.000000 0.000000 0.000000 0.000000 0.000000 0.000000 0.000000 0.000000 95.200226 38.080091 38.080091 65.654556 65.654556 65.654556 65.654556 69.723793 69.723793 69.723793 63.213970 63.213970 63.213970 59.073513 17.722055 17.722055 59.073513 62.048840 18.614653 62.048840 78.310577 78.310577 78.310577 366.409393 366.409393 366.409393 366.409393 142.989960 142.989960 142.989960 334.738983 334.738983 334.738983 182.231094
0.000000 0.000000 0.000000 0.000000 0.000000 0.000000 0.000000 0.000000 0.000000 0.000000 0.000000 0.000000 0.000000 0.000000 0.000000 0.000000 0.000000 0.000000 0.000000 0.000000 0.000000 0.000000 0.000000 0.000000 0.000000 0.000000 0.000000 95.200226 38.080091 95.200226 65.654556 65.654556 65.654556 65.654556 69.723793 69.723793 27.889518 63.213970 63.213970 25.285588 59.073513 59.073513 59.073513 59.073513 62.048840 24.819536 62.048840 78.310577 78.310577 78.310577 366.409393 366.409393 366.409393 366.409393 142.989960 57.195985 57.195985 133.895595 334.738983 334.738983 72.892439
0.000000 0.000000 0.000000 0.000000 0.000000 0.000000 0.000000 0.000000 0.000000 0.000000 0.000000 0.000000 0.000000 0.000000 0.000000 0.000000 0.000000 0.000000 0.000000 0.000000 0.000000 0.000000 0.000000 0.000000 0.000000 0.000000 0.000000 95.200226 95.200226 38.080091 65.654556 65.654556 26.261823 65.654556 69.723793 69.723793 69.723793 63.213970 63.213970 63.213970 59.073513 59.073513 59.073513 23.629406 62.048840 62.048840 24.819536 78.310577 78.310577 78.310577 366.409393 366.409393 366.409393 366.409393 142.989960 57.195985 142.989960 133.895595 133.895595 133.895595 72.892439
0.000000 0.000000 0.000000 0.000000 0.000000 0.000000 0.000000 0.000000 0.000000 0.000000 0.000000 0.000000 0.000000 0.000000 0.000000 0.000000 0.000000 0.000000 0.000000 0.000000 0.000000 0.000000 0.000000 0.000000 156.739853 156.739853 156.739853 108.849617 43.539847 43.539847 67.464317 67.464317 67.464317 67.464317 96.594246 96.594246 96.594246 63.747791 19.124338 19.124338 63.294979 63.294979 63.294979 25.317992 68.090454 68.090454 27.236182 31.699195 79.247986 79.247986 353.018677 353.018677 353.018677 353.018677 236.968521 236.968521 236.968521 139.901027 139.901027 349.752563 134.207169
0.000000 0.000000 0.000000 0.000000 0.000000 0.000000 0.000000 0.000000 0.000000 0.000000 0.000000 0.000000 0.000000 0.000000 0.000000 0.000000 0.000000 0.000000 0.000000 0.000000 0.000000 0.000000 0.000000 0.000000 156.739853 156.739853 156.739853 108.849617 43.539847 108.849617 67.464317 67.464317 67.464317 67.464317 28.978275 38.637699 96.594246 63.747791 63.747791 63.747791 63.294979 63.294979 63.294979 63.294979 68.090454 68.090454 68.090454 23.774397 79.247986 79.247986 353.018677 353.018677 353.018677 353.018677 94.787410 236.968521 236.968521 349.752563 349.752563 349.752563 134.207169
0.000000 0.000000 0.000000 0.000000 0.000000 0.000000 0.000000 0.000000 0.000000 0.000000 0.000000 0.000000 0.000000 0.000000 0.000000 0.000000 0.000000 0.000000 0.000000 0.000000 0.000000 0.000000 0.000000 0.000000 156.739853 156.739853 156.739853 108.849617 43.539847 108.849617 67.464317 67.464317 67.464317 26.985727 96.594246 96.594246 96.594246 63.747791 63.747791 63.747791 63.294979 63.294979 63.294979 63.294979 68.090454 68.090454 68.090454 79.247986 79.247986 79.247986 353.018677 353.018677 353.018677 353.018677 236.968521 236.968521 236.968521 349.752563 349.752563 349.752563 134.207169
0.000000 0.000000 0.000000 0.000000 0.000000 0.000000 0.000000 0.000000 0.000000 0.000000 0.000000 0.000000 0.000000 0.000000 0.000000 0.000000 0.000000 0.000000 0.000000 0.000000 0.000000 0.000000 0.000000 0.000000 0.000000 0.000000 0.000000 145.054428 43.516330 43.516330 66.560951 66.560951 66.560951 66.560951 66.208221 66.208221 66.208221 86.828743 86.828743 86.828743 66.459053 66.459053 66.459053 66.459053 69.953102 69.953102 27.981241 128.451431 128.451431 128.451431 345.656586 345.656586 345.656586 345.656586 168.334732 168.334732 168.334732 355.733154 355.733154 355.733154 123.763039
